42.0 0.0818106312 0.5948717949 0.15697674420000002 0.3025641026
35.0 0.1785714286 0.7884615385 0.0299003322 0.1564102564
45.0 0.2238372093 0.7871794872000001 0.0473421926 0.056410256400000004
21.0 0.2794850498 0.7871794872000001 0.0406976744 0.21025641020000002
0.0 0.6760797342 0.6487179487 0.5996677741 0.0461538462
15.0 0.3974252492 0.4551282051 0.0573089701 0.2282051282
9.0 0.4771594684 0.4141025641 0.0772425249 0.1256410256
2.0 0.556063123 0.441025641 0.0589700997 0.2717948718
18.0 0.6357973422000001 0.42692307690000003 0.080564784 0.2743589744
35.0 0.6943521594000001 0.4384615384 0.0564784053 0.23076923070000002
5.0 0.7811461794 0.4717948718 0.07890365440000001 0.3743589744
0.0 0.8828903654 0.27051282050000003 0.1279069767 0.0435897436
17.0 0.8916112956000001 0.12179487180000001 0.0789036545 0.223076923
35.0 0.8999169435000001 0.3833333333 0.0506644518 0.1769230769
18.0 0.51910299 0.8192307692 0.0564784053 0.2128205128
27.0 0.5946843854 0.891025641 0.0681063123 0.1512820513
14.0 0.6719269103000001 0.7564102564 0.0664451828 0.18461538460000002
9.0 0.7458471761000001 0.7551282051 0.073089701 0.1153846154
35.0 0.8077242525 0.7794871795 0.045681063200000004 0.1743589744
