42.0 0.14736346520000002 0.4782608696 0.2740112995 0.2948960303
40.0 0.052259887000000005 0.690926276 0.0536723164 0.17580340260000002
45.0 0.1195856874 0.6474480151 0.07344632770000001 0.0737240076
1.0 0.20762711860000002 0.6257088847 0.0706214689 0.056710775000000005
0.0 0.6920903955000001 0.5406427222 0.5687382298 0.0189035917
20.0 0.5941619586 0.2334593572 0.0941619586 0.2816635161
40.0 0.6935028249 0.3856332703 0.093220339 0.3440453686
16.0 0.7777777778 0.1143667297 0.054613936 0.16824196600000002
13.0 0.37853107350000004 0.6975425331 0.0320150659 0.26465028360000004
40.0 0.47222222220000004 0.8298676749 0.10451977400000001 0.3213610586
13.0 0.5277777778 0.6361058601 0.0197740113 0.145557656
9.0 0.6162900188 0.7495274102 0.10640301320000001 0.20226843100000003
15.0 0.738700565 0.6890359168 0.0988700565 0.25519848770000003
3.0 0.8083804143000001 0.7381852552 0.017890772200000002 0.3308128544
40.0 0.8808851224 0.8298676749 0.1026365348 0.3213610586
13.0 0.9406779661 0.629489603 0.02259887 0.1361058601
6.0 0.9835216572000001 0.7381852552 0.0178907721 0.3308128544
