0.0 0.5009066183 0.5872180451 0.9891205802 0.067669173
42.0 0.0609700816 0.1684210526 0.083862194 0.1684210526
33.0 0.0319582956 0.3511278196 0.0213055303 0.0736842105
45.0 0.056210335400000006 0.3526315789 0.027198549500000002 0.058646616500000005
16.0 0.0899818676 0.3428571428 0.0222121487 0.1233082707
0.0 0.1856300998 0.2172932331 0.14007252950000001 0.0165413534
26.0 0.1944696283 0.11127819550000001 0.055303717200000005 0.2015037594
26.0 0.17044424300000002 0.3240601504 0.0516772439 0.1969924812
33.0 0.2243880326 0.3421052632 0.038077969100000005 0.1218045113
15.0 0.2837715322 0.1691729323 0.0453309157 0.1969924812
16.0 0.33499546700000005 0.1533834586 0.0389845875 0.1924812031
44.0 0.4403898459 0.1864661654 0.1201269266 0.12932330820000001
2.0 0.5519038985 0.19097744360000002 0.023118767000000002 0.2857142857
12.0 0.5802357208000001 0.1571428571 0.0335448776 0.2060150376
5.0 0.621486854 0.1917293233 0.037171350900000004 0.2721804512
46.0 0.7300543971 0.19548872180000001 0.13191296460000002 0.1413533834
2.0 0.8270625567000001 0.1977443609 0.0167724388 0.2932330828
15.0 0.8665004533 0.1676691729 0.0466908432 0.19398496240000002
33.0 0.9131912964000001 0.21127819550000002 0.0330915685 0.15789473680000002
5.0 0.9582955576000001 0.1962406015 0.0353581142 0.2781954888
42.0 0.3755666364 0.7187969925000001 0.08386219410000001 0.177443609
33.0 0.34950135990000003 0.8954887218 0.0208522212 0.07368421060000001
45.0 0.3762466002 0.9 0.0299184044 0.061654135400000004
21.0 0.4045784224 0.8819548872 0.0158658205 0.1157894737
0.0 0.4814143246 0.7593984962 0.1233000907 0.0120300752
26.0 0.5097461468 0.652631579 0.055757026300000005 0.1894736843
26.0 0.48254759740000003 0.8706766917000001 0.0475974615 0.1984962406
33.0 0.5417044424 0.9105263158 0.040797824100000005 0.1518796992
17.0 0.6006346328000001 0.7203007519 0.046237534000000004 0.2165413534
33.0 0.6378059837000001 0.7308270677 0.0326382593 0.1263157895
