27.0 0.0534188035 0.8267605634 0.0868945869 0.23943661970000002
42.0 0.1773504274 0.5633802817 0.1609686609 0.1971830986
36.0 0.30698005700000003 0.7760563380000001 0.0584045584 0.1323943662
45.0 0.38817663820000003 0.7971830986 0.0783475784 0.06760563380000001
15.0 0.46652421650000003 0.7028169014 0.0584045584 0.1830985916
9.0 0.5277777778 0.5084507042 0.0584045584 0.0816901408
49.0 0.6794871795 0.4338028169 0.1025641026 0.1690140846
36.0 0.8347578348 0.4225352113 0.0712250713 0.1408450704
18.0 0.886039886 0.1746478873 0.0598290599 0.19154929580000002
36.0 0.9622507123 0.1985915493 0.0698005698 0.1267605634
