42.0 0.1208791209 0.4424778761 0.23736263740000002 0.5309734514000001
24.0 0.2697802198 0.616519174 0.0494505494 0.20058997050000002
45.0 0.3318681318 0.6740412979 0.0659340659 0.1209439528
1.0 0.4302197802 0.6268436578000001 0.0692307692 0.10914454280000001
0.0 0.7802197802 0.482300885 0.4285714286 0.0383480826
43.0 0.6653846154 0.2286135693 0.1769230769 0.43952802360000004
14.0 0.8005494505 0.32300884960000004 0.0450549451 0.2212389381
14.0 0.8510989011000001 0.31268436580000003 0.045054945000000006 0.2064896755
14.0 0.9648351648000001 0.1592920354 0.0593406593 0.28318584080000003
43.0 0.6835164835 0.7197640118 0.19340659340000002 0.4424778762
13.0 0.7961538462000001 0.808259587 0.025274725300000002 0.19469026550000001
19.0 0.8423076923 0.814159292 0.0516483516 0.2182890855
15.0 0.9615384616 0.6725663717 0.0637362637 0.31268436580000003
