42.0 0.2052364865 0.6336477988 0.3192567568 0.3616352201
36.0 0.0295608108 0.9119496856 0.0557432432 0.1257861635
45.0 0.1410472973 0.891509434 0.116554054 0.1352201258
1.0 0.30996621620000003 0.8522012578 0.1537162162 0.1509433963
0.0 0.7820945946000001 0.6477987422 0.3648648648 0.0314465409
18.0 0.6596283784 0.4135220126 0.1773648649 0.4182389937
27.0 0.8150337838 0.5314465409 0.1131756757 0.21383647800000002
12.0 0.9222972972000001 0.1556603774 0.0777027027 0.2924528302
10.0 0.6537162162 0.8616352202 0.0844594594 0.0251572327
27.0 0.777027027 0.893081761 0.11148648650000001 0.1886792452
36.0 0.875 0.7185534591 0.060810810800000004 0.1226415094
