42.0 0.1448863636 0.6234756098 0.28522727270000003 0.5152439025000001
40.0 0.32840909090000003 0.8231707317 0.045454545400000004 0.2804878048
45.0 0.3852272727 0.7957317073 0.0568181818 0.0853658536
1.0 0.4738636364 0.7103658536 0.075 0.1219512195
0.0 0.7852272728 0.4756097561 0.3545454545 0.1097560976
20.0 0.6255681819000001 0.20274390250000002 0.0465909091 0.3018292683
14.0 0.7170454546 0.22408536580000002 0.0863636363 0.29573170730000004
49.0 0.8335227273 0.1570121951 0.0965909091 0.2774390244
40.0 0.9556818182000001 0.22865853660000002 0.0522727273 0.3658536586
7.0 0.80625 0.7195121952 0.2193181818 0.5243902439
39.0 0.93125 0.7286585366 0.0693181818 0.2926829268
