42.0 0.1287276342 0.2579787234 0.12823061630000002 0.3563829788
29.0 0.0198807157 0.7752659574 0.0248508946 0.1994680851
45.0 0.050944334 0.8550531915 0.0392644136 0.1143617022
4.0 0.13046719680000002 0.5957446808 0.0730616302 0.3244680851
11.0 0.1833996024 0.7699468085000001 0.0288270378 0.36968085100000003
14.0 0.2181908549 0.8909574468 0.0288270378 0.1914893617
0.0 0.63444334 0.6143617022 0.6774353877 0.3882978723
15.0 0.32877733600000003 0.2646276596 0.0581510934 0.3537234043
50.0 0.4689363817 0.30851063830000003 0.1595427436 0.3031914894
19.0 0.5601391651000001 0.2646276596 0.0208747515 0.1994680851
29.0 0.6182902584000001 0.41755319150000003 0.0308151093 0.3404255319
9.0 0.6617793241000001 0.40957446810000003 0.0362823061 0.17021276600000002
10.0 0.6978131213000001 0.49335106380000004 0.0298210736 0.0452127659
21.0 0.7398111332 0.48670212760000003 0.037276342000000004 0.3191489361
47.0 0.8464214712 0.5625 0.12823061630000002 0.284574468
14.0 0.9353876740000001 0.482712766 0.025844930500000002 0.1622340425
29.0 0.98583499 0.6063829788 0.0253479125 0.27659574470000003
20.0 0.6764413519 0.8085106382 0.0437375746 0.30851063830000003
