0.0 0.5016835017 0.5766621438 0.9885521886 0.1356852103
42.0 0.1498316498 0.1099050204 0.1447811448 0.1573948439
24.0 0.0845117845 0.3229308006 0.0424242424 0.1221166893
45.0 0.1255892256 0.355495251 0.034343434400000004 0.0597014926
16.0 0.1754208754 0.34192673 0.0383838384 0.1004070556
9.0 0.2168350168 0.2890094979 0.029629629600000002 0.07327001350000001
0.0 0.3845117845 0.21302578020000001 0.1131313132 0.0189959294
26.0 0.37037037040000004 0.11194029850000001 0.060606060600000004 0.19402985080000001
26.0 0.3313131313 0.3303934871 0.06734006740000001 0.20488466760000001
24.0 0.404040404 0.3331071913 0.0673400673 0.18860244240000001
19.0 0.5013468014 0.1791044776 0.0558922559 0.170963365
12.0 0.5606060607000001 0.1947082768 0.0558922559 0.1614654002
13.0 0.630976431 0.21031207600000001 0.0579124579 0.170963365
49.0 0.761952862 0.2069199458 0.1111111111 0.1804613297
24.0 0.8875420876000001 0.2489823609 0.0754208755 0.21573948440000001
14.0 0.9457912458000001 0.1478968792 0.0383838384 0.1383989145
42.0 0.2750841751 0.6797829037 0.1636363636 0.18995929450000001
24.0 0.2013468014 0.8853459973000001 0.047138047100000004 0.1343283582
45.0 0.2430976431 0.9246947082 0.0377104378 0.0746268657
20.0 0.2939393939 0.9131614654 0.0383838384 0.1221166892
9.0 0.33737373740000004 0.855495251 0.032323232300000004 0.0827679783
0.0 0.4797979798 0.7774762551000001 0.1771043772 0.0298507462
26.0 0.5026936027 0.6852103121 0.0747474748 0.20352781550000001
26.0 0.44814814820000004 0.8588873813000001 0.059932659900000004 0.1763907734
24.0 0.5289562289 0.8873812754 0.0626262627 0.19267299870000001
7.0 0.6966329966 0.7740841248 0.20134680130000002 0.31886024420000003
40.0 0.7767676768 0.8364993216000001 0.047811447800000004 0.21302578020000001
