42.0 0.1069686411 0.2271293375 0.15400696860000002 0.429022082
40.0 0.0240418118 0.665615142 0.0229965157 0.2460567823
45.0 0.054703832800000005 0.6735015772 0.0355400697 0.13564668770000002
0.0 0.112543554 0.7050473186 0.0480836237 0.047318612
4.0 0.1271777003 0.5804416404 0.0536585365 0.2208201893
21.0 0.11951219510000001 0.8296529968 0.0285714286 0.21451104110000002
44.0 0.2923344948 0.3548895899 0.15121951220000002 0.3059936908
14.0 0.3923344948 0.1293375394 0.0292682927 0.2397476341
40.0 0.47491289200000003 0.5362776026 0.0508710802 0.5362776025
9.0 0.5404181185 0.4305993691 0.0648083624 0.3375394322
48.0 0.6926829268 0.45110410100000004 0.1672473868 0.4605678233
14.0 0.8240418118 0.27129337540000004 0.028571428500000003 0.2776025236
40.0 0.9404181185 0.6356466877 0.0773519164 0.4826498422
