0.0 0.5192307692 0.5948509486 0.9571843251000001 0.1219512195
42.0 0.0830914368 0.289295393 0.1603773585 0.14227642270000002
40.0 0.0370101596 0.4864498645 0.0304789551 0.0894308944
45.0 0.0660377358 0.4796747968 0.0319303339 0.0243902439
21.0 0.10232220610000001 0.4559620596 0.030478955000000002 0.0799457994
9.0 0.1295355588 0.38550135500000005 0.029753265600000002 0.0447154472
0.0 0.2993468795 0.3008130081 0.1763425254 0.0487804878
26.0 0.276850508 0.1991869919 0.0660377358 0.1300813008
26.0 0.2525399129 0.38211382120000004 0.060957910000000004 0.1382113821
40.0 0.31640058060000004 0.4254742548 0.0551523947 0.1734417345
14.0 0.41509433960000003 0.24186991870000002 0.0870827286 0.1585365854
12.0 0.46698113210000003 0.2256097561 0.058780841800000004 0.1287262872
12.0 0.5446298984 0.2188346884 0.07184325100000001 0.14227642270000002
49.0 0.6865021771 0.1632791328 0.1465892598 0.1422764228
40.0 0.8392597968000001 0.1890243902 0.0776487664 0.1612466125
17.0 0.9078374456 0.0514905149 0.053701016000000004 0.0975609756
42.0 0.22968069670000002 0.7161246612000001 0.179245283 0.1449864499
40.0 0.175616836 0.9342818428 0.026124818600000002 0.09078590780000001
45.0 0.2173439768 0.9329268292 0.0355587808 0.0257452575
13.0 0.2525399129 0.9085365854 0.023222061000000002 0.0691056911
9.0 0.2783018868 0.8468834688 0.0370101596 0.0487804878
0.0 0.4361393324 0.7743902439 0.1814223513 0.0203252032
26.0 0.4441219158 0.6734417344 0.0696661829 0.1327913279
26.0 0.4281567489 0.8590785908 0.0783744558 0.1571815718
40.0 0.49201741660000003 0.9092140922 0.0653120465 0.1761517615
7.0 0.6788824383000001 0.7696476964000001 0.2343976778 0.4037940379
40.0 0.7764876632000001 0.7493224932 0.0769230769 0.1680216802
