42.0 0.1588679245 0.4746300211 0.16075471700000002 0.30655391120000003
33.0 0.0501886792 0.8763213531 0.050566037700000004 0.12473572940000001
45.0 0.1128301887 0.8890063424 0.06415094340000001 0.0866807611
19.0 0.1769811321 0.8615221987 0.0460377358 0.2177589852
9.0 0.24415094340000001 0.7019027484 0.0626415094 0.1183932347
27.0 0.361509434 0.5317124736000001 0.0754716981 0.1839323467
49.0 0.4747169811 0.3150105708 0.1026415094 0.25369978860000003
2.0 0.5520754717 0.3329809725 0.0233962264 0.3023255814
13.0 0.5803773585 0.2473572939 0.0090566038 0.1691331924
9.0 0.6237735849 0.2885835095 0.0626415094 0.12473572940000001
33.0 0.6830188679 0.32346723050000004 0.0483018868 0.14376321350000001
48.0 0.7732075471000001 0.14482029600000002 0.1245283019 0.200845666
33.0 0.9188679246 0.1691331924 0.050566037700000004 0.13530655390000002
5.0 0.9705660378000001 0.3076109936 0.0286792453 0.2727272727
