42.0 0.0701867354 0.48011363640000004 0.1390856407 0.44886363630000004
40.0 0.1767546684 0.6846590909 0.0431423052 0.3579545454
45.0 0.2314874436 0.6903409091 0.0457179653 0.1136363636
13.0 0.2797810689 0.59375 0.027688345200000002 0.2272727272
0.0 0.6352221506 0.4588068182 0.6252414681 0.16761363640000002
40.0 0.5367031552 0.3039772727 0.0508692852 0.35227272730000003
48.0 0.6464906632 0.2386363636 0.1184803606 0.3352272727
2.0 0.7343850612 0.24005681820000002 0.0186735351 0.3096590909
12.0 0.7717321314000001 0.1931818182 0.039278815200000004 0.2613636364
5.0 0.8074694141000001 0.2215909091 0.027044430100000003 0.3011363636
40.0 0.38409529940000003 0.6803977273 0.0444301352 0.2869318182
44.0 0.4971023825 0.6931818182 0.11590470060000001 0.2556818182
40.0 0.6245975531 0.6818181818 0.048937540200000004 0.35227272730000003
48.0 0.7308435286 0.6207386364 0.1107533805 0.34375000000000006
2.0 0.8325820991 0.6448863636000001 0.0218931101 0.3465909091
16.0 0.8805537669 0.5965909091 0.0637475854 0.3125
40.0 0.9423696072000001 0.6107954546000001 0.0444301352 0.3409090909
5.0 0.9842240824 0.6036931818 0.0264005151 0.3323863636
