42.0 0.08466076700000001 0.2022988506 0.1421828909 0.3724137931
40.0 0.02359882 0.5287356322 0.029498525100000002 0.2022988506
45.0 0.0660766962 0.5114942528 0.0519174041 0.0988505747
15.0 0.1088495575 0.4896551724 0.0241887906 0.1425287356
14.0 0.13893805310000001 0.467816092 0.0324483776 0.1126436781
0.0 0.595280236 0.3459770115 0.796460177 0.0712643678
20.0 0.5920353982000001 0.16551724140000001 0.0477876106 0.2942528736
2.0 0.2244837758 0.6977011494 0.0383480826 0.4896551724
7.0 0.3486725664 0.6310344828000001 0.2182890855 0.6321839081
16.0 0.3041297935 0.432183908 0.023008849600000002 0.1241379311
39.0 0.4067846607 0.6609195402 0.0749262537 0.3655172414
9.0 0.4716814159 0.6747126437000001 0.0466076696 0.2
19.0 0.5230088496 0.6000000000000001 0.0407079646 0.3172413794
5.0 0.5722713864 0.6896551724000001 0.027138643100000002 0.4689655172
2.0 0.602359882 0.6770114943000001 0.0389380531 0.46206896550000004
7.0 0.7415929204 0.6620689655 0.2147492625 0.6712643678
39.0 0.8002949852 0.6298850574 0.0725663717 0.3218390805
9.0 0.8669616519000001 0.6689655172 0.0466076696 0.1931034483
18.0 0.9283185840000001 0.6275862069 0.0572271387 0.2574712644
5.0 0.9684365782000001 0.7114942528 0.0159292035 0.4988505747
