42.0 0.0579710145 0.2914507772 0.1107660456 0.2979274612
41.0 0.1348343686 0.5453367876 0.0212215321 0.1010362695
45.0 0.1635610766 0.5984455958 0.0269151138 0.0673575129
19.0 0.2023809524 0.5349740932 0.0217391304 0.1424870467
9.0 0.2285196687 0.40932642490000004 0.0222567288 0.08290155440000001
0.0 0.6335403727000001 0.5841968912000001 0.7153209110000001 0.1424870466
10.0 0.3571428572 0.3160621762 0.026915113900000003 0.020725388600000002
16.0 0.3928571428 0.310880829 0.0289855073 0.2694300518
47.0 0.48990683230000004 0.3691709844 0.12474120080000001 0.2202072539
41.0 0.6030020704 0.3406735751 0.036231884 0.1321243523
50.0 0.7096273292 0.38860103630000004 0.1211180124 0.2279792746
17.0 0.8048654244000001 0.24740932640000002 0.026915113900000003 0.1683937824
41.0 0.8773291926000001 0.4494818652 0.0486542443 0.1994818653
2.0 0.2947722567 0.6748704663 0.0201863354 0.2720207254
14.0 0.34265010360000003 0.6878238342 0.0465838509 0.22538860100000002
9.0 0.3796583851 0.6722797927 0.031573499000000005 0.1165803109
41.0 0.4226190476 0.7227979275 0.0388198758 0.16580310880000002
50.0 0.5230331263 0.7694300518 0.12370600420000001 0.24352331600000002
41.0 0.6389751552 0.7940414508 0.0429606625 0.1735751295
5.0 0.6749482402 0.8251295336000001 0.0207039337 0.30310880830000003
46.0 0.7719979296 0.8626943005000001 0.1278467909 0.2020725388
20.0 0.8586956522 0.7202072538000001 0.022774327100000002 0.17616580310000002
41.0 0.9298654244000001 0.8937823834 0.0502070393 0.1917098446
