42.0 0.10587639310000001 0.3852459016 0.1894630192 0.3957845433
41.0 0.2912867274 0.5913348946 0.0800405269 0.2131147541
45.0 0.3910840933 0.5913348946 0.0891590679 0.0866510538
1.0 0.5015197569000001 0.5304449648 0.08308004050000001 0.10070257610000001
0.0 0.7933130699000001 0.4637002342 0.3404255319 0.018735363
16.0 0.6919959473 0.2857142857 0.0810536981 0.18266978920000002
41.0 0.7928064843 0.3524590164 0.0861195542 0.2084309134
20.0 0.8784194528 0.1639344262 0.0668693009 0.2669789227
21.0 0.6854103344 0.7494145199000001 0.0739614995 0.2763466042
3.0 0.7375886524 0.7868852459 0.0121580547 0.4215456674
41.0 0.7862208714000001 0.7763466042 0.08308004050000001 0.2084309134
14.0 0.8693009118 0.6182669789 0.0587639311 0.262295082
6.0 0.9204660588 0.7868852459 0.011144883500000001 0.4215456674
