42.0 0.1849710983 0.35441527440000004 0.3352601156 0.2887828163
33.0 0.0514450867 0.599045346 0.089017341 0.1431980907
45.0 0.1589595376 0.6181384248 0.10982658960000001 0.09069212410000001
1.0 0.3011560694 0.5489260144 0.11907514450000001 0.1336515513
0.0 0.7069364162 0.36396181380000003 0.5445086705000001 0.0739856802
21.0 0.474566474 0.1957040572 0.0820809248 0.28162291170000003
18.0 0.5838150289 0.23747016710000002 0.0994219654 0.2553699284
49.0 0.7531791907000001 0.2100238664 0.1398843931 0.2434367541
33.0 0.9080924856 0.22195704060000002 0.0751445087 0.17661097850000002
7.0 0.7225433526 0.6563245823 0.28901734100000004 0.6062052506
39.0 0.860115607 0.6002386635 0.1179190751 0.1646778043
