42.0 0.3064159292 0.38616071430000004 0.3296460177 0.4866071428
40.0 0.06637168140000001 0.7924107143 0.07522123900000001 0.3169642857
45.0 0.20685840700000002 0.7120535714 0.1438053097 0.1026785714
10.0 0.3263274336 0.6897321429000001 0.064159292 0.0223214285
1.0 0.4811946902 0.6607142857 0.0818584071 0.1339285714
0.0 0.8030973452 0.4508928572 0.3584070797 0.053571428500000004
20.0 0.8860619469000001 0.2120535714 0.07743362840000001 0.35267857140000003
27.0 0.7787610620000001 0.859375 0.1017699115 0.2276785714
18.0 0.8805309734000001 0.5892857143 0.0530973451 0.1875
40.0 0.9546460177 0.7589285714 0.07743362840000001 0.3392857143
