42.0 0.1802884616 0.4658227848 0.3509615385 0.4911392405
40.0 0.3665865384 0.7139240506 0.0889423077 0.2531645569
45.0 0.4326923077 0.7050632912 0.07932692300000001 0.1240506329
1.0 0.5306490384 0.6417721519 0.0757211539 0.0632911392
0.0 0.8131009615 0.5240506329 0.2560096154 0.0303797468
17.0 0.7493990385 0.217721519 0.0997596154 0.24303797470000002
13.0 0.8179086538 0.2341772152 0.046875 0.2253164557
40.0 0.9164663462 0.3101265823 0.1237980769 0.3367088608
13.0 0.9639423077 0.0962025316 0.033653846200000004 0.1670886076
13.0 0.7229567308 0.711392405 0.039663461500000004 0.2126582279
3.0 0.7674278846 0.7721518987 0.0204326923 0.4506329114
40.0 0.8497596154 0.7898734178 0.1177884616 0.3240506329
16.0 0.9212740384 0.6265822785 0.0709134615 0.1949367088
6.0 0.9759615384 0.7721518987 0.016826923100000002 0.4506329114
