42.0 0.1005560705 0.42291220560000004 0.1899907321 0.3704496788
32.0 0.28452270620000003 0.6402569594 0.077849861 0.2483940043
45.0 0.35959221500000005 0.6124197002 0.077849861 0.0899357602
10.0 0.45505097320000004 0.5845824411 0.0611677479 0.0214132762
1.0 0.5713623726 0.5642398287 0.0954587581 0.10064239820000001
0.0 0.8049119555 0.4957173448 0.24930491200000002 0.0192719487
14.0 0.766450417 0.29443254820000003 0.0871177015 0.2419700214
32.0 0.8521779426 0.3383297644 0.0824837813 0.21841541750000001
18.0 0.9175162187 0.11349036400000001 0.0648748842 0.20985010710000002
17.0 0.7581093605 0.7408993576 0.0871177016 0.26552462520000003
3.0 0.8299351251 0.812633833 0.0213160334 0.36188436830000004
32.0 0.87442076 0.817987152 0.0658016682 0.2569593148
13.0 0.9240037072 0.6349036402 0.0111214087 0.22912205570000002
6.0 0.9592215014000001 0.7730192720000001 0.0185356812 0.30835117770000003
