42.0 0.1561181435 0.46983758700000006 0.22362869200000002 0.38747099760000003
32.0 0.0522151899 0.7134570766 0.0580168776 0.1972157773
45.0 0.1308016878 0.73549884 0.0738396625 0.0788863109
1.0 0.23892405060000002 0.6658932714 0.0896624473 0.0881670533
0.0 0.7056962026 0.5429234338 0.5738396625000001 0.051044083500000004
19.0 0.4319620253 0.2900232018 0.0748945148 0.2784222737
32.0 0.5337552743 0.36658932720000004 0.082278481 0.2923433875
12.0 0.6228902954000001 0.10556844550000001 0.0748945147 0.1879350348
9.0 0.7368143460000001 0.3027842227 0.10864978900000001 0.1879350348
18.0 0.8486286919 0.3085846868 0.08122362870000001 0.3248259861
14.0 0.5305907173000001 0.783062645 0.1244725738 0.33178654300000004
3.0 0.6039029536 0.741299304 0.0221518988 0.3967517401
32.0 0.6687763713 0.8317865430000001 0.082278481 0.3039443155
15.0 0.7426160338000001 0.6171693736 0.046413502100000004 0.1809744779
6.0 0.8064345991 0.7401392112 0.0200421941 0.3990719257
