42.0 0.0478665208 0.5042735042000001 0.0935448578 0.2820512821
36.0 0.11679431080000001 0.9508547008 0.0213347921 0.0982905983
45.0 0.1408643326 0.9017094017 0.0257111598 0.1025641026
4.0 0.18107221010000002 0.5363247863 0.033916849 0.2692307692
11.0 0.2106126915 0.6623931624 0.0317286652 0.5042735042000001
19.0 0.24535010940000002 0.8867521368 0.0191466083 0.1752136753
50.0 0.35202407010000003 0.48290598290000003 0.12199124730000001 0.23931623940000002
20.0 0.4275164114 0.1709401709 0.0158643326 0.1965811966
36.0 0.4920678337 0.5064102564 0.035557986800000004 0.1923076923
9.0 0.52297593 0.40170940180000003 0.024070021900000002 0.2735042735
42.0 0.5971006565 0.3952991453 0.07275711160000001 0.25213675220000004
36.0 0.6641137856 0.8055555556 0.017505470500000002 0.0897435897
45.0 0.6843544858 0.764957265 0.020787746200000002 0.0940170941
4.0 0.7111597374 0.40598290600000003 0.025164113800000002 0.2222222222
11.0 0.750273523 0.5833333334 0.0268052516 0.4230769231
21.0 0.7776258206000001 0.7564102564 0.022428884000000003 0.1794871795
44.0 0.8522975930000001 0.3824786325 0.0886214442 0.37179487180000004
19.0 0.9168490153000001 0.0982905983 0.0153172866 0.170940171
36.0 0.9767505470000001 0.3846153846 0.0300875273 0.14529914530000002
