42.0 0.1063063063 0.3477011494 0.1693693694 0.3390804598
40.0 0.033933934 0.5977011494000001 0.0474474475 0.1954022989
45.0 0.08258258260000001 0.5727969348 0.0558558558 0.0689655173
1.0 0.1396396396 0.5593869732 0.0354354355 0.0727969349
0.0 0.5909909910000001 0.5086206896000001 0.8120120120000001 0.1360153257
43.0 0.3396396396 0.1848659004 0.17117117110000002 0.3659003832
16.0 0.4648648648 0.3323754789 0.0564564565 0.1666666667
15.0 0.5225225225 0.3572796935 0.038438438400000004 0.224137931
40.0 0.5996996997 0.3237547892 0.059459459400000005 0.32950191570000004
43.0 0.7471471472 0.2777777778 0.1585585585 0.36015325670000004
15.0 0.8543543544000001 0.4166666666 0.0342342343 0.19731800770000002
13.0 0.890990991 0.3898467433 0.029429429400000002 0.1781609196
19.0 0.9744744745 0.3093869731 0.048648648600000004 0.23180076630000002
43.0 0.3135135135 0.5670498084 0.1705705706 0.30651341
18.0 0.4363363364 0.7576628352 0.0438438439 0.2164750957
17.0 0.48018018020000003 0.7538314177000001 0.0378378378 0.17049808430000002
16.0 0.5798798798 0.6590038314000001 0.0762762763 0.2260536398
43.0 0.7432432432 0.6954022988 0.1807807807 0.36781609190000003
13.0 0.8402402402 0.8017241380000001 0.0348348349 0.1934865901
18.0 0.8762762763 0.8122605364000001 0.0372372372 0.1762452108
40.0 0.957957958 0.8045977012000001 0.0456456457 0.32567049810000004
