42.0 0.1020475562 0.6341681574 0.12219286650000001 0.1556350626
39.0 0.0290620872 0.9445438282 0.0198150594 0.08586762070000001
45.0 0.073645971 0.9141323792 0.0548216645 0.0787119857
18.0 0.1294583884 0.9150268336 0.027741083200000002 0.1055456172
9.0 0.16512549540000002 0.7889087656 0.027741083200000002 0.1359570661
14.0 0.24471598420000001 0.553667263 0.0323645971 0.16279069770000001
11.0 0.2556142668 0.6162790698 0.033025099100000004 0.1592128801
21.0 0.2734478204 0.6511627907 0.034346103100000004 0.17531305900000002
2.0 0.320343461 0.6341681574 0.042272126800000004 0.1949910555
7.0 0.6205416116 0.32110912340000003 0.5052840159 0.6243291592
15.0 0.5518494056000001 0.6171735242 0.0363276089 0.1502683363
12.0 0.6027080581 0.6323792486 0.0574636724 0.1484794275
17.0 0.6638044914 0.6332737030000001 0.052840158500000005 0.1502683363
9.0 0.7182959049000001 0.6431127012 0.0402906208 0.2128801431
0.0 0.8025099076000001 0.6493738819 0.0752972259 0.0143112701
21.0 0.785997358 0.5518783542 0.035667107 0.1771019678
39.0 0.8239762219000001 0.5813953488 0.027080581200000002 0.1180679785
4.0 0.7896301189 0.7057245081 0.036327609000000004 0.0912343471
10.0 0.895310436 0.6377459750000001 0.0548216645 0.0161001789
14.0 0.9451783356000001 0.6466905188000001 0.034346103100000004 0.1735241503
5.0 0.9828269484000001 0.6153846154 0.033025099100000004 0.168157424
