42.0 0.074074074 0.476340694 0.1379310345 0.5047318612
41.0 0.1861430396 0.8059936909000001 0.040229885 0.261829653
45.0 0.23563218400000002 0.8201892744 0.047254150700000004 0.08832807570000001
12.0 0.2972541507 0.7318611988 0.033844189000000004 0.3028391167
9.0 0.3368454662 0.5694006309 0.036398467500000004 0.2492113564
0.0 0.6992337164 0.5630914826 0.5402298851 0.0662460567
0.0 0.7075351214000001 0.2649842271 0.0383141763 0.018927444800000002
20.0 0.7110472541 0.1246056782 0.0325670499 0.2365930599
41.0 0.7065772669 0.39747634070000004 0.027458493 0.18296529960000002
10.0 0.4399744572 0.7555205048 0.0357598978 0.0220820189
15.0 0.48627075350000004 0.7034700316 0.0427841634 0.2965299685
44.0 0.5961047254 0.7318611988 0.11813537680000001 0.2649842271
41.0 0.7302043422000001 0.7492113564 0.0402298851 0.2492113565
50.0 0.8534482758 0.7507886436 0.14367816090000002 0.3406940063
41.0 0.9766922094 0.7586750789000001 0.0427841635 0.261829653
