42.0 0.1077752117 0.48113207550000003 0.2109314858 0.8773584906
23.0 0.2344110854 0.7830188679000001 0.051578137100000004 0.320754717
45.0 0.3113933796 0.8537735849 0.0792917629 0.2641509434
10.0 0.3872209392 0.7570754717 0.0508083141 0.0424528302
1.0 0.4753656659 0.7264150943000001 0.0685142418 0.2358490566
3.0 0.5792917629000001 0.4693396226 0.0238645112 0.7688679245000001
23.0 0.636643572 0.5495283019 0.0754426482 0.5235849056
10.0 0.7140107775 0.4599056604 0.062355658200000004 0.0801886792
15.0 0.7882986913000001 0.3466981132 0.064665127 0.5047169812
6.0 0.8414164742 0.4716981132 0.0169361047 0.7735849056
9.0 0.8922247883000001 0.4268867924 0.05234796 0.4764150943
23.0 0.9622786759 0.5212264151 0.0692840646 0.4858490566
