42.0 0.0712018141 0.4320175438 0.1188208617 0.3157894737
34.0 0.0149659864 0.7675438597 0.0217687074 0.1271929825
45.0 0.052834467100000004 0.7642543859 0.0358276644 0.0592105263
0.0 0.1315192744 0.7620614036000001 0.041723356 0.019736842100000002
4.0 0.1099773242 0.6907894737 0.0376417233 0.1315789474
14.0 0.1174603174 0.870614035 0.0353741497 0.1842105263
0.0 0.5907029478 0.4627192982 0.8149659864000001 0.2149122807
0.0 0.23628117910000002 0.2850877193 0.062585034 0.0219298246
26.0 0.2371882086 0.1798245614 0.0371882086 0.1754385964
26.0 0.222675737 0.38267543860000003 0.038095238100000005 0.177631579
34.0 0.2609977324 0.3914473684 0.0321995465 0.1644736842
2.0 0.3149659864 0.2039473684 0.0403628118 0.298245614
48.0 0.4219954648 0.2039473684 0.11746031750000001 0.2894736842
34.0 0.5267573696 0.20614035090000002 0.034920634900000004 0.19736842100000002
9.0 0.5766439910000001 0.149122807 0.0467120181 0.149122807
10.0 0.628798186 0.1940789474 0.0321995465 0.0416666667
16.0 0.6716553288 0.19846491230000002 0.0353741496 0.3574561404
47.0 0.7800453515 0.1798245614 0.1315192744 0.2061403508
34.0 0.8893424036 0.1535087719 0.0308390023 0.1842105263
5.0 0.9435374150000001 0.1875 0.0458049887 0.36622807020000003
0.0 0.39501133780000003 0.7094298246 0.1287981859 0.0548245614
26.0 0.4181405896 0.5822368421 0.0335600907 0.17324561400000002
26.0 0.4063492064 0.802631579 0.0344671201 0.1842105263
34.0 0.44081632660000003 0.8015350877 0.0263038549 0.1644736842
2.0 0.4945578232 0.6085526316000001 0.0394557823 0.2916666667
34.0 0.5356009070000001 0.6228070176 0.0344671202 0.1929824561
9.0 0.5909297052 0.5701754386 0.0535147392 0.15350877200000002
10.0 0.6412698413 0.5997807018 0.0371882086 0.0328947369
20.0 0.6793650793 0.5328947368 0.0426303855 0.2149122807
0.0 0.7512471655 0.615131579 0.0285714286 0.0153508771
4.0 0.7412698413000001 0.5186403508 0.0403628118 0.1513157895
19.0 0.7464852608 0.7182017544 0.0163265306 0.19078947370000002
5.0 0.8047619048 0.5942982456 0.044897959200000004 0.35087719300000003
