42.0 0.07028008300000001 0.4541366906 0.1291493776 0.2679856115
37.0 0.14600622400000002 0.5944244604000001 0.0347510373 0.1205035971
45.0 0.1908713693 0.6205035971 0.046680498 0.09712230220000001
14.0 0.25103734440000003 0.5881294964 0.042531120400000004 0.190647482
0.0 0.6610477179 0.5899280576 0.6727178423 0.1187050359
17.0 0.3363589212 0.29856115110000003 0.0347510373 0.19784172660000002
2.0 0.3685165975 0.3102517986 0.018153527000000003 0.1960431655
7.0 0.5687240664000001 0.2589928058 0.35632780080000004 0.5143884892
21.0 0.512966805 0.3048561151 0.024896265600000002 0.178057554
37.0 0.5490145228000001 0.33453237410000003 0.033713693 0.14388489200000001
9.0 0.5848029046000001 0.3174460432 0.026452282100000002 0.1384892087
10.0 0.6133298755000001 0.3255395683 0.018153527000000003 0.025179856100000002
15.0 0.6418568465000001 0.29766187050000004 0.0316390041 0.1600719424
37.0 0.6815352697 0.3300359712 0.035269709600000004 0.1384892086
18.0 0.7149896266 0.17176259 0.026452282100000002 0.1564748201
9.0 0.7590767635 0.31654676260000003 0.0264522822 0.1366906475
10.0 0.7865663900000001 0.3264388489 0.0171161825 0.0269784173
14.0 0.8179460581 0.321942446 0.036307054000000005 0.2050359713
7.0 0.903526971 0.3300359712 0.12033195020000001 0.36870503600000004
15.0 0.8874481328 0.19784172660000002 0.02593361 0.1223021583
39.0 0.9525414938000001 0.321942446 0.036825726100000004 0.1294964029
5.0 0.9797717842 0.3363309352 0.017634854800000002 0.23381294970000002
19.0 0.5554979253 0.8696043166 0.0300829876 0.1564748201
9.0 0.5873962656 0.9055755396 0.0274896265 0.1492805755
10.0 0.6154045643 0.9082733813 0.018153527000000003 0.0287769784
20.0 0.6426348548 0.8785971223 0.0290456431 0.18525179860000002
37.0 0.6807572614 0.9037769784 0.0368257262 0.13129496400000001
0.0 0.7243257262 0.7428057554 0.036825726100000004 0.0143884892
14.0 0.7341804980000001 0.6798561151 0.0347510373 0.1618705036
14.0 0.7326244814 0.8147482014 0.0326763485 0.1330935252
