42.0 0.0766644251 0.619047619 0.1371889711 0.5238095239
35.0 0.16745124420000002 0.8710317460000001 0.0228648285 0.1865079365
45.0 0.201075992 0.9007936508000001 0.032279757900000004 0.0873015873
20.0 0.2441156692 0.8511904762 0.0268997983 0.257936508
9.0 0.2753866846 0.6369047619 0.031607263000000003 0.2182539682
44.0 0.43813046400000005 0.5932539682 0.1822461332 0.35317460310000004
35.0 0.6059179556000001 0.5753968254 0.047074647000000004 0.380952381
9.0 0.6691324815 0.6051587302 0.061869536 0.4325396825
10.0 0.7360457297 0.5952380952 0.0585070612 0.0396825397
21.0 0.8002689980000001 0.507936508 0.0484196368 0.4682539683
16.0 0.8749159382 0.2380952381 0.0780094149 0.4444444444
11.0 0.9330867518 0.4841269842 0.0544720915 0.4841269841
35.0 0.9720914593000001 0.6091269842 0.0423671822 0.3611111111
