22.0 0.0282854656 0.1351039261 0.0487380331 0.090069284
42.0 0.1275021758 0.16743648960000002 0.0974760662 0.31177829100000004
37.0 0.0768059182 0.44688221710000003 0.0256744996 0.1408775982
45.0 0.1042210618 0.5150115474 0.0291557876 0.0785219399
19.0 0.1372932986 0.4711316397 0.0230635335 0.1478060046
9.0 0.15731070500000002 0.3498845266 0.0161009573 0.08083140870000001
0.0 0.6118363794 0.480369515 0.7676240209 0.3787528868
10.0 0.30178416010000003 0.17782909930000002 0.0274151436 0.027713625800000002
18.0 0.3402959095 0.129330254 0.0365535248 0.2401847575
50.0 0.45387293300000003 0.182448037 0.136640557 0.33718244810000003
37.0 0.5770234987 0.2759815242 0.0539599652 0.2933025405
47.0 0.6977806789000001 0.3521939954 0.1379460401 0.3163972286
14.0 0.7919930374 0.2217090069 0.0217580505 0.16628175520000002
37.0 0.8674934726 0.3695150116 0.058746736300000005 0.2771362587
2.0 0.2169277632 0.4826789838 0.0204525675 0.3695150115
14.0 0.24173194080000002 0.441108545 0.0308964317 0.2401847575
9.0 0.2867711053 0.49422632790000004 0.0356832028 0.16628175520000002
18.0 0.3328981723 0.4699769053 0.0409051349 0.22863741340000002
37.0 0.3818537859 0.5473441108 0.053524804200000005 0.2817551963
50.0 0.4919495213 0.5739030023 0.1275021758 0.3672055428
37.0 0.6305483029 0.6131639723 0.0583115753 0.2101616628
5.0 0.6699303742 0.7113163972000001 0.0161009573 0.35103926100000005
46.0 0.7845953002 0.7517321016 0.1653611837 0.2702078522
19.0 0.884029591 0.6997690532 0.0230635335 0.19861431870000001
37.0 0.9667101828 0.7967667436 0.0648389904 0.2771362587
