42.0 0.0740268028 0.2051451188 0.1314613912 0.1860158311
29.0 0.1812380344 0.2922163588 0.029355456300000003 0.13324538260000002
45.0 0.2137843012 0.29353562 0.0280791321 0.0620052771
1.0 0.2686662412 0.2770448549 0.0472239949 0.0765171504
0.0 0.671027441 0.2678100264 0.6528398213000001 0.0606860158
17.0 0.6196553924 0.1378627968 0.0255264837 0.09894459100000001
9.0 0.6451818762 0.1444591029 0.021697511200000002 0.06464379940000001
21.0 0.6799617103000001 0.0817941953 0.0236119974 0.1187335093
11.0 0.7058072750000001 0.0712401055 0.058710912500000004 0.1240105541
29.0 0.739629866 0.1444591029 0.0268028079 0.1279683378
0.0 0.7115507339 0.7394459102000001 0.5615826420000001 0.0303430079
0.0 0.5255264838 0.5402374670000001 0.2954690491 0.0356200528
7.0 0.5354179962 0.3245382586 0.2590938098 0.1266490765
29.0 0.5239310785 0.45580474940000004 0.021697511200000002 0.0989445911
16.0 0.5449904275 0.36411609500000003 0.014039566100000001 0.1187335092
9.0 0.5800893427 0.4604221636 0.019144862800000002 0.0501319261
29.0 0.6049776643 0.4584432718 0.0229738354 0.1015831135
9.0 0.6263560944000001 0.4604221636 0.0185067007 0.0501319261
14.0 0.6544352266 0.4755936676 0.026164645900000002 0.0620052771
7.0 0.5376515635 0.5758575198 0.1589023612 0.09894459100000001
29.0 0.5574345884 0.6629287599 0.0210593491 0.1068601584
14.0 0.5867900447000001 0.6042216359 0.027440970000000002 0.0817941952
9.0 0.6952776006 0.5131926122 0.0197830249 0.0501319261
7.0 0.8433312062 0.4155672823 0.2622846203 0.1635883905
29.0 0.8328015316 0.5230870712 0.0229738354 0.11741424810000001
19.0 0.8631142310000001 0.4307387862 0.0325462668 0.1042216359
9.0 0.9014039566000001 0.5131926122 0.0185067007 0.0501319261
10.0 0.9208679004 0.511873351 0.0114869177 0.005277044900000001
20.0 0.9444798978000001 0.4953825858 0.0280791321 0.0857519789
29.0 0.9649010849 0.5079155673 0.019144862800000002 0.09762532980000001
7.0 0.6828334397 0.8027704486 0.1761327378 0.1332453825
29.0 0.7141033822 0.9379947230000001 0.022973835300000002 0.11081794190000001
20.0 0.7466496490000001 0.8350923483 0.0357370772 0.11609498680000001
