42.0 0.087544484 0.41449275360000004 0.1309608541 0.2782608696
39.0 0.0209964413 0.9130434782 0.0291814946 0.1275362319
45.0 0.061209964400000004 0.9246376812 0.0384341637 0.1101449275
16.0 0.10462633460000001 0.9072463768000001 0.0227758007 0.16231884060000001
9.0 0.13594306050000002 0.7202898550000001 0.031316726 0.2057971015
0.0 0.6021352314 0.5072463768000001 0.7103202847 0.052173913
14.0 0.3608540925 0.2884057971 0.0412811388 0.25797101440000003
9.0 0.4277580071 0.2507246376 0.061209964400000004 0.32753623190000003
10.0 0.48256227760000003 0.3043478261 0.0298932384 0.0405797102
21.0 0.5348754448 0.284057971 0.0491103203 0.3072463768
48.0 0.6704626334 0.33188405800000004 0.1451957295 0.2405797101
15.0 0.7583629893 0.11449275360000001 0.026334519600000002 0.14782608700000002
39.0 0.8512455516 0.315942029 0.052669039200000003 0.2492753623
50.0 0.306405694 0.763768116 0.16156583630000002 0.3623188405
39.0 0.4711743772 0.7115942029 0.0526690391 0.2347826086
9.0 0.5419928826 0.6724637681 0.059074733100000006 0.347826087
39.0 0.6099644128 0.7014492753 0.054092526700000004 0.22028985510000001
44.0 0.7736654805000001 0.7376811594 0.1779359431 0.22898550720000002
14.0 0.8772241993000001 0.5782608696 0.024911032000000003 0.14782608690000001
39.0 0.9669039146 0.7304347826 0.0533807829 0.2608695652
