42.0 0.0966424682 0.5879629630000001 0.1860254083 0.3858024691
40.0 0.22504537200000002 0.8827160494 0.0471869329 0.20987654320000002
45.0 0.2953720508 0.7978395062 0.0825771325 0.06481481480000001
21.0 0.3561705989 0.7530864198 0.0208711434 0.0925925925
0.0 0.6823956443 0.4922839506 0.4319419238 0.1944444444
47.0 0.5235934664 0.2608024692 0.1760435572 0.1759259259
2.0 0.7173321234000001 0.175925926 0.0335753176 0.2716049383
14.0 0.7654264972 0.1929012346 0.0480943739 0.1635802469
40.0 0.8225952813 0.2793209876 0.049909255900000005 0.2623456791
5.0 0.8611615245 0.1666666667 0.0145190562 0.2777777778
40.0 0.4886569873 0.8240740740000001 0.055353902 0.2716049383
48.0 0.6252268602000001 0.6728395062 0.1324863883 0.2839506173
2.0 0.7509074411000001 0.6203703704 0.0390199637 0.3024691358
21.0 0.7844827587000001 0.5987654321 0.026315789500000002 0.10493827160000001
40.0 0.8321234120000001 0.6929012346 0.047186932800000005 0.2561728395
5.0 0.8793103448 0.5925925926 0.012704174200000001 0.2962962963
0.0 0.9573502722 0.38271604940000004 0.0508166969 0.0432098766
19.0 0.9487295826000001 0.2932098765 0.026315789500000002 0.13580246910000002
15.0 0.9573502722 0.4691358024 0.0326678766 0.1604938271
