42.0 0.060179257400000005 0.5906432748 0.1165172855 0.2748538011
8.0 0.1514084507 0.7719298246 0.0185659411 0.1403508772
45.0 0.2064660691 0.7880116959 0.026248399500000002 0.0730994152
13.0 0.23111395640000001 0.7543859649 0.0051216389 0.1461988304
9.0 0.2439180538 0.5716374269 0.015364916800000001 0.11988304100000001
0.0 0.6792573624 0.49122807020000003 0.6389244559 0.134502924
0.0 0.4250960308 0.3260233918 0.0537772087 0.020467836200000002
26.0 0.4350192062 0.2368421052 0.0185659411 0.1228070175
26.0 0.411971831 0.4385964912 0.0185659411 0.134502924
8.0 0.4529449424 0.4005847953 0.0172855314 0.1228070176
2.0 0.504481434 0.2821637426 0.0256081947 0.2485380117
17.0 0.5352112676 0.279239766 0.029449423800000003 0.1783625731
9.0 0.5688220231000001 0.283625731 0.0211267605 0.17543859650000002
10.0 0.5966709347 0.2821637427 0.026888604400000002 0.0497076024
19.0 0.6293213828 0.2587719298 0.0294494239 0.2076023392
50.0 0.7208706786 0.2704678363 0.0985915493 0.1725146199
15.0 0.7938540333 0.07748538020000001 0.0230473752 0.11403508770000001
8.0 0.8514724712 0.2061403508 0.020486555700000002 0.1783625731
5.0 0.883162612 0.19883040940000002 0.0224071703 0.22222222230000002
0.0 0.3620358515 0.7850877193 0.08770806660000001 0.0321637426
26.0 0.3729193342 0.6973684210000001 0.019846350800000002 0.1491228071
26.0 0.347631242 0.8932748538 0.0179257362 0.14327485380000002
8.0 0.3908450704 0.8669590643 0.019846350800000002 0.1549707602
2.0 0.4414212548 0.7222222222 0.02368758 0.24561403510000002
47.0 0.5278489116 0.7383040936 0.0941101153 0.2076023392
8.0 0.6338028169000001 0.6842105263 0.0230473752 0.1929824562
9.0 0.666453265 0.6929824562 0.020486555700000002 0.1695906433
8.0 0.7170294494 0.6578947368 0.0243277849 0.1812865497
48.0 0.7957746479000001 0.66374269 0.0781049936 0.1871345029
20.0 0.8639564661 0.5380116959 0.021126760600000002 0.1520467836
8.0 0.9254161332 0.6081871345000001 0.0236875801 0.1754385964
5.0 0.9548655570000001 0.6038011696000001 0.0249679898 0.2192982456
