42.0 0.0546323224 0.4146341463 0.102617366 0.4573170731
39.0 0.1169505609 0.6966463414 0.0195263814 0.1554878049
45.0 0.140423764 0.7301829268000001 0.0232654757 0.0945121951
13.0 0.1661819692 0.675304878 0.0099709181 0.2347560975
9.0 0.1909015372 0.4984756098 0.0303282094 0.1371951219
0.0 0.6040714582 0.5929878049 0.6738678853 0.131097561
10.0 0.43041130040000003 0.37042682930000004 0.0232654757 0.0396341463
20.0 0.4671790611 0.2881097561 0.0411300374 0.22256097560000002
48.0 0.5434150395 0.29420731710000003 0.0789364354 0.2835365854
39.0 0.6177814708 0.3506097561 0.0265891151 0.23170731700000002
46.0 0.7023265476 0.37042682930000004 0.1051100955 0.22865853660000002
16.0 0.7746157042 0.1875 0.022019111 0.25914634140000004
39.0 0.8174075612 0.3490853658 0.0253427503 0.2286585365
44.0 0.3043207312 0.818597561 0.10511009560000001 0.22865853660000002
18.0 0.3718321562 0.6143292683 0.025758205200000002 0.1798780488
39.0 0.42210220190000003 0.7911585366 0.027420025 0.22865853660000002
9.0 0.4570004154 0.7667682926 0.0382218529 0.19207317070000002
2.0 0.4858745326 0.7865853658 0.0078936436 0.3292682927
15.0 0.5149563772 0.7774390244 0.0353136685 0.2865853658
39.0 0.5436227669 0.7835365854 0.0236809306 0.2195121951
48.0 0.6206896552 0.7728658536 0.0830909846 0.3323170731
39.0 0.6923556294000001 0.8109756098 0.027004570000000002 0.2560975609
9.0 0.7303697548 0.7606707317 0.0407145825 0.1859756098
21.0 0.7669297882 0.7545731708000001 0.0274200249 0.3140243903
5.0 0.7928957208 0.8018292683 0.0137100124 0.2804878048
46.0 0.8643539676 0.8125 0.1034482758 0.22865853660000002
15.0 0.9383049439000001 0.6509146342000001 0.024511840400000002 0.20426829270000002
39.0 0.9852513502 0.7911585366 0.0245118405 0.22865853660000002
