42.0 0.0945767195 0.4625 0.1759259259 0.41875
32.0 0.212962963 0.80625 0.0357142857 0.21875000000000003
45.0 0.255952381 0.7984374999999999 0.0436507937 0.11562499999999999
0.0 0.3230820106 0.76875 0.0694444444 0.0375
4.0 0.3326719576 0.640625 0.046296296300000005 0.18125000000000002
15.0 0.34292328040000003 0.8859374999999999 0.0337301587 0.18437499999999998
0.0 0.6911375662 0.528125 0.5119047619 0.1625
44.0 0.5148809524 0.3484375 0.1408730159 0.265625
14.0 0.5988756614 0.1546875 0.0363756614 0.165625
32.0 0.6736111111 0.35625 0.0403439154 0.24375000000000002
9.0 0.7166005291 0.28125 0.032407407400000005 0.1625
47.0 0.8339947090000001 0.340625 0.1415343916 0.30625
15.0 0.9074074074 0.1109375 0.0277777778 0.171875
32.0 0.9761904762 0.315625 0.0396825397 0.23750000000000002
19.0 0.7397486772 0.64375 0.0376984127 0.25
