42.0 0.1197698744 0.4398682043 0.2207112971 0.24052718280000002
30.0 0.2573221757 0.5881383855 0.039748954 0.12191103780000001
45.0 0.3206066946 0.6309719934 0.08682008370000001 0.0593080725
1.0 0.4178870293 0.6021416804 0.07008368200000001 0.0807248764
0.0 0.7358786611 0.5230642504 0.519874477 0.0345963756
0.0 0.7646443515 0.2594728172 0.3096234309 0.0247116969
43.0 0.6694560669 0.1112026359 0.13598326360000002 0.2026359144
21.0 0.760460251 0.17051070840000002 0.0355648535 0.1334431631
19.0 0.8054393305 0.1499176276 0.0460251046 0.1219110379
30.0 0.9110878661 0.0864909391 0.050209205 0.1334431631
43.0 0.670502092 0.3574958814 0.1422594143 0.1911037891
13.0 0.7703974896 0.41515650740000004 0.0596234309 0.1416803954
21.0 0.8169456067 0.40939044480000003 0.0376569038 0.12026359140000001
17.0 0.905334728 0.345140033 0.0407949791 0.13014827010000002
0.0 0.7646443514 0.7742998352 0.2845188285 0.026359143300000002
43.0 0.684623431 0.5914332784 0.15585774060000002 0.16803953870000002
19.0 0.764121339 0.6565074135 0.044979079500000005 0.12026359140000001
21.0 0.8179916318 0.6713344317000001 0.039748954 0.12355848430000001
30.0 0.8985355648000001 0.5971993411000001 0.0334728033 0.1400329489
43.0 0.6684100418000001 0.8747940692 0.1485355649 0.1911037892
18.0 0.7531380753 0.9242174629000001 0.041841004200000004 0.1087314662
19.0 0.7986401674 0.9258649094 0.0491631799 0.1252059308
13.0 0.9079497908 0.8525535420000001 0.0627615062 0.1235584844
