22.0 0.0440140845 0.1604584528 0.07394366200000001 0.12034383950000001
42.0 0.235915493 0.2421203438 0.2112676057 0.4670487106
28.0 0.38943661970000004 0.5816618911 0.0563380282 0.31518624640000004
45.0 0.4559859155 0.5830945559 0.0725352112 0.1919770774
14.0 0.5309859155000001 0.5128939828 0.0464788732 0.23495702000000002
0.0 0.8066901408 0.5200573066 0.3767605633 0.1461318052
28.0 0.7890845070000001 0.3481375358 0.05 0.3123209169
10.0 0.8323943662000001 0.2779369628 0.033802816900000004 0.0343839541
13.0 0.8690140845000001 0.2363896848 0.021126760600000002 0.1805157593
7.0 0.7658450704 0.7277936963 0.2922535211 0.44699140400000004
14.0 0.7411971831 0.7277936963 0.040140845 0.22349570200000002
28.0 0.7880281690000001 0.8438395415000001 0.0464788732 0.2893982808
9.0 0.8334507042 0.7392550143000001 0.0302816901 0.1375358166
19.0 0.8771126760000001 0.7593123209 0.0387323943 0.21203438400000002
10.0 0.9235915493 0.8194842407 0.034507042200000004 0.034383954200000004
16.0 0.9721830986000001 0.8151862464 0.052816901400000005 0.2148997135
