42.0 0.12426729190000001 0.38673139160000003 0.2415005862 0.49514563100000003
29.0 0.2889800704 0.6310679612 0.048065650700000004 0.1941747573
45.0 0.3610785463 0.718446602 0.08440797180000001 0.1488673139
1.0 0.4495896834 0.645631068 0.06682297770000001 0.10679611650000001
0.0 0.7948417350000001 0.5 0.3985932005 0.0485436894
13.0 0.6400937867000001 0.3430420712 0.0468933177 0.3430420712
29.0 0.6916764361000001 0.3203883495 0.058616647200000004 0.3171521036
14.0 0.7579132474 0.1294498382 0.052754982400000004 0.23300970880000002
9.0 0.8411488863000001 0.3025889968 0.0762016412 0.1779935275
12.0 0.9191090270000001 0.3090614886 0.0679953107 0.3203883495
14.0 0.6946072684 0.7572815534 0.06682297770000001 0.3430420712
3.0 0.7409144197 0.7572815534 0.0070339976 0.3754045308
29.0 0.7924970692000001 0.7605177994000001 0.0679953107 0.3236245955
21.0 0.8522860492000001 0.6262135922000001 0.0539273153 0.2297734628
6.0 0.9062133646 0.7572815534 0.0093786636 0.3754045308
