42.0 0.0689886136 0.4222488038 0.1259209645 0.36124401910000004
38.0 0.0324849297 0.6877990431000001 0.0448760884 0.12679425830000002
45.0 0.08070998 0.7045454546000001 0.0354989953 0.0550239235
1.0 0.1255860683 0.6566985646 0.03683858 0.0741626794
0.0 0.5632953784 0.5418660287 0.7367716008 0.0598086124
43.0 0.3131279303 0.22846889950000002 0.15472203610000002 0.447368421
15.0 0.422973878 0.3612440192 0.039517749500000005 0.2535885167
21.0 0.4678499665 0.3540669856 0.03683858 0.2631578947
38.0 0.5766912258 0.206937799 0.0843938379 0.20334928230000002
43.0 0.7381111855 0.235645933 0.15405224380000002 0.45693779900000003
13.0 0.8348961822000001 0.3373205742 0.0127260549 0.2057416268
13.0 0.8539852646 0.3456937799 0.013395847300000001 0.2177033492
16.0 0.9323509712 0.1710526316 0.0509042196 0.29425837320000003
43.0 0.3054253182 0.7571770335 0.1714668453 0.45215311
18.0 0.4085733422 0.8696172249 0.0509042197 0.24162679420000002
21.0 0.4598124582 0.8564593302 0.036838580100000004 0.2344497607
12.0 0.5522438044 0.6973684211000001 0.052913596800000004 0.3038277512
43.0 0.7009377093 0.7380382775000001 0.1614199598 0.42822966500000004
13.0 0.7916945747 0.8528708134 0.012056262600000001 0.1937799044
17.0 0.823509712 0.8492822966 0.039517749500000005 0.2200956937
38.0 0.9440723376000001 0.7739234450000001 0.0957803081 0.26076555020000003
