42.0 0.15092502430000002 0.4133192389 0.22590068160000001 0.4038054968
23.0 0.0452775073 0.6553911206 0.071080818 0.13530655390000002
45.0 0.123174294 0.6881606766 0.0710808179 0.1035940803
1.0 0.2317429406 0.6363636364 0.0973709834 0.13530655390000002
0.0 0.6489776047 0.4926004229 0.5637779942 0.0676532769
43.0 0.4975657254 0.28752642700000003 0.241480039 0.46088794930000004
21.0 0.6918208374 0.3424947146 0.08276533600000001 0.23255813960000002
16.0 0.7721518987 0.31395348840000004 0.0798442064 0.21353065540000002
14.0 0.9420642648 0.1522198732 0.10418695230000001 0.2832980973
43.0 0.5238558910000001 0.7441860465 0.2512171373 0.4947145878
14.0 0.7025316456 0.7632135307 0.0710808179 0.2452431289
13.0 0.7775073028 0.7378435518 0.0477117819 0.1733615222
21.0 0.9186952288 0.6025369979 0.100292113 0.27061310780000003
