42.0 0.1441860465 0.40753911800000003 0.2813953488 0.1778093883
29.0 0.0372093024 0.6145092461 0.0604651163 0.1564722618
45.0 0.1476744186 0.63371266 0.09534883720000001 0.0469416785
1.0 0.2651162791 0.6045519204 0.088372093 0.07396870550000001
0.0 0.6779069767 0.49928876240000003 0.6000000000000001 0.0284495021
0.0 0.6662790698000001 0.24893314360000002 0.4395348837 0.0170697013
43.0 0.5877906977 0.1322901849 0.22674418600000001 0.213371266
17.0 0.7494186046 0.16714082500000002 0.0686046511 0.106685633
13.0 0.8093023256 0.1699857752 0.0395348837 0.1038406827
29.0 0.9430232558 0.127311522 0.0813953488 0.1578947369
43.0 0.5709302326 0.3691322902 0.22325581390000002 0.2204836416
18.0 0.7372093023 0.4025604552 0.0720930233 0.1109530584
16.0 0.8005813954000001 0.4103840683 0.0546511627 0.106685633
14.0 0.9494186046 0.33926031300000004 0.09651162790000001 0.1294452347
0.0 0.7203488372 0.7588904694 0.4546511628 0.027027027000000002
43.0 0.5965116279 0.632290185 0.23953488380000001 0.20625889050000001
13.0 0.7313953488 0.673541963 0.037209302300000004 0.1038406828
14.0 0.8040697674 0.6706970128 0.07093023250000001 0.0896159318
29.0 0.9331395349 0.6280227596 0.0662790698 0.15220483640000002
43.0 0.5976744186 0.8798008535 0.23023255820000002 0.2290184922
17.0 0.7656976744 0.9082503556 0.0802325582 0.1152204836
20.0 0.8226744186 0.9096728307 0.0523255814 0.1038406828
21.0 0.9470930232 0.8442389758000001 0.056976744100000004 0.1408250356
