42.0 0.1875 0.3290697674 0.2113636364 0.2813953489
8.0 0.0335227272 0.5802325582 0.0420454545 0.15581395350000002
45.0 0.1494318182 0.5930232558 0.08295454540000001 0.0790697674
10.0 0.2323863636 0.588372093 0.0443181818 0.023255814000000003
1.0 0.3295454546 0.573255814 0.059090909100000005 0.10465116270000001
0.0 0.7375 0.38837209300000003 0.34545454540000003 0.0186046512
18.0 0.5948863636 0.1790697674 0.0670454545 0.2651162791
8.0 0.7329545454 0.22325581400000002 0.0681818181 0.2697674419
21.0 0.8193181818 0.0906976744 0.0318181818 0.16279069770000001
19.0 0.5136363636 0.6104651162 0.075 0.2534883721
3.0 0.5994318182 0.6848837210000001 0.0488636364 0.5465116279000001
8.0 0.7096590909 0.6209302326 0.0738636364 0.2651162791
19.0 0.7965909091000001 0.5186046512 0.0431818182 0.1302325581
6.0 0.9539772728 0.6720930232 0.08522727270000001 0.5302325581
