42.0 0.0839320706 0.3007614214 0.1574134553 0.3883248731
39.0 0.0444154147 0.5609137056 0.0431090791 0.1370558376
45.0 0.0849118224 0.6053299492 0.0352710647 0.0583756345
1.0 0.1309601568 0.5571065989 0.038536904000000004 0.0736040609
39.0 0.26681907250000003 0.42131979700000005 0.0790333116 0.27918781730000003
21.0 0.317439582 0.2170050762 0.0313520575 0.1700507615
9.0 0.3775310254 0.3908629442 0.0600914435 0.1776649746
10.0 0.4356629654 0.4492385786 0.0352710646 0.020304568500000002
7.0 0.7322011757 0.6104060914 0.5120836054 0.7233502538000001
39.0 0.6502286088 0.502538071 0.0725016329 0.26395939090000003
19.0 0.6979098628 0.3743654822 0.0306988896 0.1345177665
9.0 0.7560418028 0.48223350260000003 0.0568256041 0.1725888325
20.0 0.8233180928 0.5038071066 0.052906596900000005 0.3324873096
39.0 0.9000653168 0.5609137056 0.0705421294 0.2639593908
19.0 0.9412148922 0.4276649746 0.0274330503 0.1294416244
