42.0 0.1155963302 0.3827493262 0.21284403670000002 0.41509433970000004
30.0 0.2986238532 0.5876010782000001 0.0596330276 0.35579514830000003
45.0 0.3866972477 0.6266846362 0.0834862386 0.0835579515
1.0 0.4770642202 0.5606469003 0.0678899082 0.1185983827
0.0 0.8224770642 0.4811320754 0.3513761468 0.0188679245
43.0 0.7256880734000001 0.2533692722 0.1724770642 0.43665768190000004
18.0 0.8486238532 0.3221024259 0.0385321101 0.2506738544
13.0 0.8848623853 0.3167115903 0.030275229400000003 0.20754716980000001
13.0 0.9555045872000001 0.1442048518 0.0284403669 0.2614555257
43.0 0.6935779817000001 0.7088948788 0.1633027523 0.3935309973
14.0 0.826146789 0.8018867924 0.0449541284 0.22371967650000002
12.0 0.8871559633 0.8113207547 0.0642201834 0.2210242588
13.0 0.9839449542 0.6644204852000001 0.0321100917 0.30458221020000004
