42.0 0.0649275362 0.631147541 0.1252173913 0.2969034608
39.0 0.0275362319 0.9335154827000001 0.04 0.1111111112
45.0 0.07101449280000001 0.9307832422000001 0.0411594203 0.0655737705
20.0 0.1165217392 0.8788706740000001 0.0278260869 0.1766848816
0.0 0.6162318840000001 0.5965391621 0.7675362319 0.2531876138
7.0 0.35275362320000003 0.4990892532 0.32753623190000003 0.7067395264
21.0 0.3391304348 0.3679417122 0.0428985507 0.29143898
9.0 0.3886956522 0.3597449908 0.0365217391 0.1256830601
14.0 0.44492753620000003 0.3515482696 0.056231884100000004 0.204007286
39.0 0.5144927536 0.3679417122 0.0643478261 0.1639344262
9.0 0.5669565218 0.3187613844 0.0347826087 0.11293260470000001
10.0 0.6179710145 0.3415300546 0.042898550800000004 0.0309653917
14.0 0.6672463768 0.3132969034 0.051014492800000005 0.2040072859
7.0 0.8330434782 0.26684881600000004 0.2539130435 0.44990892530000004
15.0 0.8344927536000001 0.2978142076 0.048115942 0.2568306011
9.0 0.8771014493 0.2568306011 0.0289855072 0.102003643
39.0 0.9292753623000001 0.2877959927 0.044057971 0.1566484518
39.0 0.6084057971 0.6584699454 0.0620289856 0.1621129326
