42.0 0.0549070471 0.153761062 0.075226978 0.27654867250000004
33.0 0.009079118 0.47787610620000004 0.0146995244 0.0973451328
45.0 0.030912235200000002 0.49446902660000003 0.0255079982 0.050884955700000005
19.0 0.0635538262 0.4955752212 0.0242109814 0.1327433629
9.0 0.0825767402 0.3871681416 0.013834846500000001 0.1061946902
0.0 0.5492866407 0.42035398230000004 0.8711629918 0.37168141600000004
10.0 0.3249027237 0.1880530973 0.0211846087 0.022123893800000002
50.0 0.4228274967 0.1836283186 0.1236489407 0.22123893800000002
33.0 0.522697795 0.2665929204 0.0285343709 0.1969026549
47.0 0.6178123649 0.2699115044 0.1098140942 0.2123893805
20.0 0.6932555123 0.20022123900000002 0.0142671855 0.1482300885
33.0 0.7457846952 0.35287610620000004 0.0293990488 0.2013274336
50.0 0.17661046260000002 0.44690265490000003 0.1076523994 0.203539823
18.0 0.2511889322 0.3871681416 0.013834846500000001 0.13274336280000001
33.0 0.2933419801 0.5365044248 0.0263726762 0.2057522124
9.0 0.3249027237 0.5254424778 0.023778642500000002 0.1924778761
2.0 0.36446173800000004 0.5884955752000001 0.044098573200000005 0.43805309740000004
12.0 0.4027237354 0.5464601769 0.0263726762 0.2831858407
50.0 0.49956766100000005 0.6139380531 0.1197578901 0.29424778760000003
33.0 0.6106787722 0.689159292 0.0298313878 0.2278761062
9.0 0.6444012106 0.6736725664000001 0.0246433203 0.21017699110000002
21.0 0.6893644618 0.6692477876 0.040207522700000005 0.2853982301
5.0 0.7300043234 0.7223451328 0.0315607436 0.4269911505
46.0 0.8484651967 0.8451327434 0.1387808042 0.2920353983
13.0 0.916126243 0.7013274336 0.0207522698 0.18584070800000002
33.0 0.9785992218 0.814159292 0.0315607436 0.1769911505
