0.0 0.024872809500000002 0.4987654321 0.0463538722 0.014814814800000001
16.0 0.0285472018 0.32592592600000003 0.0390050876 0.2814814815
14.0 0.0302430752 0.6555555556 0.0423968344 0.2493827161
42.0 0.1642170718 0.4012345679 0.1317128321 0.43209876540000003
39.0 0.2546636518 0.6481481482 0.0231769361 0.1456790123
45.0 0.282928208 0.6814814814 0.0288298474 0.0839506173
0.0 0.32702091580000003 0.6839506173000001 0.0774448841 0.024691358
4.0 0.3445449406 0.5950617284 0.0435274167 0.1580246914
19.0 0.3414358394 0.7740740741000001 0.0237422273 0.17530864200000001
10.0 0.40276992650000004 0.48765432100000006 0.0209157716 0.022222222200000002
0.0 0.7464669304 0.5049382716 0.4946297343 0.022222222200000002
0.0 0.5460712267 0.2530864198 0.054267948 0.0172839507
26.0 0.5491803279 0.14197530860000002 0.0254381006 0.20987654320000002
26.0 0.5367439232 0.3740740741 0.0265686829 0.20987654320000002
39.0 0.5647258338 0.39506172840000003 0.0237422272 0.1530864198
2.0 0.6042962126 0.24444444440000002 0.0169587337 0.3308641975
14.0 0.6441492368 0.19135802470000002 0.0480497457 0.2543209876
39.0 0.68343697 0.2345679012 0.036178632 0.2172839506
9.0 0.7201808932 0.1814814814 0.040700961 0.1308641975
10.0 0.7549462974000001 0.2333333333 0.0243075183 0.022222222200000002
19.0 0.7964951950000001 0.19753086420000002 0.040700961 0.2469135802
4.0 0.8750706614 0.2185185185 0.058790277 0.18518518520000002
5.0 0.9431882420000001 0.2543209876 0.0163934427 0.2962962963
0.0 0.5144149237 0.7604938272 0.055398530200000004 0.014814814800000001
26.0 0.515545506 0.6283950617 0.0260033917 0.20987654320000002
26.0 0.5011305823000001 0.8864197531 0.0243075183 0.20740740740000002
39.0 0.5313736575 0.9037037037000001 0.024872809500000002 0.1481481482
47.0 0.6447145280000001 0.7222222222 0.1283210854 0.2
39.0 0.7637083098 0.7345679012 0.031656303000000004 0.2049382716
50.0 0.8747880159 0.6975308642 0.1362351611 0.2543209876
39.0 0.9737139627 0.7419753086 0.035613340800000004 0.2148148148
