42.0 0.0658866995 0.49042145600000003 0.1293103448 0.19923371650000002
28.0 0.0326354679 0.8429118774000001 0.0591133005 0.2528735632
45.0 0.0840517242 0.7442528736 0.0597290641 0.0977011494
21.0 0.138546798 0.6772030652000001 0.0357142857 0.1628352491
0.0 0.6169950739 0.417624521 0.7598522168 0.29885057470000004
7.0 0.5197044335000001 0.1925287356 0.1502463054 0.3812260537
39.0 0.5899014778 0.24904214560000001 0.0369458128 0.18773946360000002
10.0 0.6379310345 0.1963601532 0.039408867 0.0440613027
17.0 0.6853448276 0.15325670500000002 0.0578817734 0.19157088120000001
2.0 0.22690886700000001 0.7183908046 0.032635468 0.30651341
7.0 0.3334359606 0.6695402299000001 0.15825123160000001 0.4195402299
39.0 0.411637931 0.6944444444 0.0375615763 0.17816091950000001
10.0 0.45935960600000003 0.6522988506 0.0381773399 0.047892720300000004
16.0 0.516317734 0.5881226054 0.058497537 0.19923371650000002
5.0 0.5772783251 0.6379310345 0.0671182266 0.30651341
2.0 0.6157635468 0.6302681992 0.039408867 0.34099616860000004
7.0 0.716133005 0.5929118774000001 0.1465517241 0.4655172414
39.0 0.7767857143 0.5727969348 0.0387931034 0.17241379310000002
9.0 0.8201970444000001 0.5153256705 0.0431034483 0.1455938698
20.0 0.8762315271000001 0.49521072800000004 0.0467980296 0.22796934870000002
5.0 0.9214901478 0.49425287360000003 0.0523399015 0.2605363985
