42.0 0.09815035800000001 0.35099337740000003 0.1545346062 0.5033112583
25.0 0.20704057280000002 0.7417218543 0.0405727924 0.1854304636
45.0 0.25 0.7566225166 0.0477326968 0.1158940397
18.0 0.2962410502 0.6821192053 0.032816229100000004 0.2185430464
9.0 0.3248806682 0.4950331126 0.028042959500000002 0.1754966888
0.0 0.665274463 0.524834437 0.5918854416 0.0629139073
0.0 0.6772076372 0.286423841 0.0405727923 0.0298013245
21.0 0.6951073986 0.1506622517 0.0262529833 0.2284768212
25.0 0.6965990453 0.3841059603 0.0399761337 0.17880794700000002
10.0 0.4176610978 0.6986754967000001 0.0357995227 0.0397350994
20.0 0.4594272076 0.6556291391 0.0441527447 0.29801324500000004
46.0 0.5793556086 0.7201986755 0.1455847256 0.3145695364
25.0 0.7046539380000001 0.7334437086000001 0.0525059665 0.2549668874
47.0 0.8305489260000001 0.7516556292000001 0.1563245824 0.3576158941
25.0 0.9680787590000001 0.7334437086000001 0.0519093079 0.2549668874
