27.0 0.051149881 0.6255319149 0.0594766059 0.459574468
42.0 0.1419508327 0.2978723404 0.10785091200000001 0.3234042553
23.0 0.2149088025 0.7021276596 0.026962728000000002 0.1191489362
45.0 0.2565424266 0.6595744681 0.0515463917 0.17021276600000002
17.0 0.3235527359 0.5765957447 0.0380650278 0.3276595745
9.0 0.37192704200000004 0.4063829788 0.053925456000000004 0.22553191490000002
46.0 0.5099127676 0.3042553192 0.1078509119 0.2085106383
23.0 0.6153846154 0.36382978730000004 0.025376685200000002 0.1063829787
0.0 0.8445678033 0.3744680851 0.2965900079 0.059574468000000005
49.0 0.6780333069000001 0.1723404255 0.044409199 0.18297872340000002
2.0 0.7541633624 0.1744680851 0.0190325138 0.2638297872
15.0 0.7890563045000001 0.1361702128 0.041237113400000004 0.2553191489
9.0 0.8394131642 0.229787234 0.0531324345 0.2553191489
23.0 0.8925455987 0.2340425532 0.0277557494 0.11063829780000001
5.0 0.9234734338 0.16595744680000002 0.026169706600000002 0.30638297880000004
48.0 0.7597145123 0.5680851064 0.09516256940000001 0.33617021280000003
23.0 0.8667724028 0.6191489362 0.028548770900000003 0.1063829787
