42.0 0.0369955157 0.5861513688000001 0.0728699552 0.0966183575
30.0 0.0266255605 0.7012882448000001 0.0151345291 0.0595813205
45.0 0.0498878924 0.6876006441 0.0280269058 0.0450885668
19.0 0.0784753364 0.6706924316 0.0156950673 0.0563607085
0.0 0.3273542601 0.539452496 0.39798206280000004 0.09017713370000001
30.0 0.30437219730000004 0.4774557166 0.033632287000000004 0.1046698873
7.0 0.2668161435 0.768921095 0.23542600900000002 0.4396135266
40.0 0.2735426009 0.7777777778 0.0246636772 0.1127214171
30.0 0.3091367713 0.7407407407000001 0.0330717488 0.0998389694
9.0 0.3469730942 0.7149758454 0.0325112108 0.0805152979
19.0 0.3932174888 0.7149758454 0.0364349776 0.1256038648
10.0 0.4313340808 0.7037037037 0.0274663677 0.0161030596
14.0 0.4719730942 0.6972624799 0.042600896900000004 0.1449275362
0.0 0.7628923767 0.4371980676 0.41367713 0.09822866350000001
7.0 0.7298206278 0.25362318840000003 0.3688340808 0.49114331720000004
40.0 0.6846973094000001 0.32930756840000003 0.0297085202 0.1304347826
30.0 0.7320627803 0.2858293076 0.047085201800000004 0.1175523349
9.0 0.7797085202 0.2479871176 0.0459641256 0.09017713370000001
18.0 0.8338004484 0.2214170692 0.0510089686 0.1400966183
9.0 0.8923766816 0.2173913044 0.0448430493 0.09017713370000001
21.0 0.9442264574 0.2085346216 0.0353139014 0.1400966184
7.0 0.7253363229 0.6376811594 0.35650224210000003 0.4347826087
40.0 0.6917040358000001 0.72705314 0.030269058300000002 0.1497584541
30.0 0.735986547 0.6819645732 0.0369955157 0.1336553945
9.0 0.7867152466 0.6328502415 0.0454035875 0.0837359099
17.0 0.8475336322 0.6384863124 0.0571748879 0.1336553946
9.0 0.9086322870000001 0.6111111111 0.0504484305 0.0853462158
20.0 0.966087444 0.5925925926 0.0532511211 0.14170692440000002
