42.0 0.1285460993 0.3460365854 0.2299054374 0.5091463415
25.0 0.0162529551 0.7240853659 0.030141844 0.1737804878
45.0 0.0706264776 0.7591463415 0.0679669031 0.1524390244
0.0 0.1793735224 0.75 0.09278959810000001 0.024390244000000002
4.0 0.1690307329 0.6280487804 0.0709219858 0.1768292683
16.0 0.1705082742 0.8871951220000001 0.047872340400000005 0.2134146341
0.0 0.6063829787 0.5015243902000001 0.6973995272 0.1371951219
16.0 0.3235815603 0.1905487804 0.0620567376 0.2530487805
47.0 0.4804964539 0.262195122 0.1560283688 0.3048780487
19.0 0.5809692672 0.1143292682 0.0271867613 0.1493902439
25.0 0.6551418440000001 0.3262195122 0.0348699764 0.25
9.0 0.6947399527 0.2667682926 0.0372340426 0.19207317070000002
20.0 0.7287234042 0.2759146342 0.0295508275 0.2774390243
47.0 0.8460401891 0.3780487805 0.1306146572 0.3414634146
16.0 0.9134160756 0.2195121952 0.0230496453 0.12804878050000001
25.0 0.9748817967000001 0.362804878 0.030141844 0.2012195121
14.0 0.6926713948000001 0.6341463414 0.043735224600000004 0.2743902439
