42.0 0.0604048071 0.1696428572 0.11195445920000001 0.31547619050000003
40.0 0.1312460469 0.5208333334 0.0246679317 0.1091269841
45.0 0.1606578116 0.5099206349000001 0.026565464900000002 0.0515873016
4.0 0.21537001900000002 0.3650793651 0.0347881088 0.1468253968
11.0 0.26312460460000003 0.3908730158 0.0594560405 0.33730158730000004
15.0 0.2896900696 0.5535714286 0.0227703985 0.0992063492
0.0 0.6486401012 0.4265873016 0.6293485136 0.1865079365
0.0 0.41018342820000003 0.1388888889 0.046173308 0.0238095238
26.0 0.41461100570000003 0.0873015873 0.017077798800000002 0.12301587300000001
26.0 0.39943074 0.1904761904 0.018342821000000002 0.0833333333
40.0 0.4209361164 0.2321428572 0.027197976000000002 0.1111111111
2.0 0.4762808349 0.1408730158 0.036685642000000004 0.2420634921
46.0 0.564516129 0.1666666666 0.0929791271 0.1150793651
40.0 0.6555977230000001 0.2698412698 0.0297280203 0.1904761905
9.0 0.6948134092 0.21924603180000002 0.0322580645 0.1329365079
10.0 0.7277039848 0.23611111110000002 0.0246679317 0.0238095238
19.0 0.7713472486 0.2470238095 0.0474383302 0.1329365079
47.0 0.8589500316 0.2698412698 0.0860215054 0.1507936508
40.0 0.9456040481 0.3382936508 0.0290955092 0.1448412698
5.0 0.9803921568 0.3035714286 0.026565464900000002 0.2420634921
0.0 0.47596457940000003 0.7271825397 0.0297280202 0.0178571428
26.0 0.49493991140000004 0.6626984127000001 0.0196078431 0.10714285720000001
26.0 0.476913346 0.7926587302 0.018975332100000002 0.09722222230000001
40.0 0.4984187224 0.8392857143 0.026565464900000002 0.11904761900000001
2.0 0.5518659076 0.7490079365000001 0.0347881087 0.255952381
40.0 0.591714105 0.7867063492 0.0398481974 0.15277777780000001
9.0 0.6258697028 0.7648809524 0.0322580645 0.1369047619
10.0 0.6574952562 0.7757936508000001 0.0221378874 0.0238095238
15.0 0.6900695762 0.7718253968000001 0.027830487 0.126984127
4.0 0.7368753954 0.6904761905 0.039215686300000004 0.1785714286
11.0 0.7903225807 0.6964285714 0.06641366230000001 0.4166666667
20.0 0.8377609108 0.8422619048000001 0.0398481974 0.1448412699
5.0 0.8652751424 0.8442460318 0.026565464900000002 0.2678571429
