42.0 0.0589235127 0.4772727272 0.0895184136 0.1428571429
28.0 0.0138810198 0.6558441558 0.0198300283 0.10389610390000001
45.0 0.045325779000000004 0.6185064935 0.0351274787 0.045454545400000004
14.0 0.07932011330000001 0.6055194805 0.020396600600000002 0.0779220779
14.0 0.1084985836 0.6095779221000001 0.0254957507 0.0827922078
0.0 0.5320113314 0.5657467532 0.8317280453 0.0957792207
7.0 0.5229461756 0.2654220779 0.1359773371 0.44642857140000003
16.0 0.5240793201 0.1631493506 0.0147308782 0.0892857143
39.0 0.5949008498 0.252435065 0.0317280453 0.1087662337
10.0 0.6266288952 0.2418831169 0.0294617564 0.0292207792
16.0 0.6634560906 0.23295454540000002 0.0237960339 0.1542207793
2.0 0.1750708215 0.6915584416 0.0181303116 0.1363636363
7.0 0.23824362610000002 0.7175324676 0.1342776204 0.4220779221
16.0 0.2376770538 0.6290584416 0.011898017 0.0860389611
39.0 0.3107648725 0.7248376624 0.0322946176 0.11525974030000001
10.0 0.3464589236 0.7167207792 0.0345609065 0.037337662300000005
21.0 0.3776203966 0.7086038961000001 0.020963172800000002 0.1607142858
5.0 0.40481586410000003 0.6923701299 0.0220963173 0.13798701300000002
2.0 0.42776203970000004 0.6996753247 0.0192634561 0.1493506494
7.0 0.4917847026 0.7021103896 0.1371104815 0.40097402600000004
16.0 0.49008498580000004 0.6314935065 0.0124645893 0.0876623376
39.0 0.5614730878 0.7362012987000001 0.0305949008 0.13149350640000002
9.0 0.6008498583 0.6996753247 0.0413597733 0.1006493506
18.0 0.6439093484 0.7126623377 0.028895184100000002 0.1590909091
5.0 0.6730878187 0.7053571429000001 0.019263456 0.1542207793
2.0 0.6960339944 0.7069805195000001 0.0164305949 0.1574675325
7.0 0.7886685552 0.7329545454 0.1348441927 0.4431818181
39.0 0.8580736544 0.7256493506 0.026628895200000002 0.1168831169
9.0 0.8971671388 0.7053571429000001 0.0368271954 0.1087662337
15.0 0.9419263456 0.6907467532 0.026628895200000002 0.125
5.0 0.9807365439000001 0.7012987013 0.0271954674 0.1493506494
