49.0 0.0534738486 0.23630136980000002 0.09914129590000001 0.4520547945
25.0 0.18266978920000002 0.3321917808 0.06401249020000001 0.2534246575
22.0 0.2685402029 0.359589041 0.08430913350000001 0.1301369863
42.0 0.4773614364 0.35102739720000004 0.1584699454 0.39383561650000004
36.0 0.3544106167 0.8510273972 0.043715847 0.2157534247
45.0 0.4332552693 0.9126712328000001 0.0765027322 0.1198630137
15.0 0.5078064012 0.8578767123000001 0.0382513661 0.25
9.0 0.5585480093 0.6952054794 0.032006245100000004 0.1438356165
36.0 0.6740827478 0.5017123288 0.0694769711 0.3047945205
3.0 0.731069477 0.5376712329000001 0.016393442600000002 0.5753424658
49.0 0.8075722092000001 0.5051369863 0.07728337240000001 0.4212328768
36.0 0.9410616706 0.5719178082 0.0663544106 0.2739726028
6.0 0.9886807182 0.6609589042 0.0132708822 0.6095890411
