22.0 0.0244252873 0.6347368421 0.0383141763 0.0905263158
42.0 0.1312260536 0.6052631579000001 0.0900383141 0.267368421
39.0 0.08285440620000001 0.8810526316 0.0249042145 0.13684210530000002
45.0 0.1163793104 0.8957894737000001 0.0373563219 0.10315789480000001
0.0 0.17576628360000002 0.8642105263000001 0.0488505747 0.023157894800000002
4.0 0.1707375479 0.7936842106 0.0397509578 0.1263157895
19.0 0.1781609196 0.9336842106000001 0.0143678161 0.1242105263
0.0 0.6068007662 0.5389473684 0.7327586207 0.1978947368
14.0 0.25431034480000003 0.47684210530000004 0.0287356322 0.2294736842
50.0 0.3546455939 0.44 0.1269157088 0.23578947360000002
19.0 0.43630268200000005 0.2789473684 0.0220306514 0.18315789470000002
39.0 0.5102969349 0.41052631580000004 0.0435823755 0.17684210520000002
9.0 0.5605842912 0.3652631579 0.0512452108 0.1705263158
10.0 0.6072796935 0.37263157900000005 0.0277777778 0.0168421053
18.0 0.6501436782000001 0.3336842105 0.0454980843 0.2547368421
47.0 0.7911877394 0.37263157900000005 0.1657088123 0.2736842105
17.0 0.8733237548 0.09684210530000001 0.0292145594 0.18947368420000002
39.0 0.9662356322000001 0.28 0.0531609196 0.2231578948
21.0 0.599137931 0.6305263158000001 0.0421455939 0.2252631579
