42.0 0.0870646766 0.31166666660000003 0.1556503198 0.4833333333
36.0 0.1855010661 0.6033333333 0.0369580668 0.1466666667
45.0 0.2281449894 0.63 0.0511727079 0.09333333340000001
17.0 0.28749111580000003 0.5966666667 0.0405117271 0.2
0.0 0.6911869226 0.51 0.5849324805 0.0266666666
16.0 0.4761904762 0.16 0.0369580668 0.2933333334
36.0 0.5234541578 0.2166666667 0.0447761194 0.22
48.0 0.6115849325 0.22 0.0845771144 0.2466666666
2.0 0.7181947406 0.28500000000000003 0.0476190476 0.51
14.0 0.7864250178000001 0.24 0.0774697939 0.3066666666
36.0 0.8386638237 0.2416666667 0.0383795309 0.19
5.0 0.8837953092 0.2666666667 0.039090263 0.44
16.0 0.394811656 0.6516666666 0.040511727000000004 0.3233333333
36.0 0.4328358208 0.6783333333 0.0355366027 0.21
47.0 0.5600568586 0.7266666666 0.1364605543 0.2866666667
36.0 0.6734186212000001 0.7216666666 0.039090263 0.2366666667
48.0 0.7643923241 0.7316666666 0.0845771144 0.2766666667
2.0 0.8663823738 0.76 0.0454868515 0.4733333334
36.0 0.9115138593000001 0.7233333334000001 0.039090263 0.2066666667
5.0 0.9538024164000001 0.7183333333 0.0355366027 0.39
