42.0 0.1289537713 0.2682926829 0.15247364160000001 0.4119241192
39.0 0.0287915652 0.6897018970000001 0.051094890500000004 0.23035230350000002
45.0 0.0823195458 0.7642276423000001 0.0543390105 0.1029810298
19.0 0.15166261150000002 0.7046070461 0.0405515004 0.24932249320000002
9.0 0.2153284672 0.5460704607 0.0608272507 0.17073170740000002
0.0 0.3637469586 0.3983739837 0.0592051906 0.0325203252
17.0 0.3552311436 0.2208672086 0.0600162206 0.3224932249
39.0 0.36131386860000003 0.5433604336 0.0754257908 0.2791327914
9.0 0.4651257096 0.3604336043 0.0819140309 0.24390243900000003
10.0 0.5393349554 0.3699186991 0.0454176804 0.035230352300000004
15.0 0.597323601 0.3224932249 0.051094890500000004 0.2655826558
0.0 0.8049472830000001 0.4878048781 0.3268450933 0.0921409215
17.0 0.8094079481 0.2804878048 0.061638280600000005 0.3170731707
27.0 0.6893755069 0.8333333333 0.0746147608 0.33333333330000003
39.0 0.7664233576 0.6124661247000001 0.0437956205 0.21138211380000002
9.0 0.8572587186 0.783197832 0.09083536090000001 0.2222222222
19.0 0.9403892944000001 0.783197832 0.0624493106 0.3360433604
