22.0 0.03906591 0.4136546184 0.037101702300000004 0.0642570281
42.0 0.1268005238 0.3724899598 0.0763858577 0.21485943770000002
38.0 0.091444784 0.59437751 0.0301178525 0.1044176707
45.0 0.13247490180000002 0.624497992 0.0405936272 0.0642570281
16.0 0.1684853775 0.5923694779 0.0183326059 0.18072289160000002
0.0 0.6030117852 0.48393574300000003 0.7319947621 0.0843373494
7.0 0.5146224356 0.2630522088 0.1571366216 0.43775100400000005
15.0 0.48079441300000003 0.13453815260000002 0.0196420777 0.1124497992
39.0 0.5578350066000001 0.2720883534 0.0506329113 0.186746988
10.0 0.6178524662 0.27108433730000003 0.043212570900000004 0.0281124498
19.0 0.6606285465 0.2269076305 0.0414666084 0.2088353414
2.0 0.2254474029 0.7168674699 0.0240069838 0.3212851406
7.0 0.3057616762 0.6435742972 0.1383675251 0.3393574297
15.0 0.2800087298 0.5742971888 0.0178961152 0.1124497992
39.0 0.3509384548 0.702811245 0.049759930200000003 0.172690763
10.0 0.400043649 0.7178714859 0.0353557399 0.0261044177
14.0 0.448930598 0.701807229 0.049323439600000005 0.2389558233
5.0 0.48821475340000003 0.7228915662000001 0.0152771716 0.2931726907
2.0 0.514840681 0.7319277108000001 0.0301178525 0.33132530120000003
38.0 0.565255347 0.7259036144000001 0.057616761200000005 0.17871485950000002
0.0 0.6239633348 0.5983935743000001 0.043212571000000005 0.016064257000000002
19.0 0.6182889568000001 0.5060240964 0.0222610214 0.10040160640000001
15.0 0.6215626364 0.6797188755 0.022697512000000003 0.1184738956
9.0 0.6850720210000001 0.7419678715 0.0501964207 0.1907630522
38.0 0.7540375382000001 0.7319277108000001 0.0667830642 0.1746987951
0.0 0.8033609777 0.6064257028000001 0.0449585334 0.012048192800000001
21.0 0.8105630728000001 0.5321285141000001 0.020078568300000002 0.1204819277
18.0 0.8140549978 0.6997991968 0.0244434745 0.13855421680000002
9.0 0.8889131384000001 0.7590361446 0.060672195500000005 0.19678714860000002
15.0 0.9445656918 0.7228915663000001 0.0471409865 0.2409638554
5.0 0.9866870362000001 0.7851405623000001 0.023134002600000002 0.36144578310000003
