42.0 0.0601006922 0.49084668200000003 0.1151667715 0.2082379863
40.0 0.029578351200000002 0.7025171624000001 0.0188797986 0.1556064073
45.0 0.053807426000000005 0.6315789474 0.0283196979 0.0732265446
14.0 0.0896790434 0.6510297483 0.0258023914 0.0846681922
19.0 0.1837633732 0.4565217392 0.0440528634 0.2311212815
0.0 0.4260541221 0.5125858124 0.3209565764 0.0366132723
44.0 0.29358086850000004 0.23112128140000002 0.13782252990000002 0.1601830663
2.0 0.4376966646 0.22425629290000001 0.0320956577 0.2608695652
15.0 0.4792322216 0.22425629290000001 0.039647577100000005 0.1784897026
40.0 0.5254877281 0.3249427918 0.036500944 0.27917620130000004
5.0 0.5676526117 0.15217391300000002 0.0390182504 0.29061784890000003
18.0 0.381371932 0.6155606408000001 0.0478288231 0.1830663615
40.0 0.4336060416 0.7471395881 0.0352422907 0.299771167
0.0 0.7825676526 0.5057208238 0.3505349276 0.0274599542
16.0 0.7957835117000001 0.3970251716 0.034612964100000004 0.1899313501
50.0 0.6985525488000001 0.7173913044 0.1485210824 0.1990846681
2.0 0.8244178729 0.7185354691 0.031466331 0.2608695652
20.0 0.8650094399 0.7139588101000001 0.0409062304 0.2151029748
40.0 0.9169288861 0.8398169336 0.036500944 0.3066361556
5.0 0.9590937696 0.6556064073 0.039018250500000004 0.295194508
