42.0 0.11323851200000001 0.3772241993 0.22428884030000001 0.5480427046
36.0 0.27242888400000004 0.6583629893 0.0722100656 0.2348754448
45.0 0.39004376360000004 0.7384341637 0.1280087527 0.2241992882
1.0 0.511487965 0.5996441281 0.0973741794 0.1886120996
0.0 0.7904814004 0.5231316726 0.3730853391 0.0711743772
20.0 0.7893873086000001 0.306049822 0.06455142230000001 0.2704626335
36.0 0.8550328227 0.3256227758 0.0667396061 0.2384341637
36.0 0.7089715536 0.7829181494 0.0765864332 0.2846975089
9.0 0.8101750547000001 0.6975088968000001 0.1039387308 0.206405694
3.0 0.8730853392 0.7366548043000001 0.028446389500000002 0.45551601420000004
36.0 0.9195842451 0.7775800712000001 0.0754923414 0.2740213523
6.0 0.9814004376000001 0.7135231316 0.024070021900000002 0.42348754450000003
