42.0 0.1994152046 0.1983606557 0.1812865497 0.3836065574
39.0 0.025146198800000002 0.7573770492 0.0362573099 0.1704918033
45.0 0.1023391812 0.8098360656 0.0783625731 0.131147541
4.0 0.24678362580000002 0.5606557377 0.1169590643 0.2885245902
11.0 0.3122807018 0.731147541 0.0935672515 0.39344262300000005
19.0 0.3625730994 0.8590163934 0.044444444400000005 0.2360655737
0.0 0.712865497 0.45409836060000003 0.3263157895 0.0819672131
47.0 0.6625730994 0.2409836066 0.2701754386 0.3573770491
39.0 0.9298245614 0.3196721312 0.0865497076 0.29836065570000003
46.0 0.6333333333 0.6409836066 0.249122807 0.37049180330000003
39.0 0.9152046784000001 0.8016393443000001 0.10643274850000001 0.3442622951
