42.0 0.0667634253 0.22524752480000002 0.13062409290000002 0.23267326730000001
23.0 0.028664731500000002 0.47029702970000004 0.022496371600000002 0.0742574258
45.0 0.056603773600000004 0.46287128710000003 0.0348330914 0.0396039604
14.0 0.0947024674 0.4443069307 0.0195936139 0.1163366336
0.0 0.6023222061 0.3155940594 0.7880986938000001 0.0618811882
15.0 0.4724238026 0.1225247525 0.0464441219 0.22524752480000002
14.0 0.5283018868 0.1287128713 0.0333817126 0.2178217822
2.0 0.564586357 0.12376237620000001 0.0246734397 0.2079207921
23.0 0.6019593614000001 0.1683168317 0.0355587808 0.1336633664
10.0 0.6458635704 0.13985148520000001 0.0391872278 0.0222772277
13.0 0.6843251088 0.125 0.014513788100000001 0.2103960396
5.0 0.7093613934 0.12376237620000001 0.015239477500000001 0.2178217822
2.0 0.1984760522 0.6237623762 0.0195936139 0.19801980200000002
23.0 0.2387518142 0.6905940594000001 0.0348330914 0.1534653466
10.0 0.28120464440000004 0.6423267326000001 0.0370101596 0.0173267327
15.0 0.33889695210000004 0.6287128713 0.047895500800000004 0.2227722772
5.0 0.3860667634 0.6311881188 0.0188679245 0.2178217822
2.0 0.41255442670000003 0.629950495 0.021044992800000002 0.20544554450000002
7.0 0.6386066764 0.646039604 0.3976777939 0.6683168317
16.0 0.624455733 0.6336633664 0.0515239477 0.2128712871
15.0 0.6857764876 0.6373762376000001 0.0493468795 0.2351485148
23.0 0.7369375907 0.6819306930000001 0.0326560232 0.1410891089
10.0 0.7819303338 0.6423267326000001 0.0384615384 0.0173267327
18.0 0.8294629898 0.6324257425 0.0319303338 0.2153465347
9.0 0.874455733 0.625 0.0348330915 0.1757425742
21.0 0.9306966618 0.6051980198 0.0486211901 0.18564356440000002
5.0 0.9738751814000001 0.6349009901 0.021770682200000002 0.22524752480000002
