42.0 0.2055944056 0.2914012738 0.262937063 0.4872611465
36.0 0.048951049 0.6831210191 0.0867132867 0.23248407640000002
45.0 0.1671328672 0.7484076433 0.1188811189 0.1146496816
16.0 0.30209790210000004 0.724522293 0.0783216784 0.270700637
10.0 0.3965034965 0.5493630574 0.0461538462 0.0414012739
0.0 0.7573426573 0.47929936300000003 0.4601398601 0.1178343949
36.0 0.7601398602 0.2611464968 0.11328671330000001 0.25477707
3.0 0.5797202797000001 0.7117834395 0.048951049 0.423566879
36.0 0.6587412588 0.6783439491000001 0.1118881119 0.3184713375
10.0 0.7622377622000001 0.7229299363 0.06713286710000001 0.050955414000000004
15.0 0.8517482518 0.6958598726 0.0867132867 0.35350318470000003
6.0 0.9230769231 0.7484076433 0.0251748252 0.3949044586
