42.0 0.1100811124 0.6355555556 0.17844727700000002 0.1733333333
38.0 0.0411355736 0.8777777778 0.0475086906 0.0622222222
45.0 0.0915411356 0.8666666667 0.0417149479 0.0622222222
18.0 0.1494785632 0.8200000000000001 0.0393974507 0.12888888880000002
10.0 0.1888760139 0.7055555556 0.039397450800000004 0.0155555555
0.0 0.6147161066 0.55 0.7473928158 0.2288888888
38.0 0.3429895713 0.39444444440000004 0.09038238700000001 0.1222222223
2.0 0.470451912 0.34222222220000004 0.1135573581 0.36
38.0 0.5643105446000001 0.34111111110000003 0.1019698726 0.14
10.0 0.6703360371 0.2666666666 0.07995365 0.0311111111
18.0 0.7757821553 0.2044444444 0.09617612980000001 0.26222222230000003
5.0 0.8794901506 0.18888888880000002 0.1297798378 0.35111111110000004
3.0 0.5509849362 0.7788888889000001 0.0544611819 0.4244444444
38.0 0.6251448436 0.8111111112 0.10544611820000001 0.1511111111
6.0 0.7085747392 0.7511111111000001 0.0498261877 0.43555555560000003
