42.0 0.0780254778 0.4561027837 0.1348195329 0.32976445400000004
39.0 0.1549893843 0.6691648822 0.0191082802 0.1220556745
45.0 0.1833864118 0.6937901499 0.0270700637 0.0642398287
16.0 0.21921443740000002 0.6595289079000001 0.0297239915 0.14561027840000001
9.0 0.2502653928 0.5128479657 0.0238853503 0.0920770878
0.0 0.6722399151 0.5974304069 0.6385350318 0.1113490364
0.0 0.41135881100000005 0.2997858672 0.0711252654 0.021413276300000002
26.0 0.40658174100000005 0.1766595289 0.025477707000000002 0.17344753740000002
26.0 0.3954352441 0.4186295504 0.0265392781 0.1905781585
39.0 0.41985138 0.4453961456 0.0212314225 0.11991434690000001
2.0 0.4607218684 0.2687366167 0.0201698514 0.2933618844
18.0 0.4930997877 0.2537473234 0.036093418200000005 0.2334047109
9.0 0.5265392781 0.2312633833 0.0286624204 0.1156316916
10.0 0.565552017 0.2698072805 0.029193206000000003 0.0214132762
18.0 0.6024416136 0.2323340471 0.033970276 0.2034261242
47.0 0.707537155 0.2537473234 0.12951167730000002 0.1777301927
18.0 0.7988322718 0.14882226980000002 0.0286624204 0.18629550320000002
39.0 0.8521762208 0.2591006424 0.0281316348 0.1541755888
5.0 0.8824309978 0.290149893 0.0207006369 0.2719486081
0.0 0.37712314220000004 0.7676659529000001 0.0472399151 0.0192719486
26.0 0.3588110404 0.6434689508 0.0244161359 0.1777301927
26.0 0.3452760085 0.8608137045 0.021762208 0.1670235546
39.0 0.3739384288 0.9068522484 0.0217622081 0.12205567460000001
2.0 0.41560509560000003 0.7259100642 0.0233545647 0.278372591
50.0 0.502388535 0.7012847966 0.11411889600000001 0.2676659529
39.0 0.6082802548 0.7344753747 0.0265392781 0.16274089930000002
9.0 0.6446390658000001 0.704496788 0.0334394904 0.11991434690000001
39.0 0.6780785562 0.7344753747 0.0260084925 0.16274089930000002
46.0 0.7760084926 0.7408993576 0.118895966 0.2012847966
13.0 0.8508492569 0.6199143469 0.0106157112 0.1434689508
39.0 0.9002123142 0.7408993576 0.0286624204 0.1713062098
5.0 0.9275477707 0.7408993576 0.0185774946 0.24839400420000002
