27.0 0.042901716 0.9191176470000001 0.07956318250000001 0.1507352941
42.0 0.17160686420000001 0.3575367647 0.16380655230000002 0.1783088236
24.0 0.11154446180000001 0.5762867647000001 0.0249609984 0.1047794118
45.0 0.1528861154 0.5854779412000001 0.043681747300000004 0.0569852941
17.0 0.2012480499 0.5827205882000001 0.0265210608 0.08088235290000001
9.0 0.2359594384 0.4669117647 0.0366614665 0.0845588236
0.0 0.6981279251 0.3529411765 0.5990639626 0.0110294118
0.0 0.5319812793 0.1801470588 0.09984399370000001 0.0147058824
26.0 0.54875195 0.09375000000000001 0.049141965700000005 0.14338235300000002
26.0 0.5230109204 0.2444852941 0.0444617785 0.11764705880000001
24.0 0.5752730109 0.26011029410000003 0.035101404 0.14154411760000002
49.0 0.7016380656 0.1773897059 0.0850234009 0.15625
24.0 0.8420436818 0.1590073529 0.0475819033 0.21875000000000003
0.0 0.4024960998 0.5376838236 0.10296411850000001 0.0128676471
26.0 0.41146645860000003 0.4283088235 0.049141965700000005 0.1213235294
26.0 0.3900156006 0.6194852941 0.0499219969 0.1360294118
24.0 0.4364274571 0.6378676470000001 0.0335413416 0.15808823530000002
2.0 0.511700468 0.4954044118 0.0483619345 0.2224264706
14.0 0.5819032762 0.5101102941 0.0483619345 0.137867647
9.0 0.6649765991000001 0.5018382353 0.0647425897 0.1470588236
49.0 0.7940717628 0.5220588235 0.0982839313 0.1360294118
24.0 0.922776911 0.5220588236 0.0468018721 0.2242647059
5.0 0.9765990640000001 0.5045955882000001 0.0358814353 0.27389705880000004
