42.0 0.1778846154 0.46844660200000005 0.3519230769 0.48058252430000004
23.0 0.1076923077 0.7645631068000001 0.0576923077 0.1601941748
45.0 0.1990384616 0.7524271844 0.1019230769 0.10679611650000001
13.0 0.2836538462 0.7694174758 0.0173076923 0.2184466019
0.0 0.7000000000000001 0.4441747572 0.4153846154 0.0631067961
23.0 0.6576923077 0.23300970880000002 0.0884615384 0.2912621359
10.0 0.7884615384 0.177184466 0.0884615385 0.0533980582
13.0 0.8634615384000001 0.19417475720000002 0.042307692300000005 0.3495145631
3.0 0.5605769231000001 0.718446602 0.0211538462 0.5242718447
23.0 0.6480769231 0.7839805825 0.10384615380000001 0.25728155340000003
10.0 0.7644230769 0.7621359223 0.0788461538 0.048543689300000005
20.0 0.8932692308 0.7378640777000001 0.1096153846 0.359223301
6.0 0.9596153846000001 0.7330097088 0.026923076900000002 0.5242718447
