42.0 0.102663707 0.5182767624 0.19200887900000002 0.3002610966
39.0 0.2735849057 0.6579634464 0.0743618202 0.1671018277
45.0 0.37069922310000003 0.6657963446 0.11320754720000001 0.1409921671
1.0 0.48002219760000003 0.6227154047 0.0632630411 0.1697127938
0.0 0.7741398446000001 0.46605744120000003 0.4006659268 0.0704960835
14.0 0.6476137625 0.3381201044 0.063263041 0.2167101827
39.0 0.7386237514 0.3812010444 0.0788013318 0.1984334204
21.0 0.7974472808 0.1266318538 0.0499445062 0.22715404700000003
9.0 0.8901220866 0.3237597911 0.055493895700000004 0.13577023500000002
21.0 0.9561598224000001 0.2819843342 0.0499445061 0.22976501300000002
15.0 0.6997780244 0.77154047 0.08546059930000001 0.2167101828
3.0 0.7713651498 0.8407310704000001 0.0355160932 0.3133159269
39.0 0.8257491675 0.8198433420000001 0.0732519423 0.1879895561
19.0 0.9045504994 0.6070496084 0.0754716981 0.2532637075
6.0 0.9778024417000001 0.7885117494 0.0355160932 0.2767624021
