42.0 0.052823758500000005 0.6901763224 0.0910418695 0.3123425693
36.0 0.1217137293 0.8602015114 0.0165530672 0.1234256927
45.0 0.1516553067 0.8513853904 0.035540409 0.0906801007
13.0 0.1833008764 0.8161209068 0.0053554041 0.2065491184
9.0 0.194255112 0.668765743 0.0214216164 0.11838790930000001
0.0 0.623174294 0.4508816121 0.7069133399 0.4483627204
10.0 0.4191820838 0.4244332494 0.0272638753 0.0428211587
14.0 0.45861733200000004 0.3841309824 0.0399221032 0.2141057935
50.0 0.54406037 0.34005037790000003 0.0959104187 0.2569269521
36.0 0.6253651412 0.30352644840000004 0.0209347614 0.1486146095
46.0 0.7064264849 0.2607052897 0.0934761441 0.2292191436
18.0 0.7548685492 0.08690176320000001 0.0150925024 0.1586901763
36.0 0.8006329114 0.2115869018 0.0199610516 0.13602015110000001
47.0 0.3137779941 0.8816120906 0.0998052581 0.22166246850000002
20.0 0.3824245375 0.7002518892 0.0258033106 0.17632241810000002
36.0 0.4328140214 0.8035264484 0.0204479065 0.1662468514
9.0 0.4637293086 0.7795969774 0.027750730300000002 0.15365239290000002
2.0 0.5073028238 0.7632241814 0.0477117819 0.2972292191
36.0 0.5399221032 0.7216624685 0.0214216164 0.1435768262
50.0 0.6229308666000001 0.6423173804 0.10077896780000001 0.2267002519
36.0 0.6981499514 0.6448362721 0.0194741967 0.1561712847
9.0 0.726630964 0.6209068010000001 0.0248296008 0.1435768262
17.0 0.7580331062 0.5617128464 0.0292112951 0.22166246850000002
5.0 0.7831061344 0.5755667506000001 0.0228821811 0.2695214106
50.0 0.8527263876000001 0.5100755668 0.0890944499 0.2191435769
13.0 0.9028724440000001 0.38916876570000003 0.0102239532 0.1838790932
36.0 0.9386562804 0.4949622166 0.017526777 0.1435768262
