42.0 0.2455172414 0.41379310340000003 0.4331034483 0.24827586210000002
40.0 0.1255172414 0.8862068966000001 0.0882758621 0.2229885057
45.0 0.2062068966 0.8344827586 0.08137931030000001 0.0413793104
18.0 0.3213793104 0.7666666666 0.0937931035 0.17701149430000002
9.0 0.388275862 0.6091954023 0.0427586207 0.1011494252
27.0 0.5737931034 0.4114942528 0.1020689655 0.20689655170000001
49.0 0.6696551724 0.2114942528 0.0786206896 0.1379310345
40.0 0.8268965518 0.24137931040000002 0.0565517241 0.1655172413
19.0 0.8717241379 0.0793103448 0.0551724138 0.1356321839
40.0 0.9586206896 0.10689655170000001 0.0717241379 0.1494252874
