42.0 0.14941690970000002 0.4668049792 0.2755102041 0.2448132781
39.0 0.37317784260000003 0.7116182573000001 0.055393586 0.1452282157
45.0 0.47011661800000004 0.6431535270000001 0.0976676385 0.1410788382
13.0 0.555393586 0.6078838175 0.0174927114 0.3195020747
0.0 0.8294460642 0.4419087137 0.2857142857 0.029045643200000002
39.0 0.7485422741000001 0.32157676350000003 0.0655976677 0.12863070540000002
10.0 0.8090379009 0.2614107884 0.055393586 0.024896265600000002
17.0 0.8826530612 0.20539419080000001 0.0714285714 0.2780082987
3.0 0.7142857143 0.7074688796 0.026239067 0.46058091290000003
39.0 0.7711370262 0.7406639004000001 0.0583090379 0.12033195020000001
10.0 0.8360058309 0.6867219917 0.0510204082 0.0373443984
13.0 0.8855685131000001 0.6390041494 0.027696793 0.2738589212
6.0 0.9110787172 0.6576763486 0.0204081632 0.40248962650000003
