0.0 0.030689056200000002 0.47951807230000004 0.0347423277 0.028915662600000003
20.0 0.045454545400000004 0.3289156626 0.0341632889 0.2337349397
20.0 0.0486392589 0.6060240964 0.0382165605 0.2337349398
42.0 0.18847712800000002 0.4337349398 0.1453387377 0.3951807229
30.0 0.2900984366 0.5602409638 0.0428488708 0.24819277110000001
45.0 0.342790967 0.6192771084 0.0532715692 0.0819277109
19.0 0.3966415749 0.569879518 0.039374638100000005 0.2578313253
0.0 0.7397220614000001 0.4975903614 0.5136074117 0.0554216867
0.0 0.5845396642 0.24337349400000002 0.1939779965 0.0240963855
48.0 0.5315576144 0.1168674698 0.0810654314 0.19518072290000002
2.0 0.5972785176000001 0.1204819278 0.0133178923 0.2168674699
18.0 0.6221771859 0.0951807229 0.030689056200000002 0.18072289160000002
30.0 0.6519976838 0.108433735 0.0266357846 0.1927710843
5.0 0.6786334684 0.12289156620000001 0.0104226983 0.20722891570000002
15.0 0.5712217718 0.3506024096 0.0306890561 0.1903614458
30.0 0.603358425 0.3373493976 0.0301100174 0.1542168674
48.0 0.7735958309000001 0.186746988 0.09612044010000001 0.2337349397
2.0 0.8702953098 0.19518072290000002 0.0208453966 0.26506024100000003
16.0 0.90387956 0.1674698795 0.0451650261 0.2337349398
30.0 0.9557035322 0.1915662651 0.044585987300000005 0.2530120482
5.0 0.9881297047000001 0.22530120480000002 0.0179502026 0.28674698800000004
0.0 0.7472495658 0.7939759036 0.2808338159 0.0265060241
47.0 0.6722640417 0.6734939759 0.0856977418 0.1710843374
2.0 0.7475390852 0.6542168675000001 0.0104226983 0.2
14.0 0.7756224667 0.6481927711000001 0.0318471338 0.18795180720000002
30.0 0.8057324841 0.6578313253 0.028372901000000002 0.1975903614
5.0 0.8329473074 0.6746987952 0.0133178923 0.2120481928
21.0 0.7171395484 0.8927710844000001 0.021424435500000002 0.1807228915
30.0 0.7449334106000001 0.8963855422 0.029530978500000003 0.1734939759
