42.0 0.0975258918 0.3891752577 0.1432681243 0.3556701031
25.0 0.0437284235 0.6765463918 0.0299194476 0.1159793815
45.0 0.0762370541 0.6997422681000001 0.0339470656 0.09020618550000001
1.0 0.1294591484 0.6572164948 0.0483314155 0.0979381443
0.0 0.3901035673 0.5283505154 0.34522439580000003 0.0618556701
43.0 0.30811277330000003 0.2474226804 0.17663981580000002 0.381443299
19.0 0.416570771 0.3363402062 0.0494821634 0.19845360820000002
19.0 0.46720368240000004 0.3402061856 0.0460299194 0.20618556700000001
25.0 0.5624280782000001 0.23582474220000002 0.0569620253 0.2242268041
43.0 0.3078250863 0.7409793815 0.15535097820000002 0.3685567011
21.0 0.4257767549 0.8363402062 0.0379746836 0.23969072160000002
13.0 0.4597238205 0.8569587629000001 0.0195627158 0.280927835
14.0 0.5434407364 0.6817010309 0.058112773300000004 0.3273195876
0.0 0.7894131186000001 0.5141752577 0.3222094361 0.043814433
43.0 0.6999424626 0.2577319588 0.1513233602 0.3917525773
21.0 0.8196202532 0.3543814433 0.0362485615 0.25
19.0 0.8676639816 0.3324742268 0.0448791714 0.1907216494
14.0 0.9683544304 0.1984536083 0.0632911392 0.3350515463
43.0 0.7413693901 0.7332474227 0.1570771002 0.40463917520000003
13.0 0.8515535098 0.7951030928 0.0241657077 0.25
25.0 0.9275028769 0.6778350516 0.0517836594 0.2113402061
