42.0 0.09717987800000001 0.3384074942 0.1471036585 0.17564402810000002
29.0 0.0320121952 0.5222482436 0.0381097561 0.09367681500000001
45.0 0.072027439 0.512880562 0.038871951200000004 0.0468384075
10.0 0.11128048780000001 0.5093676815 0.0167682926 0.016393442600000002
1.0 0.16158536580000002 0.4859484777 0.0274390243 0.0679156909
0.0 0.6009908536 0.3782201405 0.7096036585000001 0.0491803278
29.0 0.29763719520000004 0.2213114754 0.0693597561 0.1569086651
15.0 0.3467987805 0.0573770492 0.0259146342 0.1053864169
9.0 0.3986280488 0.1908665106 0.0365853658 0.11475409830000001
10.0 0.4420731707 0.2084309134 0.0335365854 0.0281030445
16.0 0.4893292683 0.2107728338 0.050304878000000004 0.1733021077
2.0 0.5533536586000001 0.19906323180000002 0.028963414700000002 0.2435597189
29.0 0.6135670732 0.2084309134 0.0716463415 0.1405152225
16.0 0.6612042683 0.052693208400000004 0.0297256098 0.09133489460000001
9.0 0.7164634146000001 0.2119437939 0.0335365853 0.1428571428
10.0 0.7602896341000001 0.2131147541 0.03125 0.032786885200000004
19.0 0.8117378048 0.22599531620000002 0.0518292683 0.17564402810000002
29.0 0.8833841464000001 0.2365339578 0.0594512195 0.17798594850000002
5.0 0.9496951220000001 0.1861826698 0.0365853659 0.2412177986
29.0 0.28544207320000003 0.7330210773 0.0647865854 0.18266978920000002
9.0 0.3456554878 0.6803278689000001 0.0327743902 0.11007025770000001
10.0 0.3948170731 0.7025761125000001 0.0381097561 0.0281030445
15.0 0.44359756100000003 0.7107728338 0.0518292683 0.19437939110000002
7.0 0.7431402439 0.6639344262 0.506097561 0.5971896955
29.0 0.6897865854 0.7096018735 0.07469512190000001 0.149882904
12.0 0.7328506098 0.5971896956 0.0221036585 0.1030444965
9.0 0.7713414634 0.6861826698 0.030487804900000002 0.1170960188
10.0 0.8170731708000001 0.7072599532 0.0320121951 0.0327868853
19.0 0.8692835366 0.7084309134 0.0525914634 0.16159250590000002
29.0 0.9424542683 0.7177985949 0.0632621952 0.16159250590000002
