49.0 0.0419463088 0.47360703810000004 0.0743048897 0.2346041056
34.0 0.1196069032 0.504398827 0.0417066155 0.12609970680000002
22.0 0.1742569511 0.469941349 0.0656759348 0.1070381232
0.0 0.6140939597 0.534457478 0.7564717162 0.036656891500000004
42.0 0.34084372 0.1913489736 0.0862895494 0.197947214
36.0 0.4065196548 0.3255131965 0.0230105465 0.1231671554
45.0 0.4482262704 0.379032258 0.0441035475 0.1041055719
0.0 0.5091083413 0.362170088 0.057526366200000005 0.008797654
4.0 0.5122243528 0.318914956 0.03978907 0.0982404692
19.0 0.5143815916 0.44208211140000003 0.021093000900000002 0.1304985337
10.0 0.5697507191 0.20087976540000002 0.031160115000000002 0.023460410600000002
10.0 0.6279961649 0.1920821114 0.0258868648 0.0234604105
21.0 0.6615532119 0.1862170088 0.0258868648 0.14956011730000002
50.0 0.7473633748 0.1744868035 0.1025886865 0.1436950147
16.0 0.8425215723 0.0982404692 0.0359539789 0.1642228739
36.0 0.8952540748000001 0.1803519062 0.024448705600000002 0.1231671555
42.0 0.2701342282 0.6847507331 0.0848513902 0.1964809384
36.0 0.3391658677 0.8218475074 0.0263662512 0.12463343110000001
45.0 0.3770373922 0.8555718476 0.0426653883 0.0806451613
0.0 0.44055608820000003 0.8563049854 0.0805369128 0.0087976539
4.0 0.44079578140000003 0.797653959 0.0378715244 0.0762463343
16.0 0.4446308725 0.9369501466000001 0.025407478400000003 0.1260997067
10.0 0.4990412272 0.6964809384 0.0306807287 0.0263929619
17.0 0.5613614573 0.6840175953000001 0.0325982742 0.1568914956
44.0 0.6596356664 0.6913489736 0.1160115053 0.1158357772
15.0 0.7428092043000001 0.6019061584000001 0.0349952061 0.15982404690000002
36.0 0.7981783318 0.681085044 0.0239693193 0.1304985338
48.0 0.8811121764000001 0.6612903226 0.0939597316 0.1583577712
36.0 0.9647651006 0.6781524927 0.0234899329 0.1275659824
