49.0 0.059949780300000005 0.399390244 0.1048336472 0.24186991870000002
35.0 0.1826741996 0.4237804878 0.0426867546 0.2012195122
22.0 0.2454488386 0.4186991869 0.0602636535 0.10569105690000001
0.0 0.6553672316 0.4847560976 0.6854990584 0.014227642300000001
42.0 0.44256120530000004 0.08841463420000001 0.1067168864 0.1605691057
39.0 0.5153797866000001 0.38109756100000003 0.026365348400000002 0.0792682927
45.0 0.5461393597 0.412601626 0.028876334000000003 0.0528455284
4.0 0.6026365348 0.22256097560000002 0.0590081607 0.17276422760000001
11.0 0.6588198368 0.3038617886 0.0395480226 0.2459349594
14.0 0.6967984934 0.3861788618 0.0338983051 0.1016260162
10.0 0.7197112367 0.2886178862 0.013182674200000001 0.0081300813
48.0 0.8060263654 0.125 0.0866290019 0.14430894300000002
39.0 0.8907721281000001 0.162601626 0.0251098556 0.0975609756
42.0 0.35593220340000004 0.6107723577 0.1016949152 0.1808943089
39.0 0.4409918393 0.8932926829000001 0.0282485876 0.0914634146
45.0 0.4720652856 0.9186991870000001 0.0301318267 0.0569105691
4.0 0.5398618958 0.7327235772 0.0728185813 0.2052845529
11.0 0.5941619586 0.7906504065000001 0.0382925298 0.2357723578
16.0 0.6308851224 0.8709349594 0.0251098556 0.1077235773
10.0 0.6581920904 0.7642276423000001 0.0156936598 0.0081300813
10.0 0.71217828 0.6138211383000001 0.0194601381 0.0081300813
15.0 0.7432517264 0.6016260162 0.032642812300000004 0.1504065041
44.0 0.8330194602000001 0.6138211382000001 0.1004394225 0.1178861788
18.0 0.9026993094 0.5355691056 0.017576898900000002 0.1117886179
39.0 0.9544883867 0.5985772358 0.0295040804 0.09959349590000001
