42.0 0.08183079060000001 0.37857142860000004 0.1595006935 0.3857142857
31.0 0.1574202496 0.6839285715 0.0221914009 0.1392857143
45.0 0.1976421636 0.6607142857 0.049930651900000005 0.1214285714
0.0 0.2600554785 0.6785714286 0.0443828016 0.0285714286
4.0 0.2631761442 0.5982142857 0.028432732300000003 0.1321428572
21.0 0.2649098474 0.8339285714 0.029126213600000003 0.2678571429
10.0 0.3217753121 0.45892857140000004 0.029126213600000003 0.0321428571
46.0 0.47052704580000004 0.4160714286 0.1685159501 0.3535714286
47.0 0.6234396671 0.18035714290000002 0.09708737860000001 0.2107142857
2.0 0.7212205271000001 0.1571428572 0.0166435507 0.2214285715
31.0 0.7517337032 0.18035714290000002 0.030513176200000002 0.1535714285
5.0 0.7773925104 0.1464285715 0.0263522884 0.2571428571
2.0 0.8665048544 0.375 0.039528432700000005 0.4428571428
31.0 0.9181692094 0.4035714286 0.052704577 0.2785714286
5.0 0.9743411928000001 0.3178571428 0.0499306518 0.4571428571
