42.0 0.1178535607 0.4059040591 0.2076228686 0.2619926199
30.0 0.2938816449 0.5839483395 0.060180541600000005 0.14944649440000002
45.0 0.3530591775 0.6143911440000001 0.074222668 0.0479704797
1.0 0.4548645938 0.5802583026 0.09528585760000001 0.060885608800000005
0.0 0.8039117352 0.48616236160000004 0.34804413240000004 0.0129151292
0.0 0.7527582748 0.2509225093 0.2718154463 0.0110701107
43.0 0.7101303912 0.102398524 0.1564694082 0.201107011
20.0 0.81444333 0.1568265683 0.046138415200000005 0.1512915129
12.0 0.8716148446 0.1540590406 0.0501504513 0.1420664206
30.0 0.9704112337 0.07933579340000001 0.049147442400000005 0.1549815498
43.0 0.7362086258 0.35516605170000004 0.1604814443 0.1826568265
14.0 0.8400200602000001 0.3994464944 0.049147442300000004 0.1088560885
18.0 0.9468405216 0.3339483394 0.0561685055 0.1365313653
0.0 0.7878635908 0.7592250922 0.3420260782 0.0129151291
43.0 0.6990972918 0.6263837639000001 0.1303911735 0.2158671587
17.0 0.8385155466 0.667896679 0.074222668 0.147601476
13.0 0.888665998 0.6706642066 0.0120361084 0.1383763837
30.0 0.960882648 0.5987084871 0.048144433300000004 0.164206642
43.0 0.7191574724 0.8579335794 0.1404212638 0.1808118081
14.0 0.8375125376 0.926199262 0.048144433300000004 0.1143911439
19.0 0.8941825476 0.9003690036 0.0451354063 0.10701107010000001
13.0 0.9719157472000001 0.8394833948 0.0080240723 0.1180811808
