49.0 0.0277647058 0.5642276422 0.0470588235 0.1658536585
25.0 0.0896470588 0.574796748 0.0211764706 0.12520325200000001
22.0 0.1254117647 0.5569105691 0.0334117647 0.06666666660000001
0.0 0.537882353 0.5504065041 0.8009411765000001 0.10243902440000001
42.0 0.2465882353 0.343902439 0.0724705882 0.1577235772
32.0 0.3202352941 0.4577235772 0.0362352941 0.1349593496
45.0 0.35976470590000004 0.4414634146 0.0447058824 0.0699186992
0.0 0.4032941176 0.4382113821 0.0517647059 0.0146341464
4.0 0.41600000000000004 0.38861788620000004 0.035764705800000005 0.07479674800000001
15.0 0.4214117647 0.49837398380000003 0.0268235294 0.10569105690000001
10.0 0.4630588235 0.2821138211 0.0216470588 0.011382113800000001
10.0 0.5183529412 0.27154471550000003 0.023058823500000002 0.013008130100000001
15.0 0.5451764706000001 0.2552845528 0.0296470588 0.1365853659
50.0 0.6449411765 0.24796747970000002 0.1228235294 0.1284552846
18.0 0.7552941176 0.0951219512 0.0461176471 0.1707317073
32.0 0.8324705883 0.21869918700000002 0.0414117647 0.1609756098
42.0 0.1945882353 0.7390243902 0.0776470588 0.14796747970000002
32.0 0.25105882360000004 0.8796747968 0.024941176500000002 0.1333333333
45.0 0.2936470588 0.8739837398 0.0414117647 0.0699186992
0.0 0.382117647 0.8764227642 0.0630588235 0.013008130100000001
4.0 0.3484705882 0.8390243902000001 0.0296470588 0.0747967479
15.0 0.3534117647 0.9284552846 0.0207058824 0.1008130081
10.0 0.396 0.7325203252 0.0192941176 0.0146341464
14.0 0.4515294118 0.7146341464 0.027764705900000002 0.12845528450000002
44.0 0.5369411765000001 0.7276422764 0.0922352941 0.11869918700000001
20.0 0.6225882353000001 0.6284552846 0.040470588200000004 0.1609756097
32.0 0.6981176471 0.7162601626 0.042823529400000004 0.13170731700000002
50.0 0.8183529411 0.7373983740000001 0.1505882353 0.1837398374
32.0 0.9649411765 0.725203252 0.0503529412 0.17886178860000002
