49.0 0.0437580438 0.446404342 0.07722007730000001 0.1492537313
34.0 0.15701415700000002 0.4810040706 0.0527670528 0.1397557667
22.0 0.2101029601 0.4497964722 0.045688545600000005 0.06648575300000001
0.0 0.6299871300000001 0.5325644505 0.6409266410000001 0.0502035278
42.0 0.3507078507 0.1221166893 0.15572715580000002 0.198100407
35.0 0.2931145431 0.34531886030000003 0.053410553400000005 0.0800542741
45.0 0.3384813385 0.3595658074 0.036036036 0.0515603799
15.0 0.388996139 0.3527815468 0.037966538 0.105834464
9.0 0.4263191764 0.2584803256 0.027670527700000003 0.0637720489
0.0 0.5842985842 0.1757123474 0.1583011583 0.0122116689
26.0 0.592020592 0.09565807330000001 0.07207207210000001 0.1370420624
26.0 0.5437580438 0.2686567164 0.07722007730000001 0.1492537314
35.0 0.6344916345 0.25440976930000003 0.0926640926 0.1370420624
3.0 0.7171814672 0.1506105834 0.010939511 0.23609226590000001
49.0 0.8008365508 0.1336499321 0.0842985843 0.1696065129
35.0 0.9362934363000001 0.11872455900000001 0.10296010300000001 0.1261872456
6.0 0.9909909910000001 0.1506105834 0.0102960103 0.23609226590000001
42.0 0.3999356499 0.6913161466000001 0.1640926641 0.1994572591
35.0 0.33429858430000003 0.9246947082 0.048262548200000005 0.0800542741
45.0 0.3828828829 0.9416553596 0.0347490348 0.0542740841
20.0 0.4308236808 0.9287652646000001 0.0341055341 0.10447761200000001
9.0 0.4678249678 0.8337856174 0.027027027000000002 0.0583446404
0.0 0.6090733591 0.7544097694 0.2065637066 0.0271370421
26.0 0.6435006435 0.6960651289 0.084942085 0.184531886
26.0 0.5826898327000001 0.8242876526 0.07271557270000001 0.1478968793
35.0 0.6907979408 0.8134328358 0.11261261260000001 0.1397557666
14.0 0.7921492922000001 0.6071913162 0.07593307590000001 0.1858887381
11.0 0.8272200772 0.6947082768 0.0263835264 0.2198100408
35.0 0.9012226512 0.7327001357 0.0933075933 0.1628222524
