42.0 0.2002868068 0.3715365239 0.1978967495 0.1838790932
35.0 0.0253346081 0.8035264484 0.0258126195 0.1108312343
45.0 0.0664435947 0.8173803527 0.048757170100000004 0.052896725500000005
4.0 0.154875717 0.6007556676 0.08795411090000001 0.1637279597
11.0 0.24856596560000002 0.7141057934 0.0650095602 0.29471032750000004
15.0 0.32217973240000003 0.8274559194000001 0.036328871900000004 0.11335012600000001
10.0 0.3537284894 0.653652393 0.0229445507 0.0176322419
0.0 0.6897705545 0.4143576826 0.5956022944 0.0478589421
47.0 0.6749521988 0.28967254400000003 0.2065009561 0.2317380353
19.0 0.7997131931 0.09823677580000001 0.0411089866 0.1007556675
35.0 0.9077437858 0.2355163728 0.0430210325 0.19395466
15.0 0.4961759082 0.7015113350000001 0.06883365200000001 0.19899244330000002
0.0 0.7667304015 0.7329974811000001 0.42447418740000004 0.0352644836
14.0 0.7906309752 0.6423173804 0.0650095603 0.1561712847
20.0 0.57791587 0.8891687658 0.035372849000000005 0.1410579345
35.0 0.6238049713 0.8816120906 0.035372849000000005 0.1460957179
9.0 0.6620458891000001 0.8866498740000001 0.029636711200000002 0.1007556675
2.0 0.7036328872000001 0.8967254408 0.030592734200000003 0.2065491184
18.0 0.7423518164 0.895465995 0.0449330784 0.11838790930000001
4.0 0.8456022944 0.8765743073000001 0.0659655831 0.10579345080000001
5.0 0.9555449331 0.8853904282 0.0391969407 0.1989924434
20.0 0.9847036329000001 0.7884130982 0.022944550600000002 0.11586901770000001
