49.0 0.055284552800000004 0.4691666667 0.0650406504 0.195
33.0 0.1482384824 0.48250000000000004 0.0395663956 0.1016666666
22.0 0.201897019 0.465 0.0504065041 0.0766666666
0.0 0.6414634146 0.505 0.708401084 0.0266666666
42.0 0.32357723580000003 0.15583333330000002 0.0758807588 0.155
35.0 0.3864498645 0.4016666666 0.029268292600000002 0.1466666667
45.0 0.4387533876 0.4158333334 0.0569105691 0.0783333333
4.0 0.5024390244 0.2716666666 0.0487804878 0.1433333333
11.0 0.5682926829 0.2891666666 0.060162601600000004 0.30166666670000003
14.0 0.6035230352000001 0.39333333340000004 0.026558265600000002 0.1366666667
10.0 0.6349593496 0.2958333333 0.013550135500000001 0.0116666667
0.0 0.7235772358 0.17750000000000002 0.0357723577 0.0116666666
26.0 0.7189701897 0.08583333330000001 0.023306233000000003 0.095
26.0 0.7040650406000001 0.2416666667 0.0205962059 0.11
35.0 0.7284552846 0.255 0.0227642277 0.1133333334
48.0 0.8249322494 0.15583333330000002 0.0845528455 0.155
35.0 0.9040650406 0.15 0.0292682927 0.1466666666
42.0 0.2815718158 0.7308333333 0.0720867209 0.165
35.0 0.3482384824 0.9016666666 0.030894309000000002 0.1333333333
45.0 0.39620596210000003 0.9291666666 0.0531165311 0.0816666667
4.0 0.46314363140000003 0.7783333333 0.049322493200000005 0.14
11.0 0.5116531166 0.8158333334000001 0.0455284553 0.21833333330000002
14.0 0.5390243902 0.9166666666000001 0.0341463415 0.1533333333
10.0 0.5647696477 0.8066666666000001 0.01300813 0.0133333333
0.0 0.6447154472000001 0.745 0.0493224933 0.01
26.0 0.6487804878 0.6733333334 0.021680216800000002 0.1166666667
26.0 0.6344173442000001 0.8166666666 0.021138211400000002 0.10666666670000001
35.0 0.658807588 0.8258333333000001 0.0233062331 0.105
10.0 0.698102981 0.7316666666 0.013008130100000001 0.0133333333
14.0 0.7233062330000001 0.7108333334 0.0287262873 0.1516666667
47.0 0.8092140922000001 0.7291666667000001 0.0888888889 0.1083333333
18.0 0.885907859 0.5966666667 0.0254742547 0.2
35.0 0.9455284553000001 0.7233333334000001 0.0319783198 0.1533333333
