42.0 0.0653470716 0.3801843318 0.11008676790000001 0.27188940100000003
30.0 0.1616052061 0.5702764977 0.0281995662 0.16359447
45.0 0.1963123644 0.6324884793000001 0.0292841649 0.0806451613
0.0 0.2681670282 0.6244239631 0.055856833 0.013824884800000001
4.0 0.2597613883 0.5495391705 0.048806941400000005 0.1175115208
19.0 0.26111713670000003 0.7073732719 0.026572668100000002 0.1244239632
0.0 0.6613340564 0.4585253456 0.6621475054 0.013824884800000001
0.0 0.39831887200000005 0.24078341020000002 0.058026030400000005 0.016129032300000002
26.0 0.4007592191 0.1129032258 0.0206073752 0.17050691240000002
26.0 0.3877440347 0.3629032258 0.026030368800000002 0.20046082950000002
30.0 0.4126898048 0.3387096774 0.0292841649 0.1612903226
2.0 0.4585140998 0.2338709678 0.0178958785 0.2557603687
50.0 0.5507049892 0.18087557610000002 0.1165943601 0.2373271889
30.0 0.6385574837 0.1739631337 0.0385032538 0.22350230410000002
9.0 0.6805856833 0.18548387100000002 0.0303687636 0.1451612903
10.0 0.7150216920000001 0.2165898618 0.0211496746 0.0092165899
14.0 0.7497288504 0.18894009220000002 0.0395878525 0.21198156680000002
44.0 0.8562906724 0.20391705070000002 0.1182212581 0.21889400920000002
30.0 0.9644793926 0.1762672811 0.042841648600000004 0.22811059900000002
5.0 0.9943058568 0.202764977 0.0113882863 0.2442396313
0.0 0.5227765727 0.6970046083 0.079175705 0.0161290322
26.0 0.5390455532 0.5887096774 0.0227765727 0.19585253460000002
26.0 0.5219631236 0.8076036866 0.0222342733 0.1958525345
30.0 0.5507049892 0.7926267281 0.0319956616 0.17050691240000002
2.0 0.5938177874 0.6877880184 0.016268980500000002 0.25115207370000003
30.0 0.6190347072 0.6267281106 0.0309110629 0.2165898618
9.0 0.6686550976 0.6370967742 0.032537961000000004 0.1359447004
10.0 0.7009219089000001 0.6762672811 0.020065076 0.0115207374
19.0 0.7396963124 0.6186635945 0.043383947900000004 0.1728110599
0.0 0.8004338394 0.6970046083 0.058568329700000005 0.0161290322
4.0 0.8023318872 0.6290322581000001 0.0515184382 0.1198156682
16.0 0.8028741866 0.8099078341 0.0189804773 0.168202765
5.0 0.8576464209 0.6889400922000001 0.0113882863 0.2811059908
