42.0 0.0462184874 0.6126582278 0.0789915966 0.2227848101
38.0 0.1271708684 0.9493670886000001 0.0246498599 0.0658227848
45.0 0.1540616246 0.9151898734 0.023529411700000002 0.0734177215
4.0 0.20056022410000002 0.693670886 0.048179271700000005 0.16202531650000002
11.0 0.27030812320000003 0.7075949368000001 0.053221288500000005 0.4582278481
17.0 0.3019607843 0.8417721519 0.029131652600000002 0.15443037980000002
50.0 0.4112044818 0.5075949367 0.1288515406 0.1898734178
14.0 0.5019607843 0.264556962 0.033613445400000004 0.164556962
38.0 0.5960784314 0.44810126580000004 0.0616246499 0.1265822785
9.0 0.6487394958 0.39493670880000004 0.038095238000000003 0.1924050633
47.0 0.7921568628000001 0.4291139241 0.1613445379 0.2253164557
14.0 0.8649859944 0.1253164557 0.0392156862 0.164556962
38.0 0.968347339 0.32658227840000004 0.0633053221 0.1265822785
