42.0 0.0938388626 0.5280528053 0.14597156390000002 0.19801980200000002
30.0 0.0293838862 0.7871287129000001 0.0265402843 0.102310231
45.0 0.0701421801 0.7821782179000001 0.037914692 0.09240924090000001
1.0 0.1260663507 0.7310231023 0.0417061612 0.1353135314
0.0 0.3857819906 0.5660066006000001 0.3298578199 0.0495049505
43.0 0.3132701422 0.2772277228 0.13554502370000002 0.3696369637
14.0 0.4241706161 0.4207920792 0.0426540284 0.1221122112
16.0 0.4573459716 0.4108910892 0.0274881517 0.1287128713
30.0 0.5521327014 0.23762376240000002 0.0331753554 0.1518151815
43.0 0.3180094786 0.7821782179000001 0.1374407583 0.3894389439
15.0 0.42227488150000003 0.8927392740000001 0.0331753554 0.14851485150000002
16.0 0.45781990520000004 0.8861386138 0.026540284400000003 0.1287128713
21.0 0.5554502370000001 0.7095709571000001 0.034123222700000004 0.18481848180000002
0.0 0.8241706161 0.5709570957 0.3497630332 0.052805280600000004
43.0 0.7312796209 0.3382838284 0.1639810427 0.43894389440000003
20.0 0.8104265403 0.4306930693 0.026540284400000003 0.1485148514
21.0 0.8436018958 0.4290429043 0.0227488151 0.1320132014
12.0 0.9478672986000001 0.2211221122 0.0492890995 0.2442244224
43.0 0.718957346 0.7574257425 0.14881516590000002 0.3927392739
19.0 0.816113744 0.8712871287 0.0360189573 0.14521452140000002
15.0 0.8549763033000001 0.8811881188 0.0341232228 0.14521452140000002
30.0 0.9587677725 0.7046204621000001 0.044549763000000006 0.1551155115
