42.0 0.0716297078 0.3702651515 0.0876451953 0.293560606
40.0 0.0255191834 0.8200757576000001 0.022879267800000002 0.196969697
45.0 0.052974304800000004 0.821969697 0.0299190426 0.09469696970000001
18.0 0.0850052798 0.7793560606000001 0.015135515700000001 0.2102272728
9.0 0.1101724744 0.6420454546000001 0.0183034143 0.1515151515
0.0 0.5564941922000001 0.5435606061 0.8680042238000001 0.1287878788
10.0 0.3423090462 0.2357954546 0.032734952500000004 0.0284090909
16.0 0.3843717001 0.22916666670000002 0.037310806 0.25
50.0 0.46796902500000004 0.19412878790000002 0.1017247448 0.24053030300000003
40.0 0.5795494544 0.2831439394 0.032030975 0.2784090909
48.0 0.6520591341 0.23390151520000002 0.0791974656 0.28977272730000003
16.0 0.7152411123 0.09943181820000001 0.0232312566 0.1912878788
40.0 0.7690953890000001 0.3153409091 0.028863076300000002 0.3200757576
50.0 0.2094332982 0.7471590909 0.1112284407 0.29734848480000003
20.0 0.28827877500000004 0.553030303 0.0183034143 0.1818181818
40.0 0.3354452658 0.8210227273 0.0267511439 0.31628787880000003
9.0 0.3692361844 0.7149621212 0.0239352341 0.1912878788
2.0 0.3961633228 0.731060606 0.020063358 0.2878787879
15.0 0.4266103484 0.706439394 0.0295670539 0.23484848490000002
40.0 0.4588173178 0.8191287879 0.0263991553 0.3125
48.0 0.5394227385 0.7528409091 0.08412530800000001 0.3011363636
40.0 0.6193241816 0.7869318182 0.028511087600000002 0.27083333330000003
9.0 0.6510031679 0.7159090909 0.0235832454 0.1931818182
12.0 0.6860260471 0.6808712121 0.0373108061 0.2481060606
5.0 0.7228088701000001 0.793560606 0.019359380500000002 0.40530303030000003
47.0 0.8162618796000001 0.759469697 0.1231960577 0.2234848485
21.0 0.8935234072 0.6098484848 0.0207673355 0.18560606070000002
40.0 0.9403379092 0.7897727272 0.028511087600000002 0.2727272727
