42.0 0.1022433132 0.5863402062 0.19930974980000002 0.3891752578
24.0 0.2532355478 0.8479381443 0.0543572045 0.20618556700000001
45.0 0.3252804141 0.925257732 0.08455565150000001 0.1082474227
14.0 0.4158757549 0.8427835052 0.0500431407 0.24226804130000001
9.0 0.47929249360000004 0.6675257732000001 0.0526315789 0.1340206186
27.0 0.6151855048 0.6108247423000001 0.0621225195 0.2474226804
49.0 0.6885245901 0.3994845361 0.0776531493 0.262886598
24.0 0.7985332183 0.4033505155 0.0509059534 0.2139175258
0.0 0.9037963762000001 0.2087628866 0.1751509922 0.020618556700000002
14.0 0.9167385677000001 0.1172680412 0.0284728214 0.2139175257
49.0 0.8869715272 0.3170103092 0.060396893900000005 0.1907216495
24.0 0.9754098360000001 0.3350515464 0.0440034513 0.1701030928
