42.0 0.13707729470000002 0.5765895954 0.252415459 0.3323699422
40.0 0.0615942029 0.8135838150000001 0.0289855072 0.1300578035
45.0 0.11654589380000001 0.7427745665000001 0.0688405797 0.0578034682
14.0 0.19142512080000001 0.7196531792 0.056763285000000004 0.10982658960000001
0.0 0.6509661836 0.4797687861 0.652173913 0.17919075140000001
15.0 0.3774154589 0.2803468208 0.0664251207 0.21965317920000002
50.0 0.6026570048000001 0.25867052020000003 0.25603864730000003 0.2283236994
14.0 0.7481884058 0.0578034682 0.0446859904 0.10404624280000001
40.0 0.8786231884 0.2976878613 0.037439613600000005 0.22543352600000002
44.0 0.5730676328000001 0.5751445087 0.2210144927 0.161849711
40.0 0.8031400966000001 0.6141618497 0.038647343 0.239884393
