42.0 0.1697080292 0.2809364548 0.3175182482 0.4214046823
29.0 0.0620437956 0.5652173913 0.051094890500000004 0.1672240802
45.0 0.1268248176 0.5919732442 0.07846715330000001 0.1003344481
1.0 0.234489051 0.6053511706 0.0602189781 0.1070234114
0.0 0.6459854015000001 0.406354515 0.598540146 0.1237458193
3.0 0.6633211679000001 0.20735785950000002 0.0164233576 0.36789297660000003
29.0 0.7290145986000001 0.2341137124 0.08211678830000001 0.3143812709
6.0 0.8175182482000001 0.2324414716 0.0182481752 0.37123745820000004
29.0 0.5337591241 0.6254180602 0.10401459860000001 0.314381271
9.0 0.6906934307 0.6438127090000001 0.17335766430000002 0.2575250836
21.0 0.8923357664 0.7140468228 0.17153284670000002 0.45150501670000004
