42.0 0.136176066 0.4829268293 0.2489683631 0.20487804880000002
28.0 0.3222145805 0.6081300813 0.0502063274 0.1235772358
45.0 0.3762035764 0.5991869919 0.06464924350000001 0.060162601600000004
1.0 0.44188445660000003 0.5658536586 0.0722145805 0.0943089431
0.0 0.7486244842 0.4674796748 0.4903713893 0.037398374000000005
0.0 0.7138927098000001 0.23414634150000002 0.3466299863 0.0487804878
43.0 0.6530261348 0.08861788620000001 0.1850068776 0.1414634146
19.0 0.7696011004000001 0.0991869918 0.061898211800000005 0.1040650407
13.0 0.8060522696 0.1243902439 0.0247592848 0.13170731700000002
28.0 0.8796423659 0.07479674800000001 0.07015130680000001 0.1365853659
43.0 0.6533700138 0.3520325204 0.1719394773 0.1804878049
13.0 0.7668500688000001 0.3650406504 0.0261348006 0.13170731700000002
16.0 0.7984869326 0.3796747968 0.0563961486 0.12845528450000002
16.0 0.8834250344000001 0.31219512200000005 0.052957359 0.1268292683
0.0 0.7290233838 0.7260162602 0.3686382393 0.0243902439
43.0 0.6488995874 0.5682926829 0.1657496561 0.1674796748
19.0 0.7812929848 0.6048780488000001 0.0550206327 0.12032520320000001
13.0 0.8253094911000001 0.6382113821000001 0.0233837689 0.15121951220000002
28.0 0.9050894085000001 0.5894308944000001 0.0770288858 0.15447154470000002
43.0 0.6808803301 0.8471544716 0.18707015130000001 0.2243902439
18.0 0.8002063274000001 0.8634146342000001 0.0460797799 0.1333333333
21.0 0.8339064649 0.8674796748 0.037826685000000006 0.11869918700000001
18.0 0.9019944980000001 0.7861788618000001 0.0419532325 0.1219512195
