42.0 0.2400820794 0.2567237164 0.3543091655 0.3129584352
28.0 0.060875513000000006 0.5366748166 0.08891928860000001 0.20782396090000002
45.0 0.1491108072 0.5513447433 0.0902872777 0.061124694400000006
10.0 0.23871409030000001 0.5464547678 0.0533515732 0.0317848411
1.0 0.3563611492 0.5244498778 0.07523939810000001 0.061124694300000004
0.0 0.7694938441 0.5146699266 0.4172366621 0.0562347189
17.0 0.6053351573 0.18826405870000001 0.1409028728 0.293398533
20.0 0.7448700410000001 0.23716381420000002 0.1108071135 0.2836185819
28.0 0.8693570452 0.3276283618 0.1135430917 0.3227383863
12.0 0.9699042408 0.18092909540000002 0.0574555403 0.1760391198
14.0 0.5937072503 0.6699266504 0.1313269494 0.2493887531
3.0 0.6853625171000001 0.7151589242 0.024623803000000003 0.4034229828
28.0 0.7763337893000001 0.7775061124 0.11627906980000001 0.31784841070000003
17.0 0.8748290014000001 0.6564792176 0.0642954857 0.15892420540000002
6.0 0.9644322845000001 0.7750611247 0.024623803000000003 0.435207824
