42.0 0.1222935044 0.4453280318 0.10184442660000001 0.38966202780000003
38.0 0.019446672 0.8310139165 0.0316760224 0.1829025844
45.0 0.0593424218 0.8588469185000001 0.0352846832 0.0675944334
4.0 0.1160785886 0.6819085487000001 0.0565356856 0.20675944340000002
11.0 0.1704089816 0.8011928429 0.048115477100000005 0.3459244533
17.0 0.2060946271 0.8180914513 0.0368885324 0.20477137180000002
0.0 0.6357257418000001 0.550695825 0.7012830794 0.1113320079
15.0 0.283680834 0.2912524851 0.038893344 0.25646123260000003
46.0 0.39254210100000003 0.3270377734 0.1299117883 0.21669980120000001
20.0 0.48616680030000003 0.12027833 0.0276663994 0.1530815109
38.0 0.5563352045000001 0.2882703777 0.0469125902 0.2306163022
9.0 0.6116680032 0.2793240557 0.051724138 0.1610337972
10.0 0.6557738572 0.31610337980000003 0.0324779471 0.0198807157
15.0 0.7022854852 0.28429423460000003 0.0429029671 0.2465208748
47.0 0.8065356856 0.32107355860000003 0.12951082590000002 0.2007952287
18.0 0.9047714515 0.1312127236 0.0268644748 0.1908548707
38.0 0.9719326384 0.2872763419 0.0473135525 0.22862823070000002
14.0 0.6325180433 0.6282306163 0.0501202887 0.282306163
