42.0 0.0696300103 0.44579439260000003 0.13412127440000002 0.3457943925
38.0 0.1500513875 0.6626168224 0.0369989723 0.12897196260000002
45.0 0.18936279550000001 0.7046728972 0.0364850976 0.093457944
14.0 0.23252826310000002 0.6588785047 0.033401850000000004 0.2112149533
9.0 0.280061665 0.5130841122 0.041109969100000004 0.1102803739
0.0 0.6603288798 0.5280373832 0.6742034943 0.0429906542
0.0 0.4645426516 0.3308411215 0.0554984584 0.014953271
26.0 0.4678828366 0.23364485980000002 0.025179856100000002 0.1457943925
26.0 0.454008222 0.4028037383 0.0262076054 0.1327102804
38.0 0.47893114080000004 0.4411214953 0.0246659815 0.11962616820000001
2.0 0.5174717369 0.3074766355 0.01336074 0.23364485980000002
18.0 0.5475334018 0.26915887850000003 0.0323741007 0.1757009346
9.0 0.5889003084000001 0.2785046729 0.0369989723 0.108411215
12.0 0.6279547790000001 0.270093458 0.0339157245 0.1588785047
47.0 0.7276464543000001 0.32429906540000003 0.12846865370000002 0.18878504670000001
14.0 0.8080678315000001 0.1280373832 0.0313463515 0.1663551402
38.0 0.8792394656 0.3112149533 0.0380267215 0.1551401869
5.0 0.9087872560000001 0.3345794392 0.017985611500000002 0.23551401870000002
0.0 0.3833504625 0.7971962617 0.1038026722 0.020560747600000002
26.0 0.3915724564 0.6906542056 0.0256937307 0.1514018692
26.0 0.37538540600000003 0.8887850467 0.0231243577 0.1626168224
38.0 0.4015930113 0.9130841122000001 0.0241521068 0.1252336449
2.0 0.4450154162 0.7719626168 0.0184994861 0.23177570090000002
46.0 0.522610483 0.7785046728 0.1038026721 0.1738317757
38.0 0.6328365879 0.7738317757000001 0.0364850976 0.1495327102
9.0 0.6711202467 0.7429906542 0.0349434738 0.10654205600000001
38.0 0.714028777 0.7747663551 0.038540596100000005 0.1514018691
50.0 0.8011305242000001 0.7869158878 0.10277492290000001 0.2504672897
16.0 0.8900308325 0.6411214954000001 0.0369989722 0.2205607477
38.0 0.9547790339000001 0.7710280374 0.0369989722 0.1476635514
5.0 0.9871531346 0.7943925234 0.0205549846 0.2280373832
