42.0 0.0888589052 0.4543828265 0.10447185810000001 0.2576028623
8.0 0.0248650732 0.7692307692 0.033538936000000005 0.18604651160000002
45.0 0.081148805 0.7853309481 0.0412490363 0.0966010734
21.0 0.12297609870000001 0.7701252236 0.0254433308 0.2379248658
9.0 0.15593677720000002 0.6538461538 0.032767926 0.1341681575
0.0 0.5595605243 0.5608228980000001 0.7127987664000001 0.0626118068
0.0 0.36160370080000004 0.3220035778 0.0794140323 0.0143112701
26.0 0.3592906708 0.2343470483 0.030840400900000002 0.161001789
26.0 0.3321125674 0.4427549195 0.029683885900000002 0.1735241502
8.0 0.3774094063 0.42218246870000004 0.032382421 0.17531305900000002
2.0 0.4215497301 0.3050089446 0.014263685500000001 0.32379248650000003
16.0 0.4562451812 0.2227191413 0.0435620663 0.2915921288
9.0 0.5 0.2987477638 0.0478026214 0.17889087650000002
10.0 0.5472243639000001 0.301431127 0.0404780262 0.023255814000000003
14.0 0.5859676176 0.2692307692 0.033924441 0.2737030411
47.0 0.6998843485 0.2978533094 0.1407093292 0.2343470483
21.0 0.7791056284000001 0.13774597500000002 0.0246723207 0.21466905190000002
8.0 0.8421356978000001 0.2647584973 0.0435620663 0.22182468700000002
5.0 0.8820354664000001 0.301431127 0.0161912105 0.33094812160000003
0.0 0.2744795682 0.7862254025000001 0.0717039321 0.0196779964
26.0 0.26503469550000003 0.7084078712 0.0312259059 0.1717352415
26.0 0.2361218196 0.8846153846 0.028141865800000002 0.1556350626
8.0 0.2829606785 0.8819320214 0.033153431000000004 0.17889087650000002
2.0 0.3244024672 0.7236135957000001 0.0119506553 0.2701252236
46.0 0.4167309175 0.7611806798 0.1264456438 0.2379248658
8.0 0.5410562838 0.7450805009 0.0435620663 0.24865831840000002
9.0 0.5936777178 0.7692307692 0.0424055512 0.1932021467
8.0 0.6611410948 0.7468694096 0.0400925212 0.2522361359
46.0 0.7783346183000001 0.7450805009 0.1310717039 0.2164579606
15.0 0.8733616037 0.6314847942 0.0296838858 0.1717352415
8.0 0.9373554356 0.7361359571 0.0443330763 0.2379248658
5.0 0.9807247494 0.7343470483 0.0208172706 0.2951699464
