42.0 0.0853164557 0.4185248714 0.168607595 0.3807890223
24.0 0.053670886 0.6972555746 0.0263291139 0.180102916
45.0 0.0853164557 0.7075471698 0.030886076000000002 0.0463121784
1.0 0.12784810130000002 0.6981132076000001 0.0278481013 0.0583190395
0.0 0.5974683544 0.4982847342 0.8010126582 0.0325900515
43.0 0.3339240506 0.26243567760000003 0.1989873418 0.5145797599
20.0 0.4612658228 0.345626072 0.0324050633 0.1252144083
13.0 0.4903797468 0.34905660380000003 0.0258227848 0.18353344770000002
24.0 0.5607594936 0.1818181818 0.044050632900000004 0.29845626070000003
43.0 0.7174683544 0.26329331040000004 0.19443037970000002 0.5162950257
14.0 0.8475949368 0.3636363636 0.0324050633 0.18867924530000002
13.0 0.8792405063000001 0.3284734134 0.0258227848 0.1560891938
15.0 0.9455696203 0.1826758148 0.0329113924 0.2109777015
43.0 0.3230379747 0.7452830188 0.18227848100000002 0.4957118353
19.0 0.4605063292 0.8627787307 0.029873417700000002 0.1749571184
12.0 0.4987341772 0.8696397942 0.033417721500000004 0.1715265866
15.0 0.5615189873 0.6861063464 0.0344303797 0.2195540309
43.0 0.6878481012000001 0.6981132076000001 0.1736708861 0.4322469983
15.0 0.8298734178 0.8447684391 0.0253164557 0.1560891938
18.0 0.8589873418 0.8439108062 0.0278481013 0.1612349914
24.0 0.9346835443 0.6663807890000001 0.0496202532 0.2795883362
