42.0 0.0551611142 0.2661141805 0.1059530311 0.2375690608
36.0 0.0204806116 0.43554327810000004 0.0180229383 0.0976058932
45.0 0.0409612234 0.46869244940000004 0.0251228837 0.0718232045
14.0 0.0715456035 0.4493554328 0.024030584400000003 0.1068139963
0.0 0.5360458766 0.5138121547 0.8186783179 0.349907919
0.0 0.18924085200000001 0.1694290976 0.049699617700000004 0.025782688800000002
26.0 0.20453304200000003 0.0847145488 0.0333151283 0.1620626151
26.0 0.1802293828 0.2651933702 0.030584380100000003 0.1731123389
36.0 0.2075368651 0.2421731124 0.026215183000000003 0.1233885819
2.0 0.2566903332 0.1639042357 0.0327689787 0.2209944751
27.0 0.30010923 0.18692449360000002 0.0475150191 0.1639042357
36.0 0.35390497 0.0690607735 0.0251228837 0.08655616940000001
9.0 0.4003276898 0.138121547 0.0578918624 0.1178637201
10.0 0.45685417800000006 0.1786372008 0.0486073184 0.0184162063
46.0 0.6010376844 0.2320441989 0.1851447297 0.2136279926
36.0 0.7736209722 0.2311233886 0.055161114100000005 0.1933701658
9.0 0.8402512288 0.23296500920000002 0.0726379028 0.1602209944
12.0 0.9191698526000001 0.2836095764 0.0622610595 0.2651933702
5.0 0.9740578918 0.3195211786 0.0398689241 0.3885819521
0.0 0.2089022392 0.5451197053 0.08902239220000001 0.0552486188
26.0 0.2018022938 0.4447513812 0.0311305298 0.1712707182
26.0 0.1777717094 0.6279926335 0.027853631900000002 0.17311233880000002
36.0 0.2094483889 0.6058931860000001 0.0289459312 0.0994475138
2.0 0.2566903332 0.5441988950000001 0.0316766795 0.2375690608
36.0 0.3009284544 0.5211786372 0.041507373 0.1694290976
18.0 0.3364281813 0.48342541440000003 0.030584380100000003 0.1381215469
9.0 0.3885854724 0.5368324126 0.0551611142 0.1344383057
14.0 0.45221190600000005 0.5837937384 0.0644456581 0.2173112339
36.0 0.5155652649 0.5957642726 0.0458765702 0.182320442
12.0 0.5529765156 0.5644567220000001 0.0289459312 0.1344383057
9.0 0.6111414528 0.6169429098 0.0688148553 0.1362799263
16.0 0.6919716002 0.6998158379 0.0786455489 0.2688766114
16.0 0.7626979792 0.7209944751 0.0780993993 0.2707182321
36.0 0.8197706172 0.7016574585 0.0491534681 0.20626151010000002
14.0 0.8741125068000001 0.664825046 0.0420535227 0.1399631676
5.0 0.935281267 0.7872928177 0.0475150191 0.3922651934
