42.0 0.1589464123 0.2228915662 0.1980018165 0.4036144579
38.0 0.0435967302 0.7289156626000001 0.0781108083 0.1807228915
45.0 0.118982743 0.7695783132 0.06721162580000001 0.12349397590000001
21.0 0.18937329700000002 0.7484939759 0.0408719346 0.2138554216
9.0 0.2434150772 0.578313253 0.0417801998 0.1445783132
0.0 0.6103542234 0.48945783130000003 0.5431425977000001 0.171686747
21.0 0.40417802 0.2740963855 0.06721162580000001 0.42168674700000003
38.0 0.5131698456 0.311746988 0.11444141690000001 0.2921686747
16.0 0.60626703 0.1490963855 0.0372388737 0.1897590361
9.0 0.6798365123 0.3087349398 0.0735694823 0.22590361450000002
10.0 0.7556766576 0.3765060241 0.06721162580000001 0.048192771
38.0 0.8605812898 0.4021084337 0.11898274290000001 0.2620481928
21.0 0.9414168937 0.2545180723 0.042688465 0.1837349398
3.0 0.5086285195 0.6897590362 0.0145322434 0.4337349397
38.0 0.5890099909000001 0.7093373494 0.1207992734 0.2740963856
10.0 0.6880108992 0.7710843374 0.0663033606 0.0542168675
21.0 0.7765667574 0.7409638554 0.0744777475 0.33132530120000003
6.0 0.8147138965 0.7665662651 0.012715713 0.4126506024
