49.0 0.0434310532 0.4632675438 0.0629750272 0.12828947370000002
32.0 0.1256786102 0.5285087719 0.030944625400000002 0.1162280702
22.0 0.1685667753 0.4857456141 0.0418023887 0.0679824561
0.0 0.6289359392 0.5372807018 0.7399565690000001 0.0526315789
42.0 0.4511400652 0.0734649123 0.0966340933 0.1403508772
28.0 0.3425624322 0.3552631579 0.030401737300000002 0.15350877200000002
45.0 0.3952225842 0.2850877193 0.0542888165 0.0504385964
4.0 0.4590119435 0.20010964920000002 0.052660152 0.0888157895
11.0 0.48588490770000003 0.2351973684 0.013029316 0.1721491228
17.0 0.5222584148 0.2675438596 0.0358306189 0.0964912281
10.0 0.5583604778 0.208881579 0.033116178100000004 0.0186403509
46.0 0.6891965256 0.125 0.1536373507 0.18421052640000002
28.0 0.812703583 0.1836622807 0.0358306189 0.20504385960000002
42.0 0.365363735 0.6485745614 0.1140065147 0.1370614036
28.0 0.2326275787 0.9254385965 0.030944625400000002 0.1469298246
45.0 0.2839305103 0.8656798246 0.0532030402 0.0559210527
4.0 0.34609120520000003 0.7823464912 0.049402823000000005 0.0975877193
11.0 0.37567861020000004 0.8037280702 0.0054288816 0.1513157895
14.0 0.42698154190000004 0.8623903509 0.0450597177 0.1019736842
10.0 0.4663409338 0.7845394737 0.0260586319 0.016447368400000002
10.0 0.5415309447000001 0.6705043860000001 0.0385450597 0.023026315800000002
19.0 0.6007057547 0.6419956141000001 0.0570032573 0.1304824561
47.0 0.7410423453 0.6716008772000001 0.1552660152 0.1414473684
14.0 0.8428338762 0.5575657895 0.040716612400000005 0.0932017544
28.0 0.9223669924000001 0.7516447368 0.0347448426 0.1918859649
