42.0 0.0957008245 0.366 0.1619552414 0.256
32.0 0.0447585394 0.663 0.0270906949 0.13
45.0 0.0777385159 0.653 0.0341578328 0.038
1.0 0.124852768 0.619 0.0365135453 0.062
0.0 0.39634864550000004 0.489 0.2626619553 0.022
43.0 0.3038869258 0.244 0.1531213192 0.456
15.0 0.4028268551 0.34900000000000003 0.038869258000000004 0.198
16.0 0.445229682 0.339 0.0365135454 0.178
32.0 0.5288574794 0.23800000000000002 0.0518256772 0.232
43.0 0.2903415783 0.71 0.1378091873 0.444
14.0 0.4051825678 0.852 0.0424028269 0.22
14.0 0.4475853946 0.842 0.038869258000000004 0.2
18.0 0.5365135454000001 0.659 0.051825677300000005 0.28200000000000003
0.0 0.7903415784000001 0.494 0.3451118963 0.012
43.0 0.691401649 0.228 0.1460541814 0.44
14.0 0.8088928151 0.377 0.042991755 0.222
21.0 0.8524734982000001 0.34800000000000003 0.0394581861 0.216
20.0 0.9349234394 0.191 0.0465253239 0.318
43.0 0.6969964664 0.707 0.1725559482 0.426
14.0 0.7997644288 0.875 0.0424028269 0.222
13.0 0.8586572438000001 0.861 0.0612485277 0.20600000000000002
32.0 0.9537691402 0.757 0.0594817432 0.25
