42.0 0.1116207951 0.44967532460000004 0.20489296640000002 0.5616883117
23.0 0.2541284404 0.7727272727000001 0.0336391437 0.13636363640000002
45.0 0.2963302752 0.7532467532 0.0348623853 0.058441558500000004
19.0 0.3525993884 0.6720779221000001 0.0495412844 0.1818181818
9.0 0.4006116208 0.5487012987000001 0.034250764600000004 0.16883116880000001
0.0 0.7324159022000001 0.5292207792 0.5107033639 0.0714285714
0.0 0.7721712538000001 0.3603896104 0.044648318 0.0324675324
19.0 0.7556574924 0.2224025974 0.040978593300000005 0.21103896100000002
23.0 0.7547400611 0.4220779221 0.0305810397 0.12337662340000001
10.0 0.49388379200000004 0.8051948052 0.0360856269 0.038961039
16.0 0.5455657492 0.7678571429000001 0.044036697300000004 0.262987013
48.0 0.6360856269 0.7110389610000001 0.1064220184 0.3246753247
23.0 0.7611620795 0.7857142857 0.0434250764 0.1623376624
44.0 0.8629969419 0.7694805194000001 0.1247706422 0.3116883117
23.0 0.9795107034 0.7727272727000001 0.039755351700000004 0.1818181818
