42.0 0.0863804982 0.7375 0.15580286170000002 0.275
39.0 0.1719660838 0.9160714286 0.0185479597 0.1321428571
45.0 0.1979332274 0.8714285714000001 0.023847376700000002 0.0428571429
14.0 0.23078961320000002 0.875 0.0206677265 0.1357142858
9.0 0.2519872814 0.6571428572 0.0227874934 0.11428571430000001
0.0 0.6332803391 0.45892857140000004 0.7027027027 0.3607142857
10.0 0.5029146794 0.43035714280000004 0.0243773185 0.053571428500000004
14.0 0.53418124 0.4 0.0222575517 0.1785714286
50.0 0.5998940116 0.3982142858 0.0731319555 0.18928571430000002
39.0 0.6881293058 0.3285714286 0.020667726600000002 0.1428571429
48.0 0.7583465819 0.30000000000000004 0.0805511394 0.1714285714
18.0 0.8094859566 0.0910714286 0.0121886593 0.1321428571
39.0 0.8508214096000001 0.25 0.0196078431 0.1285714286
48.0 0.3638049814 0.8678571429 0.0842607313 0.2
13.0 0.4308426073 0.6839285714000001 0.0042395336 0.1678571429
39.0 0.474827769 0.8071428572 0.0243773185 0.1571428571
9.0 0.5042395337 0.7839285714 0.0270270271 0.1321428571
2.0 0.5325914150000001 0.7428571428 0.0222575517 0.4285714285
17.0 0.5627980922 0.75 0.0296767356 0.16428571420000002
39.0 0.5980392157000001 0.7482142858 0.0227874934 0.16071428570000001
47.0 0.6674615793 0.7285714286 0.0789613143 0.1357142857
39.0 0.7525172231 0.6517857143 0.0201377848 0.1392857143
9.0 0.7768945416 0.6232142858 0.021197668200000002 0.1107142857
18.0 0.8012718601000001 0.5946428571 0.0158982512 0.17500000000000002
5.0 0.8343932168 0.5982142857 0.037625861100000005 0.4178571428
48.0 0.9157392687 0.5767857143 0.0816110228 0.1821428572
13.0 0.9536301007 0.4035714286 0.0037095920000000003 0.1357142857
39.0 0.989136195 0.525 0.0196078432 0.1285714286
