42.0 0.058948863600000005 0.5145631068000001 0.1160037879 0.318446602
39.0 0.15482954540000002 0.6776699030000001 0.039772727300000005 0.1941747573
45.0 0.19720643940000002 0.6621359224000001 0.056344697000000006 0.13592233010000002
18.0 0.2549715909 0.5970873786 0.0392992424 0.2310679611
0.0 0.6517518939 0.518446602 0.6737689394 0.0660194175
0.0 0.35677083330000003 0.2970873786 0.0705492424 0.023300970900000002
26.0 0.348248106 0.19902912620000002 0.0241477273 0.1572815534
26.0 0.34280303030000003 0.4038834952 0.0293560606 0.1786407767
39.0 0.3671875 0.42135922330000003 0.0241477272 0.13592233
2.0 0.40530303030000003 0.24368932040000002 0.0274621212 0.2621359224
27.0 0.44294507580000003 0.2495145631 0.0364583333 0.11456310680000001
39.0 0.4886363636 0.1116504854 0.0350378788 0.18446601940000001
9.0 0.5314867424 0.1961165048 0.044981060600000004 0.1669902913
10.0 0.5845170454 0.2310679612 0.0459280303 0.058252427200000005
14.0 0.6335227273 0.1786407767 0.0492424242 0.1902912622
50.0 0.7298768939 0.1854368932 0.109375 0.1922330098
39.0 0.816998106 0.1737864077 0.034564393900000004 0.18058252430000002
10.0 0.8536931818 0.1543689321 0.0426136364 0.0330097087
17.0 0.8996212121 0.1446601942 0.040719697 0.2155339806
5.0 0.9330018939 0.1485436894 0.0213068182 0.2660194175
0.0 0.379498106 0.8077669903 0.0535037879 0.0233009708
26.0 0.3790246212 0.6961165048 0.0213068182 0.1417475729
26.0 0.3707386364 0.8980582524 0.0236742424 0.16116504850000002
39.0 0.3993844697 0.9233009709000001 0.026041666600000003 0.1417475728
2.0 0.43821022730000003 0.7660194175 0.0288825758 0.2854368932
39.0 0.47679924240000005 0.7689320388 0.0331439394 0.2019417476
14.0 0.5160984848 0.6077669903 0.0464015151 0.1980582524
9.0 0.5736268939 0.7097087378 0.044981060600000004 0.1883495145
14.0 0.6268939394 0.695145631 0.045454545400000004 0.2058252427
39.0 0.6711647727000001 0.6980582524000001 0.0355113636 0.16893203880000002
17.0 0.7052556818 0.5757281554 0.0364583333 0.2116504855
9.0 0.7580492425 0.6611650486 0.0482954545 0.18058252430000002
13.0 0.7916666667000001 0.6359223301 0.0170454545 0.2194174758
12.0 0.8205492425 0.667961165 0.034090909100000004 0.21747572810000002
39.0 0.8619791666000001 0.6747572816 0.033617424300000004 0.1922330097
21.0 0.8809185606000001 0.5067961166 0.0232007576 0.22135922330000002
5.0 0.9249526516000001 0.6592233009 0.022253787900000002 0.2893203883
