42.0 0.0895245171 0.40482233500000003 0.1745913818 0.3324873096
39.0 0.0304606241 0.6548223350000001 0.029717682000000002 0.15736040610000002
45.0 0.0709509658 0.673857868 0.043833581 0.114213198
1.0 0.1281575037 0.5824873096000001 0.043833581 0.0786802031
0.0 0.5568350669000001 0.3388324873 0.7199108469000001 0.2411167512
39.0 0.5679791976 0.154822335 0.0676077266 0.27918781730000003
39.0 0.27117384850000004 0.8134517766 0.0624071323 0.2969543147
9.0 0.3343239228 0.7093908630000001 0.0549777117 0.1903553299
7.0 0.6953937593 0.5799492386 0.6062407132000001 0.6928934010000001
39.0 0.5694650818 0.7398477158 0.0601783061 0.2969543147
13.0 0.6303863298 0.5888324873 0.0482912333 0.20304568520000002
9.0 0.6931649332 0.616751269 0.0579494799 0.19289340100000002
10.0 0.7592867756 0.6725888324 0.0460624071 0.0355329949
21.0 0.8302377415000001 0.6091370558 0.0616641902 0.36548223350000003
39.0 0.911218425 0.6548223350000001 0.0720653789 0.3096446701
