42.0 0.2681281619 0.5121580547 0.2900505902 0.26443769
23.0 0.0784148398 0.7568389058 0.102866779 0.13981762920000002
45.0 0.2310286678 0.7887537994 0.1416526138 0.11854103340000001
1.0 0.3979763912 0.744680851 0.1214165261 0.1276595745
0.0 0.7698145026000001 0.5957446808 0.4603709949 0.0486322189
18.0 0.6905564924 0.42097264440000004 0.1332209106 0.30699088150000003
27.0 0.8161888702000001 0.48176291790000003 0.0876897133 0.17933130700000002
0.0 0.9317032040000001 0.27811550160000004 0.1264755481 0.0273556231
15.0 0.9376053963000001 0.1595744681 0.060708263000000005 0.1428571428
23.0 0.9409780776000001 0.36626139820000003 0.0640809443 0.11854103340000001
16.0 0.8338954469000001 0.7583586626000001 0.0994940978 0.2948328268
