42.0 0.0693844492 0.238170347 0.10313174950000001 0.41324921140000004
40.0 0.1379589632 0.8485804416 0.0145788337 0.1640378549
45.0 0.1730561556 0.7917981072 0.045896328300000004 0.1198738171
4.0 0.2375809935 0.47791798100000005 0.071274298 0.2681388013
11.0 0.28563714900000003 0.6009463722 0.0367170626 0.7602523659
18.0 0.3309935205 0.7665615142000001 0.0205183585 0.2334384858
10.0 0.3528617711 0.5851735016 0.0221382289 0.0410094637
44.0 0.4716522678 0.2886435332 0.1301295896 0.3123028391
40.0 0.598812095 0.3927444795 0.0280777538 0.2933753944
9.0 0.6409287257 0.24763406940000002 0.0431965442 0.2492113564
10.0 0.6906047516 0.2555205048 0.0431965443 0.0441640379
17.0 0.7416306696 0.2586750788 0.0523758099 0.3848580441
46.0 0.8723002160000001 0.2902208202 0.129049676 0.31545741320000004
40.0 0.9811015119000001 0.3958990536 0.0237580994 0.2996845426
