42.0 0.0796080832 0.6743737958 0.12247397430000001 0.27745664740000003
25.0 0.0358236375 0.8689788054 0.0226576852 0.061657032800000004
45.0 0.08083282300000001 0.8892100192 0.053888548700000004 0.0712909441
18.0 0.1209430496 0.887283237 0.0214329455 0.0828516378
7.0 0.5970606246 0.3564547206 0.8009797918 0.6512524085
0.0 0.6723821188 0.7697495183 0.6025719534 0.0404624278
25.0 0.3864053888 0.5549132948000001 0.0416411513 0.11946050100000001
2.0 0.44733619100000005 0.5308285163 0.0520514391 0.2909441233
25.0 0.4978567055 0.5645472062 0.0453153705 0.1310211946
10.0 0.5453153704 0.5327552986 0.0336803429 0.0211946051
20.0 0.5967544396000001 0.5337186898 0.0434782609 0.18882466280000001
5.0 0.6466625842 0.5510597302 0.0355174526 0.34682080930000003
2.0 0.7002449479 0.5240847784 0.047152480100000005 0.281310212
25.0 0.7513778322 0.5664739885 0.0404164115 0.1348747591
9.0 0.8254745866000001 0.5096339114 0.0759338641 0.140655106
14.0 0.8940600122000001 0.5568400771 0.0600122474 0.2235067437
5.0 0.9488671158 0.5953757226 0.0373545621 0.4046242775
25.0 0.6099203919 0.8757225434 0.042865891 0.1252408477
10.0 0.662278016 0.8487475915 0.0385793019 0.021194605000000002
14.0 0.719228414 0.87283237 0.0593998775 0.2235067437
