22.0 0.0421428572 0.5028901734 0.07571428570000001 0.0554913295
0.0 0.5685714286 0.5768786127000001 0.8328571429 0.050867052
42.0 0.245 0.20057803470000002 0.1728571428 0.1838150289
34.0 0.13607142860000002 0.4184971098 0.0478571429 0.0901734104
45.0 0.1964285714 0.4213872832 0.0585714286 0.0473988439
14.0 0.2821428572 0.40751445080000004 0.06714285710000001 0.1052023121
9.0 0.3539285714 0.32601156070000004 0.0507142857 0.0878612716
0.0 0.5085714286 0.22543352600000002 0.1171428571 0.0092485549
26.0 0.5135714286 0.1069364161 0.0642857143 0.1514450867
26.0 0.4796428572 0.3387283237 0.0707142857 0.2011560694
34.0 0.56 0.3219653179 0.0671428572 0.10982658960000001
17.0 0.6582142857000001 0.1895953757 0.06357142860000001 0.15491329480000002
49.0 0.765 0.22254335260000002 0.0785714286 0.2046242774
34.0 0.8942857143 0.1919075144 0.06 0.1179190751
19.0 0.9678571428 0.0641618497 0.0528571429 0.10751445080000001
42.0 0.32142857140000003 0.7260115607000001 0.1757142857 0.1895953758
34.0 0.2207142857 0.939884393 0.0471428572 0.08786127170000001
45.0 0.28750000000000003 0.9485549133000001 0.0664285714 0.052023121400000004
15.0 0.36035714280000003 0.9364161849 0.0507142857 0.1179190751
9.0 0.4139285714 0.8468208092 0.0464285714 0.0843930635
0.0 0.5878571428 0.7479768786000001 0.21285714290000002 0.0115606936
26.0 0.5821428572 0.6537572254 0.0714285715 0.1791907515
26.0 0.5467857143 0.8520231214 0.0764285714 0.1895953757
34.0 0.6189285714 0.8479768786 0.062142857100000004 0.11445086700000001
7.0 0.8142857143000001 0.6959537572000001 0.2385714286 0.2843930636
40.0 0.8803571428 0.7445086705 0.0592857143 0.1687861272
