42.0 0.0795768169 0.5407801418 0.1113155474 0.2446808511
34.0 0.0170193192 0.9131205674 0.02299908 0.09574468080000001
45.0 0.0538178473 0.9131205674 0.0377184912 0.1382978723
15.0 0.10027598900000001 0.9166666666000001 0.0202391905 0.1595744681
9.0 0.13477460900000002 0.7056737589000001 0.0285188592 0.1631205674
0.0 0.5404783808 0.5460992908 0.7258509659 0.12056737590000001
13.0 0.34360625580000004 0.3475177305 0.0174793009 0.1773049646
9.0 0.37718491260000003 0.3581560284 0.04599816 0.2340425532
10.0 0.4360625575 0.34574468080000004 0.0478380864 0.0319148937
50.0 0.5929162834 0.3475177305 0.1591536339 0.39716312060000003
15.0 0.7387304508 0.09574468080000001 0.029438822400000002 0.1702127659
34.0 0.8403863845 0.39007092200000004 0.037718491300000004 0.1489361702
48.0 0.31324747010000004 0.8262411348 0.14627414900000002 0.1843971631
34.0 0.4558417664 0.8475177305 0.0321987121 0.1489361702
9.0 0.5124195032000001 0.8368794326000001 0.0496780129 0.24113475180000002
34.0 0.5703771849 0.8723404255 0.0404783808 0.1631205674
47.0 0.7226310948 0.8918439716000001 0.1609935603 0.20921985810000002
17.0 0.8463661454 0.6453900709 0.0312787489 0.1631205674
34.0 0.9535418584 0.8971631206 0.041398344100000005 0.1418439716
