42.0 0.07507820650000001 0.4842271294 0.1293013556 0.29337539430000004
29.0 0.0364963504 0.6829652996000001 0.0187695516 0.09779179810000001
45.0 0.07403545360000001 0.6876971609 0.031282586 0.0567823344
1.0 0.1282586027 0.6388012618000001 0.039624609000000005 0.047318612
0.0 0.5547445256 0.5914826499 0.7403545359 0.17981072550000002
43.0 0.3534932221 0.3044164038 0.13972888420000001 0.4384858044
13.0 0.4614181439 0.41955835960000004 0.017726798800000002 0.1135646688
19.0 0.4953076121 0.4227129337 0.025026068800000002 0.1261829653
29.0 0.5933263817000001 0.2634069401 0.0312825861 0.1861198738
43.0 0.7513034411 0.3548895899 0.1449426486 0.41955835960000004
14.0 0.8451511992 0.474763407 0.0260688217 0.13564668770000002
20.0 0.8811261731000001 0.4558359622 0.025026068800000002 0.1104100947
17.0 0.9744525548 0.3201892744 0.0364963503 0.1419558359
43.0 0.3347236705 0.7634069401 0.1355578728 0.4479495268
18.0 0.45568300310000004 0.8422712934000001 0.0271115746 0.1072555205
14.0 0.4927007299 0.8611987382 0.0281543274 0.1261829653
18.0 0.5959332638 0.6845425868 0.0323253389 0.1514195583
43.0 0.7413972888 0.7649842272 0.13347236710000002 0.4069400631
16.0 0.8435870699 0.880126183 0.0208550573 0.1388012618
15.0 0.8686131387 0.8753943218 0.0208550574 0.1104100947
29.0 0.9629822732000001 0.7113564669 0.034410844600000004 0.1608832808
