42.0 0.0768398268 0.4453333333 0.1392496393 0.336
24.0 0.17532467540000002 0.64 0.037518037500000004 0.13866666660000002
45.0 0.2146464646 0.7013333334 0.0512265513 0.09066666670000001
1.0 0.2795815296 0.644 0.051226551200000005 0.06666666660000001
0.0 0.5032467532 0.5466666666000001 0.2849927849 0.0373333333
43.0 0.4365079365 0.2973333334 0.0966810966 0.3653333333
21.0 0.5227272728 0.3973333334 0.0281385281 0.2133333333
13.0 0.5422077922 0.3733333334 0.007936508 0.1653333333
24.0 0.6168831169 0.2213333334 0.060606060600000004 0.2346666667
43.0 0.4419191919 0.7506666667 0.11904761900000001 0.376
17.0 0.5158730159 0.8346666667 0.0331890332 0.192
17.0 0.5479797980000001 0.84 0.0324675325 0.1973333334
16.0 0.623015873 0.6666666667000001 0.0396825397 0.2293333333
0.0 0.8542568543 0.5506666667 0.28860028860000003 0.04
43.0 0.7626262626 0.2786666666 0.12265512270000001 0.3653333333
15.0 0.8459595959 0.3946666667 0.0324675325 0.224
19.0 0.8816738816 0.3866666666 0.0288600289 0.2293333333
13.0 0.9476911976 0.17733333340000001 0.0064935065 0.22666666670000002
43.0 0.7604617604 0.7653333334 0.1313131313 0.4053333333
16.0 0.8430735931000001 0.8813333334000001 0.035353535400000004 0.2053333333
13.0 0.8636363636000001 0.8506666666 0.0101010101 0.1866666667
24.0 0.9383116884 0.6386666667 0.0598845599 0.1733333333
