42.0 0.1128349788 0.3456140351 0.1043723555 0.3684210526
8.0 0.027856135400000002 0.7175438596 0.050070521800000004 0.3403508771
45.0 0.1036671368 0.7438596491 0.0437235543 0.1614035088
0.0 0.1812411848 0.7771929824 0.0437235543 0.0175438597
4.0 0.1808885754 0.6526315789 0.0303244005 0.1543859649
16.0 0.179125529 0.8929824562 0.012693935100000001 0.1578947369
47.0 0.34203102960000004 0.4473684211 0.1622002821 0.2701754386
16.0 0.4404090268 0.1228070176 0.0190409026 0.2175438597
8.0 0.5278561354 0.3877192982 0.0613540198 0.41052631570000003
9.0 0.6121297602 0.4210526316 0.057827926700000004 0.28771929820000003
46.0 0.7700987306 0.5210526316 0.17066290550000002 0.2701754386
18.0 0.8716502116 0.17543859650000002 0.0282087447 0.18947368420000002
8.0 0.9682651622 0.4964912281 0.0620592384 0.4807017544
