42.0 0.0803732692 0.5339366516 0.1354605659 0.3303167421
41.0 0.037928958400000004 0.7488687783 0.0397350993 0.10859728510000001
45.0 0.0770620108 0.7601809955000001 0.0409391933 0.08144796380000001
1.0 0.1297411198 0.7488687783 0.0391330524 0.07239819
0.0 0.2820590006 0.5972850679 0.1426851294 0.0135746606
17.0 0.2805538832 0.3778280543 0.0541842264 0.3122171946
41.0 0.2444310656 0.8337104072 0.0662251656 0.2149321267
10.0 0.2919927754 0.75 0.0180614088 0.024886877800000002
16.0 0.3226971704 0.713800905 0.0349187237 0.1877828054
9.0 0.40036122820000003 0.6097285068 0.0541842264 0.2330316742
10.0 0.44852498500000004 0.57239819 0.0325105359 0.0542986425
21.0 0.5078266105 0.5045248868000001 0.062010836800000003 0.2986425339
0.0 0.7895845876 0.6029411764 0.38711619500000005 0.0203619909
47.0 0.6703792896 0.3981900452 0.20770620110000002 0.28054298650000004
16.0 0.8311258278 0.169683258 0.0608067429 0.3303167421
11.0 0.8964479230000001 0.3337104072 0.0722456351 0.4095022625
41.0 0.9638771824000001 0.4264705882 0.0674292595 0.2104072398
41.0 0.7501505118 0.8495475113000001 0.0722456351 0.2330316742
10.0 0.7934978928 0.7522624434 0.0180614088 0.0248868779
16.0 0.8217941 0.7262443438 0.0325105359 0.2036199095
