42.0 0.035918907 0.143020595 0.07007492280000001 0.2677345538
38.0 0.08814455700000001 0.4839816934 0.0396650507 0.1304347826
45.0 0.1178933451 0.5 0.028646981000000002 0.0709382152
4.0 0.1773909212 0.3775743708 0.0506831203 0.22425629290000001
11.0 0.2252093434 0.5148741419 0.0581754077 0.3066361556
21.0 0.2549581314 0.5800915332000001 0.021595416500000002 0.171624714
50.0 0.3710885853 0.4462242563 0.143675628 0.3981693364
14.0 0.47796386080000003 0.3135011442 0.032172763300000004 0.1647597254
38.0 0.5423093874 0.5675057208000001 0.0586161304 0.19679633870000002
9.0 0.6068752754 0.5640732265 0.057293962100000005 0.17620137300000002
44.0 0.74526223 0.6979405034 0.1754076685 0.3157894737
17.0 0.8732921992 0.5743707094 0.0418686646 0.20594965680000002
38.0 0.9594535038 0.8546910755 0.0696342001 0.2082379862
