42.0 0.061581676800000006 0.5461847390000001 0.1041486603 0.3172690763
38.0 0.033275713000000005 0.7419678715 0.0267934313 0.10642570280000001
45.0 0.0654710458 0.7630522088 0.028089887600000002 0.0682730923
1.0 0.0978824546 0.7128514056 0.0254969749 0.0562248996
0.0 0.5421348314000001 0.687751004 0.7489196197 0.1425702811
7.0 0.38353500430000004 0.2871485944 0.41097666380000003 0.5180722892
38.0 0.2919187554 0.3483935743 0.05488331900000001 0.1947791164
18.0 0.32670700080000004 0.217871486 0.0164217805 0.11847389550000001
9.0 0.3612791702 0.2881526104 0.036300777900000004 0.1546184739
10.0 0.4031979256 0.3232931726 0.0319792567 0.020080321300000002
18.0 0.4399308556 0.2740963856 0.0285220397 0.21485943770000002
35.0 0.4693171996 0.3152610442 0.0242005185 0.24497991970000002
38.0 0.5155574762 0.33534136540000004 0.0535868626 0.1767068273
9.0 0.5661192740000001 0.2881526104 0.0397579948 0.1546184739
7.0 0.7992653414 0.25 0.400605013 0.467871486
38.0 0.7115384616 0.3172690763 0.0488331893 0.1526104418
13.0 0.7506482282 0.2530120482 0.0172860847 0.1686746988
9.0 0.7914866033 0.27309236940000003 0.036732930000000004 0.13253012050000001
10.0 0.8327571306 0.3222891566 0.0319792567 0.0180722892
14.0 0.8777009508 0.3263052209 0.0484010371 0.2791164658
38.0 0.9340968021 0.33433734940000004 0.046240276600000005 0.1746987952
38.0 0.2770095074 0.7951807229000001 0.056179775300000005 0.172690763
14.0 0.3176318064 0.703815261 0.029386344000000002 0.1465863453
9.0 0.3649524632 0.7530120482 0.0436473639 0.156626506
10.0 0.40103716500000003 0.7851405623000001 0.0319792567 0.020080321300000002
18.0 0.43863439930000003 0.7299196787000001 0.0302506482 0.2068273092
35.0 0.4697493518 0.7751004016 0.027657735500000002 0.2409638554
38.0 0.5112359550000001 0.7851405623000001 0.0509939499 0.1606425703
9.0 0.5617977528 0.7419678714 0.0371650821 0.1425702811
10.0 0.6032843561 0.7841365462000001 0.0319792567 0.0180722892
16.0 0.6393690579 0.7479919679 0.0306828004 0.2751004016
2.0 0.679991357 0.8092369478 0.0315471045 0.3775100402
38.0 0.7273120138 0.7901606426000001 0.0544511668 0.1666666667
20.0 0.7621002593 0.6576305221000001 0.0168539326 0.1224899598
9.0 0.7990492654 0.7439759036 0.036300777900000004 0.1465863454
12.0 0.8401037165 0.7610441767 0.029386344000000002 0.2570281124
5.0 0.8697061366000001 0.8162650602 0.0211754537 0.3393574297
