42.0 0.09413580240000001 0.5760233918000001 0.1867283951 0.4152046784
24.0 0.2345679012 0.8538011696000001 0.0432098765 0.2397660818
45.0 0.2858796296 0.9005847954 0.0439814815 0.1052631579
16.0 0.344521605 0.8625730994 0.0408950617 0.17543859650000002
0.0 0.6917438272 0.7295321638000001 0.5949074074 0.08479532170000001
7.0 0.6292438272 0.3216374269 0.3865740741 0.5146198830000001
18.0 0.6014660493 0.418128655 0.060956790100000005 0.22807017540000002
24.0 0.6674382716 0.3611111111 0.061728395000000005 0.2777777778
9.0 0.7349537037 0.3713450292 0.0578703704 0.1520467837
18.0 0.7997685186 0.41081871340000004 0.0563271605 0.2192982457
9.0 0.8645833334 0.3698830409 0.053240740700000004 0.149122807
19.0 0.9363425926000001 0.4166666666 0.0594135802 0.23684210530000002
19.0 0.6986882716 0.8347953216 0.0578703704 0.2485380117
