42.0 0.0940877304 0.4872611465 0.1118881119 0.305732484
41.0 0.035282899 0.7961783440000001 0.0311506675 0.12101910830000001
45.0 0.0775588048 0.7738853503 0.0432294978 0.1082802548
0.0 0.152892562 0.7882165605 0.07946598860000001 0.0350318472
4.0 0.1414494596 0.7213375796 0.0298792117 0.1178343949
20.0 0.1468531469 0.8742038217 0.030514939600000002 0.14331210190000002
0.0 0.5781945328 0.6464968152 0.7482517483000001 0.17197452230000002
15.0 0.2689129053 0.37261146500000003 0.061029879200000005 0.2356687898
47.0 0.409726637 0.49522293 0.1354100445 0.29617834390000003
20.0 0.493006993 0.11624203820000001 0.0387794024 0.2197452229
41.0 0.5785123967 0.4203821656 0.041958042 0.17197452230000002
9.0 0.6265098538 0.3550955414 0.040050858200000004 0.1560509554
16.0 0.6795931342 0.33917197460000004 0.0470438653 0.2515923567
48.0 0.7908455181 0.4251592356 0.1068022886 0.2579617835
18.0 0.8827082009 0.1417197452 0.0362364908 0.2261146497
41.0 0.9612205976 0.4140127388 0.041958042 0.1656050955
21.0 0.6150667514 0.673566879 0.0514939606 0.2515923567
