42.0 0.1287799792 0.4393939394 0.2513034411 0.2943722944
23.0 0.3023983316 0.5562770562 0.06882168920000001 0.1515151515
45.0 0.37747653810000004 0.5887445888 0.0646506778 0.0909090909
1.0 0.4869655892 0.5119047619 0.0938477581 0.12337662340000001
0.0 0.8138686131 0.3658008658 0.299270073 0.0995670996
0.0 0.79092805 0.21103896100000002 0.1866527633 0.0757575757
15.0 0.7278415016 0.1093073593 0.060479666300000005 0.1536796536
12.0 0.7846715328 0.091991342 0.0615224191 0.158008658
18.0 0.8347236705000001 0.0768398268 0.0490093848 0.1320346321
23.0 0.7992700730000001 0.2835497836 0.0656934306 0.1212121213
0.0 0.8169968718 0.645021645 0.1657977059 0.060606060600000004
16.0 0.8169968718 0.5043290043 0.055265901900000004 0.20779220780000002
21.0 0.7299270073 0.8506493506 0.0646506778 0.2121212121
7.0 0.8696558916 0.8019480520000001 0.19395203330000002 0.3614718615
39.0 0.9598540146000001 0.8214285714 0.07403545360000001 0.2099567099
