42.0 0.0876466528 0.4322033898 0.1739130435 0.3107344633
39.0 0.0389924085 0.8714689266000001 0.022774327100000002 0.0875706215
45.0 0.0728088337 0.8276836158 0.0365769496 0.0677966102
21.0 0.11801242240000001 0.8036723164 0.0262249827 0.1384180791
9.0 0.149068323 0.6398305084 0.0248447205 0.0875706215
0.0 0.630089717 0.38841807910000004 0.7039337475 0.1327683616
10.0 0.3940648724 0.2881355932 0.042788129700000004 0.0338983051
19.0 0.4427191166 0.2627118644 0.0434782609 0.19774011300000002
48.0 0.5593512768000001 0.2344632768 0.1180124223 0.2542372881
39.0 0.6645962733 0.2768361582 0.0234644582 0.1242937853
48.0 0.762594893 0.19774011300000002 0.1021394065 0.2372881356
14.0 0.8278122843 0.0677966102 0.024154589400000002 0.1129943503
39.0 0.8913043478 0.2344632768 0.022774327100000002 0.1186440678
2.0 0.2819185645 0.7288135594 0.0393374741 0.5084745763
12.0 0.33436853 0.6906779661 0.0393374741 0.2062146892
9.0 0.3812974465 0.6666666667000001 0.0351966874 0.14689265540000002
39.0 0.42822636300000005 0.6822033898000001 0.031055900600000002 0.1158192091
50.0 0.5607315390000001 0.6440677966 0.1566597654 0.2485875706
39.0 0.6932367150000001 0.604519774 0.028295376100000002 0.1129943503
5.0 0.7232574190000001 0.5607344632 0.0358868185 0.39830508470000003
47.0 0.8440303658 0.5663841808 0.1449275362 0.1892655368
17.0 0.9261559696 0.4053672316 0.015182884700000001 0.10451977400000001
39.0 0.9830917874 0.5282485876 0.0241545893 0.1186440678
