15.0 0.0174808429 0.2036082474 0.0320881226 0.3969072165
11.0 0.045977011500000005 0.45876288660000003 0.033524904200000004 0.4381443299
14.0 0.1058429119 0.4239690722 0.09291187740000001 0.3170103093
42.0 0.2243773946 0.4304123711 0.1096743295 0.32989690720000003
36.0 0.3086685824 0.8518041237 0.011973180100000001 0.19845360820000002
45.0 0.3362068966 0.8608247423000001 0.0316091954 0.1701030928
4.0 0.4001436781 0.5850515464 0.0780651341 0.2989690722
11.0 0.44827586210000003 0.7396907217 0.025862069 0.3711340207
20.0 0.4791666666 0.8827319588 0.0177203065 0.2190721649
10.0 0.49880268200000005 0.7177835052 0.016762452100000002 0.0180412371
0.0 0.7555076628 0.5115979382 0.4880268199 0.033505154700000005
14.0 0.6666666667000001 0.2822164948 0.061302682000000004 0.1829896907
36.0 0.7128831418 0.3543814433 0.0186781609 0.2654639176
9.0 0.7452107280000001 0.3595360825 0.0373563219 0.25
10.0 0.7789750958 0.3865979382 0.0205938698 0.020618556700000002
17.0 0.8098659004000001 0.3105670103 0.0268199234 0.22422680420000002
4.0 0.8721264368 0.3788659794 0.0536398468 0.2319587629
10.0 0.5706417624 0.7048969072 0.0215517241 0.0180412371
14.0 0.620210728 0.6198453609 0.0641762452 0.18814432990000002
47.0 0.7258141762 0.6739690722 0.1087164751 0.2190721649
36.0 0.8170498084000001 0.6701030928 0.0210727969 0.2577319588
46.0 0.8948754789000001 0.7216494846 0.0962643678 0.3041237113
36.0 0.971743295 0.6404639176 0.0181992337 0.2190721649
