42.0 0.1765734266 0.7273869346 0.1666666667 0.1532663317
24.0 0.044289044300000004 0.9258793970000001 0.041958042 0.1281407035
45.0 0.0967365968 0.898241206 0.0512820513 0.0879396985
10.0 0.1754079254 0.9145728644000001 0.0524475524 0.025125628100000002
1.0 0.2867132868 0.8630653266 0.0769230769 0.0879396985
0.0 0.6911421911000001 0.7236180904 0.6153846154 0.0301507537
7.0 0.6934731935 0.34798994980000003 0.49417249420000003 0.6859296483
14.0 0.7354312354 0.40452261310000004 0.06293706290000001 0.15577889450000001
14.0 0.8222610722 0.40452261310000004 0.0664335665 0.15577889450000001
24.0 0.8974358974000001 0.4108040201 0.0512820513 0.16331658300000002
21.0 0.9481351982 0.25 0.0291375291 0.13819095480000002
24.0 0.7127039627 0.8140703518 0.0571095572 0.1608040201
