42.0 0.060686653800000004 0.42282958200000004 0.12040618950000001 0.2540192926
41.0 0.0256286267 0.6688102894 0.0280464216 0.09646302250000001
45.0 0.0647969053 0.6655948553000001 0.0415860735 0.073954984
14.0 0.10227272720000001 0.6310289389 0.0265957447 0.10771704180000001
0.0 0.5024177949 0.52170418 0.7891682785 0.0401929261
0.0 0.2727272727 0.2435691318 0.0976789168 0.011254019300000001
26.0 0.2688588008 0.11254019300000001 0.0560928433 0.21864951770000002
26.0 0.24419729210000002 0.3488745981 0.052224371400000004 0.19292604500000002
41.0 0.3007736944 0.39790996780000004 0.040618955500000005 0.1173633441
2.0 0.35614119920000004 0.2371382636 0.0314313346 0.28135048230000004
27.0 0.4001450677 0.26929260450000003 0.0420696324 0.194533762
41.0 0.4306092844 0.13585209010000002 0.0265957447 0.0948553055
9.0 0.48283365570000003 0.1953376206 0.047872340400000005 0.1977491961
10.0 0.535541586 0.2049839228 0.0420696325 0.030546623800000002
17.0 0.5979206964 0.1881028938 0.0556092843 0.19614147910000002
50.0 0.7304158608 0.2234726688 0.1745647969 0.23794212220000002
41.0 0.8844294004000001 0.2427652733 0.040618955500000005 0.1607717042
5.0 0.9426982592 0.24517684890000002 0.0265957447 0.38424437300000003
0.0 0.2200193424 0.7580385852 0.15377176010000002 0.030546623800000002
26.0 0.2289651838 0.6133440514 0.0459381045 0.1977491961
26.0 0.2117988394 0.8601286174 0.0522243713 0.21543408360000002
41.0 0.2642649903 0.8954983923000001 0.035299806600000004 0.12218649520000001
2.0 0.3230174081 0.7250803858 0.0309477756 0.2636655949
14.0 0.3733075435 0.6832797428 0.0541586074 0.19614147910000002
41.0 0.4315764023 0.7427652733 0.054642166400000004 0.1607717042
17.0 0.4736460348 0.6278135048 0.0265957447 0.0980707396
9.0 0.5207930368 0.7025723473000001 0.0454545455 0.2057877813
15.0 0.577369439 0.7065916399000001 0.0444874275 0.1977491961
18.0 0.6378143134 0.6696141479000001 0.0589941973 0.194533762
41.0 0.7052707930000001 0.748392283 0.0507736944 0.1688102894
18.0 0.7560444874000001 0.6398713826 0.0372340425 0.1254019293
9.0 0.8082688588 0.6848874598 0.0488394584 0.1832797428
14.0 0.8675048356 0.6881028939 0.0531914894 0.2025723472
41.0 0.9209381044 0.7540192926 0.0459381045 0.1768488746
5.0 0.9799323017 0.7475884244000001 0.0333655706 0.3890675241
