49.0 0.055583375000000004 0.48432601880000004 0.10615923890000001 0.288401254
36.0 0.1452178268 0.4357366771 0.0270405609 0.2163009404
22.0 0.19779669500000002 0.45532915360000004 0.06509764650000001 0.1018808778
0.0 0.6269404106 0.5039184953 0.7250876314 0.045454545400000004
42.0 0.35102653980000004 0.12068965520000001 0.0971457186 0.1473354232
38.0 0.4176264396 0.38793103440000004 0.0280420631 0.0987460815
45.0 0.4491737606 0.39733542320000004 0.0340510766 0.12382445140000001
4.0 0.5147721582 0.2037617555 0.0811216825 0.1692789968
11.0 0.5746119179 0.3095611286 0.046569854800000005 0.3119122257
20.0 0.6046569855 0.381661442 0.017526289400000002 0.11755485900000001
10.0 0.6266900350000001 0.29780564260000003 0.0185277917 0.0156739812
0.0 0.7183274912000001 0.1520376176 0.0365548323 0.0125391849
26.0 0.7068102154 0.0815047022 0.0185277917 0.1379310344
26.0 0.6930395593 0.2217868338 0.0190285428 0.1300940439
38.0 0.7155733601 0.24294670840000002 0.0250375563 0.0940438871
48.0 0.8094641963 0.1293103448 0.086629945 0.170846395
38.0 0.89108663 0.13166144200000002 0.0335503255 0.1253918496
42.0 0.30220330500000003 0.6300940438 0.1056584877 0.1410658307
38.0 0.3602904356 0.8949843260000001 0.024536805300000002 0.0909090909
45.0 0.3905858788 0.8989028213 0.029043565400000002 0.1081504702
4.0 0.4629444166 0.7225705329000001 0.0856284427 0.1755485894
11.0 0.5065097647 0.8432601881 0.0285428143 0.27586206900000004
16.0 0.5395593390000001 0.8902821316 0.023535303 0.1755485893
10.0 0.5628442664000001 0.8072100313 0.0210315474 0.0094043887
0.0 0.6204306460000001 0.6661442006 0.060090135200000006 0.0125391849
26.0 0.6394591888000001 0.593260188 0.0170255383 0.1300940439
26.0 0.6264396595 0.737460815 0.018027040600000002 0.1144200627
38.0 0.6479719580000001 0.7797805643 0.023034551900000002 0.105015674
10.0 0.6935403104 0.65830721 0.024036054100000002 0.0156739812
15.0 0.7283425137 0.6057993730000001 0.0345518277 0.16771159870000002
47.0 0.818227341 0.6316614420000001 0.1111667502 0.1285266458
21.0 0.8948422634000001 0.5681818182 0.018027040600000002 0.1426332288
38.0 0.9451677516 0.6528213167 0.031547321 0.1332288401
