42.0 0.12030456860000001 0.44473684210000003 0.2040609137 0.35263157900000003
29.0 0.0269035533 0.8644736842 0.0497461928 0.1868421052
45.0 0.0847715736 0.9407894737 0.061928934000000005 0.09210526320000001
14.0 0.1543147208 0.8684210526 0.050761421300000005 0.1789473684
9.0 0.2020304568 0.7000000000000001 0.040609137100000005 0.1052631578
27.0 0.340609137 0.5105263158 0.09644670050000001 0.2631578948
49.0 0.43197969540000003 0.2947368421 0.0639593909 0.2157894736
2.0 0.5304568528 0.3052631579 0.0192893401 0.2157894736
14.0 0.5695431472 0.2855263158 0.0487309644 0.1868421052
9.0 0.6197969543 0.2907894736 0.0416243655 0.1236842105
29.0 0.6664974619 0.2815789474 0.0436548223 0.1947368421
44.0 0.7923857868 0.1644736842 0.1817258884 0.1710526316
29.0 0.9345177665000001 0.1039473684 0.0538071066 0.17631578950000001
5.0 0.9761421320000001 0.33289473680000004 0.0131979696 0.24473684210000002
