22.0 0.0341880342 0.43440233240000004 0.05006105 0.12244897960000001
42.0 0.1611721612 0.41982507290000004 0.13186813190000002 0.664723032
25.0 0.2567155067 0.6472303207 0.0201465202 0.20991253640000002
45.0 0.2902930403 0.6778425656 0.039682539600000004 0.10787172020000001
1.0 0.3458485958 0.6443148688 0.0567765567 0.0583090379
0.0 0.688034188 0.5145772595 0.5811965812000001 0.07288629740000001
25.0 0.4975579976 0.2288629738 0.0244200245 0.27113702630000003
10.0 0.5396825397 0.23032069970000002 0.042735042800000005 0.0174927114
14.0 0.5818070818000001 0.20991253640000002 0.0317460318 0.22740524780000002
9.0 0.6242368742000001 0.2463556852 0.0335775336 0.1486880467
10.0 0.6611721612 0.2376093294 0.0378510379 0.026239067100000003
2.0 0.7057387058 0.2536443149 0.0280830281 0.3440233236
25.0 0.7341269841 0.23032069970000002 0.021367521400000002 0.2740524782
10.0 0.7771672772 0.2405247814 0.0415140415 0.0320699709
15.0 0.8241758242 0.1793002916 0.0378510378 0.2594752187
5.0 0.8632478632 0.278425656 0.0317460317 0.43440233240000004
7.0 0.5418192918 0.7521865889 0.2057387058 0.472303207
25.0 0.5573870574 0.8265306122 0.0244200244 0.2827988339
10.0 0.5985958486 0.8192419825 0.0409035409 0.0174927114
20.0 0.6373626374 0.7536443149000001 0.0244200244 0.1836734694
9.0 0.6694139194000001 0.8265306122 0.0274725275 0.1370262391
7.0 0.7942612942 0.72303207 0.20757020750000002 0.4489795918
25.0 0.8128815629 0.8206997085000001 0.0262515262 0.27696793010000004
10.0 0.8531746032 0.8221574344 0.0421245421 0.0233236152
19.0 0.9038461538 0.8192419825 0.0445665445 0.332361516
