49.0 0.0321782178 0.48522727270000005 0.057155715600000004 0.15
33.0 0.1147614762 0.5085227272 0.0369036903 0.1352272727
22.0 0.1626912691 0.4892045454 0.037353735400000004 0.0579545455
0.0 0.601260126 0.53125 0.7533753376 0.0170454546
42.0 0.40999099910000003 0.1357954546 0.108010801 0.2238636363
28.0 0.3109810981 0.4181818182 0.017101710200000002 0.07954545460000001
45.0 0.3350585058 0.42443181820000003 0.0256525653 0.0443181818
4.0 0.3924392439 0.3011363636 0.06480648060000001 0.1409090909
11.0 0.44936993700000005 0.3681818182 0.0472547254 0.1886363636
18.0 0.4817731773 0.4113636363 0.0229522952 0.0795454545
10.0 0.5067506751 0.3420454546 0.0180018002 0.0090909091
10.0 0.5630063006 0.1329545455 0.032403240300000004 0.0204545455
14.0 0.6138613862 0.11136363640000001 0.0522052205 0.1454545455
47.0 0.7328982898 0.1613636364 0.1399639964 0.1863636363
15.0 0.8157065706000001 0.0431818182 0.026552655300000002 0.0818181818
28.0 0.8744374438 0.1494318182 0.029702970300000003 0.15568181820000002
42.0 0.3127812782 0.6585227273 0.10981098110000001 0.2102272727
28.0 0.20859585960000002 0.9443181818 0.016651665200000002 0.0818181818
45.0 0.2344734474 0.9482954546000001 0.0270027003 0.0443181819
4.0 0.2907290729 0.8278409091000001 0.06480648060000001 0.1465909091
11.0 0.351710171 0.8880681818 0.046354635400000004 0.1715909091
14.0 0.38613861390000004 0.9386363636 0.026102610300000002 0.0840909091
10.0 0.41044104410000004 0.8659090909 0.0180018002 0.0113636364
15.0 0.47547254720000004 0.6494318182000001 0.047254725500000004 0.1352272727
50.0 0.6023852385 0.6585227273 0.14986498650000002 0.1852272727
14.0 0.6903690369000001 0.5784090909 0.024302430200000003 0.0909090909
28.0 0.751350135 0.68125 0.0310531053 0.153409091
46.0 0.8584608461000001 0.6727272727 0.1273627363 0.1636363636
28.0 0.9792979298000001 0.6863636364 0.034203420400000004 0.1613636363
