42.0 0.0868131868 0.3576388889 0.16776556780000002 0.5347222222
36.0 0.2014652015 0.6875 0.026373626400000003 0.1944444444
45.0 0.2402930403 0.6927083333 0.043956044 0.1215277778
0.0 0.3216117216 0.7135416667000001 0.09816849820000001 0.03125
4.0 0.3164835165 0.5659722222 0.041025641 0.22916666670000002
21.0 0.3238095238 0.8541666667000001 0.0351648352 0.22916666670000002
0.0 0.6871794872 0.4756944444 0.47326007330000003 0.0486111111
17.0 0.504029304 0.1961805556 0.0688644689 0.2951388889
9.0 0.578021978 0.22048611110000002 0.0688644689 0.21875000000000003
44.0 0.7238095238000001 0.2690972222 0.1626373626 0.24652777780000001
19.0 0.9014652014000001 0.1545138889 0.0681318681 0.24652777780000001
36.0 0.9461538462 0.2934027778 0.0300366301 0.2673611111
21.0 0.4728937729 0.6440972222 0.054945055000000007 0.33680555560000003
9.0 0.5296703297 0.6770833333 0.063003663 0.22916666670000002
10.0 0.5930402931000001 0.7170138889000001 0.0358974359 0.0381944444
15.0 0.654945055 0.671875 0.060073260100000005 0.3159722222
48.0 0.7827838828 0.6597222222 0.1355311355 0.3402777778
15.0 0.9216117216 0.6701388889000001 0.0556776557 0.3125
36.0 0.9739926740000001 0.7430555556 0.032967033 0.27083333330000003
