42.0 0.079805492 0.4373297003 0.1493135012 0.44414168940000004
40.0 0.174771167 0.7861035422 0.025743707100000002 0.2697547684
45.0 0.21195652180000002 0.7534059946 0.0417620137 0.1280653951
0.0 0.28804347820000004 0.7615803814000001 0.0646453089 0.0299727521
4.0 0.28804347820000004 0.6580381471 0.0474828375 0.1880108992
14.0 0.2880434783 0.8896457766 0.0337528604 0.21525885560000002
0.0 0.6538901602 0.5640326975000001 0.6590389016 0.027247956400000002
48.0 0.45108695660000003 0.310626703 0.1275743707 0.3324250682
14.0 0.5297482838 0.128065395 0.030892448500000003 0.1689373297
40.0 0.5981121282 0.3869209809 0.0348970251 0.3378746594
9.0 0.6433066361 0.29564032700000004 0.0429061785 0.24795640330000002
44.0 0.7631578948000001 0.4032697548 0.1453089245 0.4032697548
16.0 0.8618421052 0.1553133515 0.0291762013 0.2615803814
40.0 0.9244851258000001 0.38419618520000004 0.0354691075 0.3324250681
18.0 0.6618993135 0.7574931880000001 0.053775743800000005 0.310626703
