42.0 0.1084220716 0.40753424660000004 0.21103581800000001 0.2842465753
30.0 0.261858664 0.5642123288 0.0435624395 0.1215753425
45.0 0.3238141336 0.5933219178 0.057115198400000004 0.0565068493
1.0 0.4002904162 0.5642123288 0.0726040659 0.07705479450000001
0.0 0.7395934173000001 0.4691780822 0.47821878030000003 0.0102739726
0.0 0.7197483060000001 0.24486301370000002 0.3765730881 0.017123287600000002
43.0 0.6355275896 0.0898972603 0.1364956437 0.15582191780000001
14.0 0.7468538238 0.1532534246 0.0609874153 0.1386986301
14.0 0.8034849952 0.1481164384 0.0542110358 0.1318493151
30.0 0.9031945789 0.080479452 0.0464666022 0.1198630137
43.0 0.6437560503 0.3373287672 0.1297192643 0.1506849315
13.0 0.7429816069 0.4006849315 0.0300096805 0.11643835620000001
12.0 0.7928363988 0.39383561640000003 0.046466602100000004 0.1198630137
14.0 0.8891577928000001 0.3296232877 0.0571151985 0.14212328770000002
0.0 0.7318489835 0.7611301370000001 0.41432720230000003 0.0359589041
43.0 0.6398838335 0.6053082192 0.1355275896 0.1729452055
14.0 0.747821878 0.6575342466 0.05517909 0.1404109589
19.0 0.8020329138000001 0.6558219178 0.0435624395 0.1301369863
30.0 0.8998063892 0.5804794521000001 0.0474346563 0.1164383561
43.0 0.6355275896 0.8501712329000001 0.1287512101 0.17636986300000002
20.0 0.7458857696000001 0.8938356164 0.047434656400000004 0.1301369863
15.0 0.8025169409 0.8852739726000001 0.058083252700000004 0.1130136986
15.0 0.8944820910000001 0.8321917808 0.0484027106 0.1438356164
