42.0 0.0952501263 0.3866666667 0.11268317330000001 0.34
38.0 0.0128852956 0.87 0.023749368400000002 0.12
45.0 0.0429509854 0.8716666666 0.023244062700000002 0.10333333330000001
4.0 0.0831227893 0.6166666666 0.027791814 0.1866666667
11.0 0.1081354219 0.77 0.019201617 0.38
14.0 0.1356745831 0.8866666667 0.0247599798 0.16
10.0 0.16119252150000002 0.61 0.0161697827 0.0333333334
14.0 0.22309247100000001 0.2583333333 0.0338554825 0.2366666667
11.0 0.2382516422 0.36166666670000003 0.014653865600000001 0.35000000000000003
17.0 0.271854472 0.4433333333 0.0353713997 0.22
47.0 0.3668519454 0.43 0.1040929763 0.2733333334
14.0 0.456543709 0.10333333330000001 0.0247599797 0.18
38.0 0.5224861040000001 0.4316666666 0.0353713997 0.19666666670000002
2.0 0.5606366852 0.3483333333 0.0267812026 0.5700000000000001
20.0 0.5909550278 0.4083333334 0.021728145600000002 0.2366666667
38.0 0.6280949975 0.4233333334 0.0323395654 0.1866666667
9.0 0.67079333 0.3916666667 0.034866094 0.21
2.0 0.7139969682 0.255 0.0272865083 0.4033333334
10.0 0.7407781708000001 0.385 0.0222334512 0.056666666600000005
16.0 0.7743810005 0.4183333333 0.0298130368 0.27
4.0 0.8347650328 0.3616666666 0.0293077311 0.1766666667
5.0 0.8986862052000001 0.3133333333 0.029813036900000003 0.5333333333
21.0 0.928499242 0.0783333334 0.0166750885 0.1366666667
5.0 0.9757453260000001 0.3466666667 0.0464881253 0.62
