42.0 0.049566295 0.31964809380000003 0.0966542751 0.4222873901
34.0 0.11276332100000001 0.6642228739 0.0173482033 0.17302052780000002
45.0 0.1342420488 0.6920821114 0.022304832700000003 0.0938416423
16.0 0.16336224700000002 0.6568914956 0.014456836 0.21114369500000002
9.0 0.1881453944 0.4530791789 0.031805039300000004 0.1085043988
0.0 0.6235026848 0.504398827 0.6348616275 0.0527859238
10.0 0.44114002480000003 0.348973607 0.0214787278 0.0293255132
50.0 0.5241635688 0.3167155425 0.1123502685 0.2463343108
34.0 0.6140024783 0.31524926680000004 0.018587360600000002 0.2140762463
47.0 0.7065262288 0.348973607 0.1144155308 0.25806451610000003
21.0 0.7688971499 0.159824047 0.011978521300000001 0.1847507331
34.0 0.8093762907000001 0.3284457478 0.023543990100000002 0.22873900300000002
46.0 0.30503924 0.7873900294 0.1078066914 0.2668621701
13.0 0.35501858740000003 0.6202346041 0.0037174721000000003 0.18475073320000002
34.0 0.3917802561 0.7624633431000001 0.0227178852 0.2346041056
9.0 0.4279223462 0.728739003 0.0404791409 0.14956011730000002
2.0 0.4648905411 0.7463343108 0.021891780200000002 0.3431085043
18.0 0.49318463440000004 0.7360703812 0.028087567100000002 0.25806451610000003
34.0 0.5165220983000001 0.73313783 0.0202395704 0.1935483871
50.0 0.6111111111 0.8108504399 0.12267658000000001 0.3313782991
34.0 0.6937216026 0.7463343108 0.0202395705 0.2140762463
9.0 0.73110285 0.7346041056 0.0396530359 0.1554252199
15.0 0.7676579926 0.7815249266000001 0.0202395704 0.2961876833
5.0 0.7916150351 0.7609970674000001 0.014456836 0.3372434017
50.0 0.8853779430000001 0.8225806452000001 0.1284593144 0.3489736071
20.0 0.9473358116 0.6173020528000001 0.016935150700000002 0.1671554252
34.0 0.9894671624 0.7595307918 0.0210656753 0.22873900300000002
