49.0 0.0383586084 0.5458404074000001 0.06422836750000001 0.1239388795
39.0 0.1556645852 0.5882852292 0.029438001800000002 0.0594227504
22.0 0.1904549509 0.5628183362 0.0205173952 0.0458404075
0.0 0.5927743086 0.6001697793 0.7020517395 0.0594227504
42.0 0.3612845673 0.1477079796 0.1177520071 0.1494057725
33.0 0.28768956290000003 0.3514431239 0.0151650312 0.033955857400000004
45.0 0.31177520070000003 0.3404074702 0.0240856378 0.0322580645
0.0 0.375557538 0.3395585738 0.0338983051 0.0101867573
4.0 0.37600356830000004 0.3064516129 0.020517395100000002 0.042444821800000004
21.0 0.3804638716 0.3760611205 0.016949152500000002 0.0526315789
10.0 0.4326494202 0.2300509338 0.0160570919 0.0084889644
0.0 0.5691347012 0.148556876 0.1409455843 0.0118845501
26.0 0.5700267618 0.0814940577 0.046387154300000004 0.1222410866
26.0 0.552631579 0.2215619694 0.0490633363 0.117147708
33.0 0.5999107939 0.24617996600000003 0.0258697591 0.0577249575
50.0 0.7702943800000001 0.16468590830000002 0.1543264942 0.142614601
33.0 0.9223907226 0.16383701180000002 0.0285459411 0.0560271647
42.0 0.31222123100000004 0.7249575552 0.1159678859 0.1256366723
33.0 0.2381801962 0.9363327674 0.0124888493 0.032258064600000004
45.0 0.264942016 0.9295415960000001 0.0249776985 0.0356536503
0.0 0.3273862622 0.9269949066000001 0.0321141837 0.0101867572
4.0 0.32827832300000004 0.8930390492 0.0196253345 0.044142614600000005
17.0 0.3354148082 0.9651952462000001 0.019625334600000002 0.0492359932
10.0 0.3844781445 0.8166383702000001 0.0142729706 0.0067911715
0.0 0.5093666369000001 0.7436332767 0.09455843 0.0101867572
26.0 0.5231935772 0.6570458404 0.047279215000000006 0.1018675722
26.0 0.5026761820000001 0.8336162988 0.0454950937 0.13582342960000002
33.0 0.5530776093 0.8488964346000001 0.0267618198 0.0645161291
10.0 0.6173059768 0.7359932088000001 0.0267618198 0.0118845501
16.0 0.6556645852 0.7495755518 0.0231935772 0.1137521222
44.0 0.7836752899 0.7640067912 0.141837645 0.0713073005
16.0 0.8876003568 0.6052631579000001 0.0107047279 0.0594227504
33.0 0.9701159679 0.7640067911 0.0276538804 0.0611205433
