42.0 0.1108193278 0.6118421052 0.20903361350000002 0.18157894730000002
28.0 0.2447478992 0.7973684211000001 0.029411764700000002 0.13684210530000002
45.0 0.281512605 0.7486842106 0.044117647100000004 0.055263157900000005
21.0 0.3345588236 0.7000000000000001 0.0367647059 0.1421052632
9.0 0.3650210084 0.5578947368 0.0409663866 0.11052631580000001
0.0 0.7022058823 0.4947368421 0.23214285710000002 0.0684210526
49.0 0.5357142857 0.3592105264 0.1029411764 0.1342105263
7.0 0.7825630252 0.28815789480000004 0.2731092437 0.5236842105
16.0 0.8571428571 0.2631578948 0.0546218487 0.1947368421
28.0 0.918592437 0.3302631579 0.0472689076 0.19210526320000001
49.0 0.568277311 0.8039473684 0.1071428571 0.1447368421
7.0 0.8009453782 0.7276315790000001 0.2867647059 0.47631578950000003
15.0 0.7473739496 0.6171052632 0.0556722689 0.1394736842
17.0 0.8865546218 0.7381578948 0.0714285715 0.1657894737
28.0 0.9579831933 0.7828947368 0.0609243698 0.18157894730000002
