42.0 0.0693101225 0.4520348837 0.13475177300000002 0.375
40.0 0.171179884 0.7688953488 0.0341715023 0.363372093
45.0 0.2250161186 0.7122093024 0.0477111541 0.2034883721
1.0 0.2923920051 0.6002906977 0.06511927790000001 0.101744186
7.0 0.5328820116 0.488372093 0.30238555770000003 0.7965116279000001
40.0 0.5486782721 0.601744186 0.0477111541 0.4709302325
9.0 0.6063829787 0.6438953488 0.0380399742 0.17732558140000002
20.0 0.66344294 0.3575581396 0.050290135400000005 0.3197674419
9.0 0.7172791748 0.6395348837 0.040618955500000005 0.1686046512
12.0 0.7736943908 0.41715116280000003 0.0528691167 0.38662790700000005
7.0 0.9032882012000001 0.5276162791 0.1869761445 0.8226744186
39.0 0.9774339136 0.4985465116 0.0451321728 0.2761627907
