42.0 0.076635514 0.3950177936 0.1246105919 0.384341637
24.0 0.0183800623 0.7508896797 0.0180685358 0.206405694
45.0 0.049844236800000004 0.743772242 0.0411214953 0.0925266904
0.0 0.1133956386 0.7758007118 0.0423676013 0.0284697509
4.0 0.1124610592 0.6868327402000001 0.030529595000000003 0.12099644130000001
18.0 0.11713395630000001 0.8914590747000001 0.0199376947 0.17437722420000001
47.0 0.253271028 0.4323843416 0.1264797508 0.2953736655
14.0 0.3355140187 0.1263345196 0.0193146418 0.19572953740000001
24.0 0.40311526480000004 0.371886121 0.0323987538 0.330960854
9.0 0.453271028 0.4021352313 0.0566978193 0.3131672598
42.0 0.5853582555 0.4199288256 0.1227414331 0.4199288256
24.0 0.5295950156 0.7384341637 0.0199376947 0.19572953740000001
45.0 0.5588785047 0.7366548043000001 0.0398753894 0.0925266904
0.0 0.6236760124 0.768683274 0.0423676013 0.0284697509
4.0 0.6242990654 0.6886120996 0.0323987539 0.1316725979
21.0 0.6264797508000001 0.8790035587 0.0168224299 0.177935943
50.0 0.7947040498 0.3807829182 0.1862928349 0.35587188610000003
21.0 0.9 0.1263345196 0.0180685358 0.1672597865
24.0 0.9676012461000001 0.3932384342 0.0348909658 0.359430605
