42.0 0.0936343449 0.3318471338 0.1857883049 0.21273885350000002
39.0 0.0314581792 0.49490445860000004 0.0466321243 0.0878980892
45.0 0.0777202073 0.5114649682 0.057735011100000004 0.057324840700000004
1.0 0.1539600296 0.48280254780000004 0.06661732050000001 0.056050955400000005
0.0 0.6317542561 0.3840764331 0.6757957068 0.0089171974
14.0 0.30273871210000003 0.1668789809 0.07401924500000001 0.1554140128
9.0 0.39637305700000003 0.1713375796 0.0777202072 0.149044586
19.0 0.4766839378 0.1 0.0651369356 0.15668789800000002
11.0 0.5233160621 0.2031847134 0.054774241300000005 0.19235668790000002
39.0 0.6113989637 0.2006369426 0.0903034789 0.16178343950000001
9.0 0.6787564767 0.1757961784 0.0725388601 0.1554140127
10.0 0.7668393782 0.1815286624 0.07401924500000001 0.021656051000000003
16.0 0.8438193930000001 0.1834394905 0.06661732050000001 0.2267515923
0.0 0.9267209474 0.2165605096 0.1051073279 0.010191082800000001
21.0 0.9607698002 0.1146496816 0.0518134715 0.1859872611
39.0 0.9422649889 0.3184713376 0.0680977054 0.1095541401
14.0 0.9789045152 0.2751592356 0.037749814900000005 0.0993630573
0.0 0.5965951147 0.6808917198000001 0.3464100666 0.0140127389
7.0 0.6299037749 0.5853503184000001 0.3271650629 0.3044585987
39.0 0.6228719467 0.5554140128 0.0466321244 0.1070063695
15.0 0.6750555144 0.5171974522 0.0355292376 0.09171974520000001
9.0 0.7420429312 0.550955414 0.056994818700000005 0.10573248410000001
15.0 0.7964470762 0.5757961784 0.044411547 0.1299363057
7.0 0.6572908956 0.8515923567 0.2383419689 0.2942675159
39.0 0.6935603257 0.8324840764 0.056254626200000005 0.1133757962
19.0 0.7394522576 0.7917197452 0.0355292376 0.0929936306
