42.0 0.14831606220000002 0.4026845637 0.2759067358 0.2617449665
34.0 0.0291450777 0.8825503356000001 0.045336787600000004 0.1208053691
45.0 0.1049222798 0.8674496644 0.10621761660000001 0.1375838926
18.0 0.1988341968 0.8406040268 0.0505181347 0.1442953021
9.0 0.2610103626 0.639261745 0.053108808300000004 0.1711409396
27.0 0.4261658031 0.4345637584 0.08290155440000001 0.1375838926
49.0 0.521373057 0.20973154360000001 0.08678756480000001 0.1510067114
2.0 0.6327720207 0.2030201342 0.0401554404 0.1510067114
13.0 0.6781088083 0.2147651006 0.0349740932 0.1409395973
9.0 0.7176165803 0.2080536912 0.0336787564 0.1476510067
34.0 0.7512953368 0.22651006710000002 0.0233160622 0.0906040268
47.0 0.8225388601 0.0755033557 0.1165803108 0.0906040268
34.0 0.9397668394 0.0906040268 0.0194300518 0.0805369127
5.0 0.9792746114 0.22818791940000002 0.0259067358 0.13422818790000002
