42.0 0.048733362 0.44164456230000004 0.06826964370000001 0.225464191
35.0 0.0092314298 0.6657824933000001 0.015027909 0.1538461539
45.0 0.0287677114 0.7267904510000001 0.0240446543 0.0636604775
1.0 0.06225848 0.6697612732 0.027479605 0.076923077
7.0 0.2539716616 0.5066312998 0.3044224989 0.7533156499
35.0 0.1897810219 0.40981432360000003 0.0214684414 0.1830238726
14.0 0.2267067411 0.3554376658 0.0420781452 0.2175066313
9.0 0.2786603693 0.4323607427 0.0506655217 0.15915119360000002
35.0 0.3192357234 0.40981432360000003 0.0227565479 0.21485411140000002
9.0 0.3656075569 0.4164456234 0.052812365800000004 0.1538461539
15.0 0.41090596830000004 0.4549071618 0.0266208673 0.3156498674
9.0 0.45899527700000003 0.400530504 0.0541004723 0.1485411141
10.0 0.52382997 0.4416445624 0.0541004723 0.0716180371
19.0 0.5882352941 0.4389920424 0.0515242594 0.3315649867
7.0 0.7752254187000001 0.4787798408 0.3353370545 0.9204244031000001
35.0 0.7372262774 0.37533156500000003 0.0317732933 0.225464191
15.0 0.7773722628 0.2679045093 0.0313439244 0.2334217506
9.0 0.8439244311 0.3647214854 0.07943323320000001 0.1777188329
10.0 0.9224989266 0.43633952260000003 0.0665521683 0.11936339530000001
35.0 0.9847574066 0.31830238720000004 0.0304851868 0.2440318303
