42.0 0.076053443 0.1488970588 0.1109969167 0.25367647060000004
36.0 0.1685508736 0.41911764700000004 0.02672148 0.10294117650000001
45.0 0.2101747173 0.43198529420000004 0.0524152107 0.0845588235
16.0 0.257451182 0.4080882353 0.0174717369 0.1470588236
14.0 0.3566289825 0.2077205882 0.0390544707 0.2830882353
9.0 0.4352517986 0.2077205882 0.0729701953 0.20955882350000002
13.0 0.509249743 0.23529411760000002 0.0462487153 0.2867647059
0.0 0.7744090442 0.3106617647 0.44707091470000004 0.0992647058
36.0 0.7841726619 0.1819852941 0.0431654676 0.14338235300000002
7.0 0.7656731757 0.5900735294 0.3864337101 0.5477941176000001
36.0 0.7990750257 0.75 0.0421377184 0.16176470580000002
15.0 0.8571428571 0.5863970588 0.041109969100000004 0.17279411760000002
10.0 0.9218910586 0.7555147059 0.0452209661 0.018382353
16.0 0.9815005138 0.7830882353 0.032887975300000004 0.2867647058
