42.0 0.08633696560000001 0.2678062678 0.1693210394 0.3646723646
35.0 0.17937971500000002 0.45156695160000004 0.0335289187 0.1965811966
45.0 0.2309304275 0.5056980057 0.0578373848 0.1111111112
0.0 0.34450963960000003 0.5213675214 0.07711651300000001 0.0170940171
4.0 0.3134953898 0.433048433 0.043587594300000004 0.1367521367
16.0 0.3164291702 0.6495726496 0.0377200335 0.2108262108
0.0 0.7028499581000001 0.3219373219 0.5792120704 0.022792022800000002
44.0 0.5913663034000001 0.2150997151 0.1500419111 0.1965811966
35.0 0.7577535624 0.1538461538 0.043587594300000004 0.2792022792
10.0 0.805951383 0.170940171 0.0377200335 0.0284900285
16.0 0.8646269908 0.1695156695 0.0528080469 0.28774928780000003
7.0 0.6617770326 0.670940171 0.41827326070000004 0.5954415955
50.0 0.6953059514000001 0.6339031339 0.1886001676 0.3162393162
35.0 0.8440905280000001 0.5954415955 0.043587594300000004 0.2621082621
10.0 0.8914501258 0.6253561254000001 0.0377200335 0.0256410257
21.0 0.9459346186 0.6282051282000001 0.0410729254 0.28774928780000003
