42.0 0.1245136186 0.533519553 0.21400778210000002 0.39664804470000004
25.0 0.0189688716 0.93575419 0.0359922179 0.1284916201
45.0 0.058852140100000006 0.8910614525 0.0476653696 0.12290502800000001
13.0 0.1303501946 0.8868715084000001 0.054474708100000005 0.1424581006
9.0 0.1935797665 0.7458100559 0.0447470817 0.1061452514
27.0 0.3127431907 0.5460893854000001 0.059338521400000004 0.2150837989
49.0 0.39348249020000003 0.3240223464 0.0690661479 0.17877094970000001
2.0 0.49513618680000004 0.2932960894 0.0408560311 0.2011173184
15.0 0.5413424124 0.2891061452 0.0418287937 0.1815642459
9.0 0.5943579766 0.2751396648 0.0525291829 0.1089385474
25.0 0.6517509727 0.2905027933 0.0408560311 0.12849162020000002
46.0 0.7602140077 0.14106145250000002 0.1624513619 0.17039106140000002
25.0 0.9139105058 0.0824022346 0.0457198443 0.14245810050000002
5.0 0.9790856032 0.2108938548 0.0359922179 0.2318435755
