0.0 0.48869404710000003 0.5643835616 0.9736963544 0.1369863013
42.0 0.055837563400000005 0.09589041100000001 0.1061375173 0.1780821917
32.0 0.024227042 0.2712328768 0.019843101000000002 0.0876712329
45.0 0.0470696816 0.2780821918 0.0249192432 0.0301369863
12.0 0.0791416705 0.2630136986 0.021688971 0.1095890411
0.0 0.19796954320000001 0.1897260274 0.08767881870000001 0.009589041100000001
26.0 0.19981541300000003 0.09657534250000001 0.041532072 0.1794520548
26.0 0.1691278265 0.2801369863 0.0383017997 0.1767123288
32.0 0.21135209970000002 0.33356164380000003 0.0359944624 0.16301369870000001
19.0 0.2718043378 0.148630137 0.0341485926 0.1712328767
15.0 0.313105676 0.1575342466 0.0419935395 0.1643835616
44.0 0.4381633594 0.2136986301 0.15736040610000002 0.1616438356
2.0 0.5505306876 0.19520547940000002 0.0249192432 0.20684931510000001
32.0 0.5883710198000001 0.2308219178 0.0359944624 0.15205479460000002
5.0 0.6239040148 0.2315068493 0.0166128288 0.23561643840000002
46.0 0.7097369635 0.2315068493 0.1153668667 0.1342465754
2.0 0.8470235348 0.2684931506 0.0272265805 0.24931506850000001
18.0 0.8878634057 0.22739726030000001 0.045223811700000005 0.1808219178
32.0 0.9390862944 0.29520547950000003 0.035071527400000004 0.1712328767
5.0 0.9799261652000001 0.2801369863 0.0235348408 0.23424657540000002
42.0 0.3717120443 0.6684931506 0.1065989848 0.2082191781
32.0 0.3435625288 0.8328767124 0.0198431011 0.0904109589
45.0 0.3705583756 0.841780822 0.0295339179 0.0315068493
14.0 0.4051684356 0.8205479452000001 0.0249192432 0.09589041100000001
0.0 0.5182279649 0.7513698630000001 0.0932164282 0.0205479452
26.0 0.5249192432 0.6561643835000001 0.0401476696 0.18356164390000002
26.0 0.5006922012 0.8554794520000001 0.040609137000000003 0.18219178090000002
32.0 0.5415320720000001 0.9130136986 0.0364559298 0.1684931507
12.0 0.6047531149 0.7157534246 0.0392247346 0.1931506849
