42.0 0.1398488121 0.3707865168 0.2710583154 0.4382022471
32.0 0.27753779700000003 0.7471910112 0.047516198700000005 0.2584269663
45.0 0.3401727862 0.7275280899000001 0.07127429810000001 0.1348314606
1.0 0.42548596120000004 0.6362359550000001 0.0518358531 0.0926966293
0.0 0.791036717 0.5154494382 0.3984881209 0.047752809
43.0 0.661987041 0.2106741573 0.1684665227 0.3651685394
20.0 0.7818574514000001 0.3693820225 0.0367170626 0.23314606740000002
13.0 0.8396328293 0.3539325842 0.0507559395 0.21348314610000002
20.0 0.9568034557 0.2106741573 0.060475162000000006 0.2584269662
43.0 0.6798056156000001 0.7134831461000001 0.2062634989 0.393258427
18.0 0.777537797 0.8075842696000001 0.0453563715 0.1994382023
14.0 0.8407127430000001 0.8314606742 0.0745140389 0.2191011236
12.0 0.9649028078 0.6966292135000001 0.0637149028 0.2191011236
