0.0 0.0333333334 0.460620525 0.0477690289 0.0143198091
19.0 0.0509186352 0.3460620525 0.031496063000000005 0.1766109786
14.0 0.0517060368 0.5787589499 0.0320209973 0.18377088300000002
42.0 0.18320209980000002 0.3723150358 0.1354330709 0.3293556086
37.0 0.27874015750000003 0.6062052506 0.0251968504 0.10978520280000001
45.0 0.3065616798 0.6360381862000001 0.027296588 0.0167064439
0.0 0.3624671916 0.6372315036 0.0456692914 0.0143198091
4.0 0.3601049868 0.5369928401 0.0335958005 0.1575178998
21.0 0.3656167979 0.754176611 0.028871391000000003 0.17661097850000002
10.0 0.4120734908 0.43436754180000003 0.013648294 0.0095465394
0.0 0.7097112861 0.4821002387 0.5795275590000001 0.042959427200000004
0.0 0.5755905512 0.237470167 0.0750656168 0.0167064439
26.0 0.5784776903000001 0.11097852030000001 0.031496063000000005 0.1885441528
26.0 0.5632545931 0.34248210030000004 0.0293963255 0.1933174225
37.0 0.5913385827000001 0.3961813843 0.0236220472 0.1336515513
2.0 0.637007874 0.2159904534 0.0225721785 0.2935560859
20.0 0.657480315 0.18377088300000002 0.027821522300000002 0.2195704057
37.0 0.691863517 0.1980906922 0.0293963255 0.1527446301
9.0 0.7322834646 0.1897374702 0.0335958005 0.1599045346
10.0 0.7619422572 0.2112171837 0.0173228346 0.0167064439
17.0 0.7934383202 0.18735083530000002 0.0320209974 0.23150358000000001
4.0 0.853543307 0.2243436754 0.0461942257 0.2291169451
5.0 0.9183727034 0.2303102626 0.015223097100000001 0.2792362769
0.0 0.5162729659 0.7088305490000001 0.0309711286 0.0143198091
26.0 0.5181102362000001 0.5847255370000001 0.0293963255 0.1957040572
26.0 0.5057742782 0.8520286396000001 0.0309711286 0.2338902148
37.0 0.5322834646 0.8627684964000001 0.0230971129 0.1121718377
46.0 0.6409448819 0.6813842482 0.1144356956 0.20286396180000002
37.0 0.745144357 0.6646778043 0.0320209973 0.1455847256
47.0 0.8456692913 0.6778042959 0.1249343832 0.1909307876
37.0 0.9635170604000001 0.6718377089 0.0299212599 0.1551312649
