42.0 0.127173913 0.5053191490000001 0.2391304347 0.1747720365
23.0 0.0516304348 0.6420972644 0.0597826087 0.0531914893
45.0 0.1152173913 0.6458966565 0.056521739200000004 0.0547112462
1.0 0.1978260869 0.6261398176 0.0760869565 0.060790273500000006
0.0 0.6163043478 0.4901215806 0.6434782609 0.0775075987
0.0 0.6298913044000001 0.2484802432 0.5467391305 0.1048632219
43.0 0.48315217390000004 0.12310030400000001 0.21195652180000002 0.1914893617
16.0 0.6375000000000001 0.16489361700000002 0.0532608696 0.11094224920000001
21.0 0.7010869566 0.1489361702 0.0652173913 0.1094224924
23.0 0.8510869565 0.0531914894 0.1086956522 0.094224924
43.0 0.4880434783 0.3670212766 0.2195652174 0.1899696048
20.0 0.6472826087 0.4171732522 0.0684782608 0.1139817629
20.0 0.7222826087 0.3989361702 0.072826087 0.1048632219
20.0 0.8788043478 0.3001519756 0.1076086957 0.1686930091
0.0 0.5972826087 0.7689969604 0.579347826 0.0668693009
43.0 0.47934782600000003 0.6185410334 0.2152173913 0.1914893617
20.0 0.647826087 0.6762917934 0.0717391305 0.1215805471
14.0 0.7222826087 0.6626139818 0.07934782600000001 0.1155015197
23.0 0.9005434782 0.565349544 0.1336956521 0.0911854103
43.0 0.5059782609 0.8761398176 0.2445652174 0.2051671733
14.0 0.6630434783 0.920212766 0.0847826087 0.1079027355
14.0 0.7505434782 0.9331306991 0.0923913043 0.1306990882
18.0 0.8967391304000001 0.8259878420000001 0.0934782609 0.1474164133
