42.0 0.0720609936 0.4799235182 0.1313330054 0.3288718929
39.0 0.037383177600000005 0.7466539197000001 0.0196753566 0.1089866156
45.0 0.0664043286 0.7676864244 0.0334481062 0.0783938815
18.0 0.1055090999 0.7294455066000001 0.0300049189 0.1395793499
0.0 0.5853418593 0.5162523901 0.7781603542000001 0.034416826000000005
0.0 0.2373339892 0.2734225622 0.1096901131 0.015296367100000001
26.0 0.23364485980000002 0.1414913958 0.0423020167 0.2141491396
26.0 0.2179045745 0.3833652008 0.038366945400000005 0.20458891010000002
39.0 0.2599606493 0.3938814532 0.0241023118 0.14913957930000002
27.0 0.3057058534 0.27055449330000003 0.030004918800000002 0.1816443594
39.0 0.3364485981 0.1309751434 0.0196753566 0.1089866156
9.0 0.3657156911 0.1959847036 0.0221347762 0.1701720841
10.0 0.4030988686 0.2351816444 0.033939990100000005 0.026768642500000002
20.0 0.45277914410000003 0.2026768642 0.0486965076 0.2676864245
0.0 0.5201672406 0.260038241 0.0565666503 0.011472275300000001
26.0 0.523610428 0.1414913958 0.033939990100000005 0.2141491396
26.0 0.5164781112 0.3776290631 0.038366945400000005 0.2122370936
39.0 0.5563207083 0.3776290631 0.0245941958 0.1472275334
48.0 0.6743728480000001 0.2179732314 0.13379242500000002 0.3173996176
39.0 0.7683226758 0.2217973231 0.028529267100000002 0.1797323136
9.0 0.7958681751000001 0.1797323136 0.0216428922 0.1529636711
10.0 0.8295622234000001 0.2294455067 0.031972454500000004 0.0420650096
20.0 0.8647319232 0.1959847036 0.0344318741 0.2619502868
0.0 0.9404820462000001 0.2437858508 0.0678799803 0.0133843213
26.0 0.9323659616000001 0.12523900570000002 0.0270536153 0.189292543
26.0 0.9335956714 0.3575525812 0.0363994097 0.1988527725
39.0 0.9658140678 0.35181644360000003 0.019183472700000002 0.1261950286
13.0 0.9894244958 0.1864244742 0.009345794400000001 0.2160611854
0.0 0.29242498780000004 0.7762906309000001 0.0575504181 0.011472275300000001
26.0 0.2894736842 0.6577437858 0.0359075258 0.2256214149
26.0 0.27668470240000004 0.8871892925 0.0368912936 0.2103250478
39.0 0.3234136744 0.8862332696 0.0280373832 0.1472275334
39.0 0.3657156911 0.7380497132 0.0280373832 0.19885277240000002
15.0 0.40137727500000003 0.6529636712 0.0314805706 0.1319311663
9.0 0.4387604525 0.6864244742000001 0.0245941958 0.16826003820000002
0.0 0.5007378259 0.7495219886000001 0.0649286768 0.015296367100000001
26.0 0.5022134776 0.6338432122000001 0.037383177600000005 0.21988527730000001
26.0 0.4931136252 0.8814531548000001 0.0388588293 0.2256214149
39.0 0.5341859322 0.8556405354000001 0.0275454993 0.1281070746
19.0 0.5855878013 0.6883365201 0.055582882400000005 0.2791586998
39.0 0.6367437285 0.6988527724 0.0359075258 0.1778202677
21.0 0.6581406788 0.6156787763 0.0245941958 0.1300191204
9.0 0.6925725529 0.6577437858 0.0206591244 0.1606118547
0.0 0.76758485 0.7217973231 0.0634530251 0.0133843212
26.0 0.7538121004 0.6099426386 0.0368912937 0.1912045889
26.0 0.7469257255 0.8288718929000001 0.0388588293 0.20076481840000002
39.0 0.7766847024 0.8260038241000001 0.0157402853 0.1338432122
21.0 0.8219380226 0.6730401530000001 0.037383177600000005 0.2562141491
19.0 0.8698967044 0.654875717 0.041810132800000004 0.2619502868
39.0 0.9185932120000001 0.6701720842000001 0.0241023118 0.1663479923
21.0 0.9471224791 0.5956022944 0.0260698476 0.1357552581
