0.0 0.5007194245000001 0.6248025276 0.9812949641000001 0.0173775671
42.0 0.1791366906 0.22037914700000003 0.33525179850000003 0.22906793050000002
35.0 0.1064748202 0.39968404430000004 0.046043165500000004 0.1042654029
45.0 0.1755395684 0.42338072670000004 0.06618705030000001 0.0600315956
27.0 0.2705035972 0.4154818326 0.060431654700000004 0.0947867299
18.0 0.5273381295 0.1097946288 0.1338129496 0.2037914691
11.0 0.7496402878 0.16271721960000002 0.30503597120000003 0.3001579779
35.0 0.9323741007 0.2401263824 0.0978417266 0.20853080570000002
42.0 0.39064748200000005 0.7385466034 0.35251798560000003 0.2195892575
35.0 0.307913669 0.9233807267 0.0489208633 0.1058451816
45.0 0.3798561152 0.943127962 0.0748201439 0.056872037900000005
27.0 0.47410071940000004 0.9462875198 0.0676258993 0.1074249605
16.0 0.7237410072 0.7338072670000001 0.1179856115 0.16587677720000002
