42.0 0.1056690287 0.40561224490000003 0.0912880367 0.3571428572
39.0 0.0481450604 0.8724489796 0.0262609421 0.1836734694
45.0 0.084618591 0.8979591836 0.0341809087 0.08163265310000001
20.0 0.123801584 0.8227040816000001 0.0283451438 0.2372448979
9.0 0.1615256357 0.6466836734 0.0421008754 0.14030612250000002
0.0 0.3151313047 0.48724489800000004 0.1925802418 0.0204081633
48.0 0.2815756566 0.3469387755 0.1129637349 0.3928571428
39.0 0.38099208 0.3150510204 0.0383493122 0.20153061220000001
16.0 0.3097123802 0.6823979592 0.0341809087 0.3392857143
42.0 0.5002084202 0.4221938776 0.0875364735 0.3801020409
39.0 0.4514380992 0.8903061224000001 0.0300125052 0.19387755110000002
45.0 0.48290954560000005 0.9119897960000001 0.0312630263 0.0841836735
15.0 0.5187578157 0.8494897959000001 0.0187578157 0.2397959184
9.0 0.5546060859 0.6619897960000001 0.040433514000000004 0.1454081633
7.0 0.8076281784 0.3380102041 0.38474364320000004 0.6198979592
39.0 0.7200917048000001 0.4617346939 0.0395998333 0.2551020408
2.0 0.759483118 0.4770408164 0.0275114631 0.4744897959
15.0 0.7882451022 0.411989796 0.029178824500000002 0.3341836735
9.0 0.8374322634 0.3992346939 0.0591913297 0.20153061220000001
20.0 0.8909962484 0.42474489800000004 0.0412671947 0.3698979592
39.0 0.9305960817000001 0.46811224490000003 0.0379324718 0.262755102
5.0 0.9633180492000001 0.4400510204 0.013338891200000001 0.4923469388
