0.0 0.4960238568 0.75 0.9880715705 0.2234042554
42.0 0.0347912525 0.33687943260000003 0.043074884 0.2340425532
8.0 0.0712392313 0.4361702128 0.011928429400000001 0.12056737590000001
45.0 0.0997349238 0.4804964539 0.0132538104 0.0531914894
14.0 0.1169648774 0.4645390071 0.0106030484 0.1489361702
13.0 0.144963552 0.3404255319 0.006958250500000001 0.2340425532
12.0 0.1577203446 0.3138297872 0.013916501000000001 0.20921985810000002
2.0 0.17826375090000002 0.2624113475 0.0165672631 0.3829787234
47.0 0.2234923791 0.384751773 0.0440689198 0.2163120567
2.0 0.27269715040000003 0.3191489362 0.0106030484 0.2340425532
13.0 0.2859509609 0.3262411348 0.0086149768 0.21276595750000002
8.0 0.3106361829 0.3067375886 0.0162359178 0.1808510639
5.0 0.34244532800000005 0.2978723404 0.008946322100000001 0.2340425532
0.0 0.3729290921 0.3546099291 0.0407554672 0.0212765958
26.0 0.37773359840000004 0.2570921986 0.0112657389 0.1737588652
26.0 0.3633200795 0.49468085100000003 0.0109343936 0.1808510639
8.0 0.3875082836 0.47872340420000004 0.0122597747 0.1489361703
48.0 0.441186216 0.3439716312 0.0407554672 0.21985815600000003
2.0 0.48724320740000004 0.310283688 0.0109343936 0.22340425530000002
18.0 0.5038104705 0.32092198580000003 0.0175612988 0.2021276596
8.0 0.5376076872000001 0.30851063830000003 0.0168986084 0.18439716320000002
5.0 0.5697481776000001 0.3280141844 0.009609012600000001 0.2730496454
9.0 0.5806825712 0.3315602837 0.009609012600000001 0.1312056738
48.0 0.6252485089 0.3634751773 0.0457256461 0.244680851
2.0 0.6671636846 0.32092198580000003 0.0102717031 0.2375886525
17.0 0.6833996024 0.3528368794 0.0149105368 0.22340425530000002
8.0 0.7133863486 0.3138297872 0.0172299536 0.1879432624
5.0 0.7442014579 0.3156028368 0.0086149768 0.2553191489
0.0 0.7702120610000001 0.36524822700000004 0.049370444000000006 0.0354609929
26.0 0.7793240557000001 0.2393617022 0.0106030484 0.1595744681
26.0 0.7662359178 0.4769503546 0.0122597747 0.1666666666
8.0 0.7902584493 0.46276595740000004 0.0132538104 0.1382978723
50.0 0.8575215374 0.3191489362 0.0642809807 0.21985815600000003
2.0 0.9027501657 0.2960992908 0.008946322100000001 0.2021276596
13.0 0.9160039762000001 0.3404255319 0.006958250500000001 0.2340425532
8.0 0.9416832339000001 0.30851063830000003 0.0159045726 0.18439716320000002
5.0 0.9741550696000001 0.3280141844 0.0092776673 0.2730496454
5.0 0.9895626242000001 0.21985815600000003 0.0135851557 0.3617021277
42.0 0.45825049700000003 0.7322695036 0.0523525514 0.20921985810000002
8.0 0.487905898 0.8705673758 0.0122597747 0.1453900709
45.0 0.515241882 0.8865248227 0.0119284295 0.0425531914
18.0 0.5367793240000001 0.8794326241 0.0165672631 0.1560283688
18.0 0.5705765408 0.7482269504 0.0192180251 0.2198581561
