42.0 0.174251497 0.21580547120000002 0.3413173652 0.41945288750000004
23.0 0.3371257485 0.5045592705 0.0538922156 0.1762917933
45.0 0.3982035928 0.5288753799 0.0586826348 0.0547112462
19.0 0.4796407186 0.5121580547 0.0467065869 0.21580547120000002
0.0 0.8173652694 0.42705167180000003 0.3628742515 0.051671732500000005
20.0 0.8113772455 0.2841945288 0.0658682634 0.2462006079
7.0 0.7287425150000001 0.708206687 0.24790419160000002 0.5106382979
39.0 0.8101796407 0.6641337386 0.051497006000000005 0.17933130700000002
9.0 0.8700598802 0.6352583586 0.051497006000000005 0.1276595745
14.0 0.9311377246 0.6428571429000001 0.0538922155 0.19756838910000002
