42.0 0.0730769231 0.40757042260000004 0.0969230769 0.3714788733
36.0 0.0207692308 0.6452464789 0.028205128200000002 0.1285211268
45.0 0.0692307692 0.6760563380000001 0.056410256400000004 0.1197183099
1.0 0.1228205128 0.6390845070000001 0.0476923077 0.0915492957
0.0 0.6343589744 0.5 0.7282051282 0.0457746478
43.0 0.31128205130000003 0.235915493 0.15076923080000001 0.4471830986
17.0 0.4276923077 0.3309859155 0.0471794872 0.161971831
13.0 0.4858974359 0.31690140850000004 0.0507692308 0.19718309850000001
36.0 0.5812820513 0.2121478873 0.06 0.19894366200000002
43.0 0.6987179487 0.2711267606 0.1369230769 0.4929577465
18.0 0.8225641026 0.3301056338 0.041025641 0.1883802816
16.0 0.8643589744 0.3195422536 0.028205128200000002 0.18485915490000002
20.0 0.9364102564000001 0.1910211268 0.0338461538 0.22711267610000002
43.0 0.28487179490000003 0.6584507043000001 0.1574358974 0.3661971831
17.0 0.40538461540000004 0.8072183099 0.06 0.1566901409
14.0 0.4541025641 0.8248239436 0.0507692308 0.1637323943
17.0 0.5512820513000001 0.6751760564 0.0697435898 0.2235915493
43.0 0.6923076923 0.7491197183 0.1517948718 0.4876760564
13.0 0.81 0.8283450704 0.0507692308 0.23767605630000002
13.0 0.8705128206 0.8116197183 0.0558974359 0.21478873240000002
36.0 0.9610256410000001 0.7235915493 0.0584615385 0.2394366198
