42.0 0.06623931620000001 0.3775773195 0.1214896215 0.39432989690000003
34.0 0.1651404152 0.6391752578000001 0.032356532300000004 0.21649484530000002
45.0 0.21489621490000002 0.6945876288 0.054945055000000007 0.10567010310000001
0.0 0.2954822955 0.6984536082 0.046398046400000004 0.020618556700000002
4.0 0.2951770452 0.6159793814 0.0445665446 0.1443298969
14.0 0.2967032967 0.8363402062 0.028083028000000003 0.23453608250000002
0.0 0.6581196581000001 0.5270618556000001 0.5702075702 0.0644329897
44.0 0.46092796100000005 0.3646907216 0.13186813190000002 0.26546391750000004
14.0 0.550976801 0.1713917526 0.0323565324 0.2860824742
34.0 0.6233211233 0.3595360825 0.0378510378 0.25
9.0 0.666971917 0.3324742268 0.050671550700000005 0.1855670104
47.0 0.7936507936 0.33376288660000003 0.1428571429 0.22422680420000002
16.0 0.8946886446000001 0.1237113402 0.0531135531 0.1958762886
34.0 0.9697802198000001 0.32603092780000004 0.031135531100000002 0.2036082474
21.0 0.6947496948 0.6559278350000001 0.0488400489 0.2963917525
