42.0 0.2233307752 0.16633858270000002 0.1980046047 0.2933070866
23.0 0.042594013800000004 0.5738188976 0.0590943976 0.11220472440000001
45.0 0.1089792786 0.6053149606 0.056792018400000005 0.0649606299
4.0 0.2171910975 0.4025590551 0.0905602456 0.18700787400000002
11.0 0.3073676132 0.5521653544 0.10514198 0.3523622047
21.0 0.3403683806 0.6309055118 0.0345356869 0.1200787402
10.0 0.3768227168 0.5364173228 0.030698388400000002 0.017716535500000002
0.0 0.7283192632000001 0.4251968504 0.4650805833 0.188976378
47.0 0.6653875672 0.2874015748 0.2302379125 0.24803149600000002
14.0 0.8089025326 0.22933070860000002 0.0445126631 0.1200787401
23.0 0.8990790484000001 0.375 0.0713737529 0.1476377952
21.0 0.4927091328 0.530511811 0.0460475825 0.1909448819
0.0 0.742133538 0.7125984252 0.5111281658 0.1417322834
14.0 0.7720644666 0.6102362205 0.0537221796 0.157480315
14.0 0.5825019186 0.7785433071000001 0.0721412125 0.1515748032
23.0 0.6346891788 0.8366141732 0.0598618572 0.13779527560000002
9.0 0.6991557943000001 0.8070866141 0.0414428242 0.0905511811
2.0 0.7413660783 0.8651574803000001 0.0322333078 0.2381889764
16.0 0.7812739831000001 0.8336614174 0.0337682272 0.1712598425
4.0 0.8587874137 0.8759842520000001 0.056792018400000005 0.1141732283
5.0 0.9305448964 0.9025590552 0.0253261704 0.1909448819
18.0 0.9524174981 0.8277559055 0.019953952400000002 0.1043307086
