22.0 0.0311890838 0.3977832512 0.0428849902 0.1157635468
42.0 0.15237167000000001 0.4113300492 0.1111111111 0.3399014779
35.0 0.24788823910000002 0.565270936 0.02014295 0.1847290641
45.0 0.2884990253 0.6280788178000001 0.0376868096 0.0935960591
1.0 0.3456790124 0.5714285714 0.0428849903 0.11330049260000001
0.0 0.6858349578 0.5172413793 0.5191682911000001 0.0689655172
19.0 0.5968161143 0.32142857150000004 0.0370370371 0.2044334975
35.0 0.6338531514 0.32881773400000003 0.029239766 0.184729064
15.0 0.6747888239000001 0.15886699510000002 0.0396361274 0.2093596059
9.0 0.7261208577 0.31773399020000004 0.030539311200000002 0.1133004927
14.0 0.7794022092 0.33743842360000004 0.0565302144 0.2266009853
17.0 0.4525666017 0.7795566502 0.0357374918 0.19950738910000002
35.0 0.49577647820000004 0.8189655172 0.024691358 0.19950738910000002
20.0 0.542560104 0.6798029556 0.0441845354 0.2807881773
9.0 0.5870695256 0.8140394088 0.0292397661 0.1256157635
7.0 0.8083170890000001 0.7155172414000001 0.3742690058 0.4359605911
13.0 0.7397660819 0.8165024630000001 0.0188434048 0.2142857143
12.0 0.7755035738 0.8362068966 0.039636127300000004 0.2339901477
35.0 0.8135152696 0.8337438424 0.027290448300000002 0.2044334975
13.0 0.8460038986 0.658866995 0.019493177400000002 0.1748768473
9.0 0.8898635478 0.8140394089 0.031838856400000004 0.1108374384
15.0 0.9431448993 0.8374384236 0.0487329434 0.2463054187
