0.0 0.0380886427 0.36789297660000003 0.0457063712 0.0468227424
14.0 0.0405124654 0.2307692308 0.049168975100000005 0.2274247492
15.0 0.036703601100000004 0.5334448161 0.0581717452 0.2842809365
42.0 0.228531856 0.2692307692 0.1897506925 0.49163879600000004
33.0 0.152700831 0.6505016722 0.031163434900000002 0.16387959870000002
45.0 0.1970221607 0.7274247492 0.0450138504 0.11036789300000001
20.0 0.25865650970000004 0.7056856188 0.0547091412 0.28762541810000003
0.0 0.6904432132 0.6220735786 0.6052631579000001 0.2675585284
44.0 0.4941135734 0.25250836120000003 0.2361495845 0.32441471580000003
2.0 0.7313019390000001 0.3612040134 0.0443213297 0.48160535120000003
17.0 0.8202908587000001 0.3093645485 0.1073407202 0.33110367900000004
33.0 0.898199446 0.37458193980000004 0.0609418282 0.287625418
5.0 0.950831025 0.4180602007 0.0360110803 0.5016722408000001
14.0 0.6378116344 0.7608695652 0.06925207750000001 0.3110367893
33.0 0.7132963989000001 0.8361204014 0.067867036 0.3210702341
