42.0 0.1386206896 0.7110726644 0.26068965510000003 0.2249134948
34.0 0.3082758621 0.9169550174000001 0.0455172414 0.1384083045
45.0 0.3655172414 0.9100346021 0.060689655200000005 0.055363321800000004
1.0 0.4489655172 0.8754325260000001 0.0731034483 0.09688581310000001
0.0 0.7910344828 0.6937716263 0.2910344827 0.0380622838
10.0 0.7268965517 0.4775086505 0.2013793103 0.3737024222
20.0 0.7027586207000001 0.5743944636 0.0620689655 0.1868512111
27.0 0.7765517242000001 0.598615917 0.0606896551 0.1453287197
19.0 0.8420689656 0.2871972318 0.0427586207 0.09688581310000001
11.0 0.8710344828000001 0.2110726644 0.0537931035 0.3875432526
34.0 0.9372413793000001 0.39273356400000003 0.0455172414 0.1487889274
10.0 0.7724137931 0.7871972318 0.035862069 0.031141868500000003
14.0 0.8310344828 0.8183391004 0.06482758620000001 0.1695501731
