42.0 0.1015473888 0.44875000000000004 0.1669890393 0.4375
37.0 0.2059961315 0.685 0.041908446200000005 0.17500000000000002
45.0 0.25435203100000003 0.6775 0.053513862100000004 0.115
1.0 0.32591876210000004 0.6625 0.059961315300000005 0.045
0.0 0.7001934236 0.5275000000000001 0.5905867182 0.025
43.0 0.49000644740000004 0.24250000000000002 0.1405544809 0.41000000000000003
16.0 0.5786589297 0.34750000000000003 0.027724049 0.23
19.0 0.6086395874 0.3825 0.024500322300000002 0.23
37.0 0.6837524178000001 0.2525 0.057382334 0.24
43.0 0.8101225016 0.23500000000000001 0.1437782076 0.4
19.0 0.894906512 0.35875 0.0232108317 0.1975
19.0 0.9226305609000001 0.38125000000000003 0.025789813 0.2275
16.0 0.9825918762 0.15125000000000002 0.033526757000000004 0.29250000000000004
43.0 0.4977433914 0.7662500000000001 0.1444229529 0.4325
13.0 0.5786589297 0.8575 0.0174081238 0.21
19.0 0.6034816248 0.87375 0.024500322300000002 0.21250000000000002
14.0 0.6802063185 0.72 0.06447453260000001 0.28500000000000003
43.0 0.8214055448 0.735 0.1482914249 0.39
13.0 0.9000644746 0.87875 0.0180528691 0.23750000000000002
37.0 0.9680851064 0.75875 0.050934880700000004 0.23750000000000002
