42.0 0.0653432589 0.4591584158 0.1273779984 0.2549504951
28.0 0.0343258891 0.7537128713 0.0272952853 0.1262376238
45.0 0.0752688172 0.6695544554 0.046319272200000004 0.0717821783
12.0 0.1269644334 0.6905940594000001 0.0322580645 0.1386138614
0.0 0.5918114144000001 0.5111386138 0.8014888338 0.0222772277
27.0 0.317617866 0.2611386139 0.0430107526 0.1559405941
28.0 0.3598014888 0.1472772277 0.0297766749 0.1311881188
9.0 0.4239040529 0.1670792079 0.0669975186 0.2599009901
10.0 0.4925558312 0.233910891 0.0372208437 0.0420792079
47.0 0.6555004136 0.23638613860000002 0.1927212573 0.1757425742
28.0 0.8341604632 0.3613861386 0.050454921400000005 0.22772277230000001
13.0 0.2406947891 0.7178217821 0.0132340778 0.2475247525
28.0 0.27750206780000003 0.8725247525000001 0.048800661700000005 0.24504950500000003
21.0 0.3200992555 0.6064356436 0.0264681555 0.14356435650000002
9.0 0.3862696444 0.6943069306 0.0645161291 0.29950495050000003
13.0 0.4404466502 0.7042079208 0.0090984285 0.23019801980000001
12.0 0.4813895782 0.7004950495000001 0.05293631100000001 0.19801980200000002
28.0 0.5504549215 0.8675742574 0.0537634409 0.24009900990000002
16.0 0.5897435898 0.6076732674 0.0264681555 0.1361386139
9.0 0.6592224979 0.6930693069 0.06947890820000001 0.29702970300000003
14.0 0.7303556658 0.7363861386 0.047973531900000005 0.254950495
19.0 0.8118279570000001 0.6943069306 0.0818858561 0.24009900990000002
28.0 0.8941273780000001 0.8601485149 0.047973531800000004 0.23019801980000001
