42.0 0.0801041064 0.24921630100000003 0.1497975708 0.37931034490000004
33.0 0.1743782533 0.7727272728 0.020242915 0.1849529781
45.0 0.19838056680000002 0.8557993730000001 0.026604974 0.1191222571
4.0 0.2732793522 0.5047021944 0.08733371890000001 0.3824451411
11.0 0.3412377096 0.5626959248 0.0462695199 0.4357366771
20.0 0.3687102371 0.7789968652 0.024869867 0.24764890280000001
44.0 0.5060728745 0.27586206900000004 0.1654135338 0.33228840130000004
16.0 0.6032388664 0.10658307210000001 0.02313476 0.2006269592
33.0 0.6659919028 0.2695924765 0.024869867 0.3009404388
9.0 0.7070561018 0.2398119122 0.042220937 0.37931034480000003
44.0 0.8342972817000001 0.24921630100000003 0.1382301909 0.2978056427
20.0 0.9233661076 0.1097178684 0.020242915 0.1880877743
33.0 0.9791787160000001 0.2398119122 0.019664546 0.2601880878
