42.0 0.0736842105 0.3543307086 0.1451523546 0.3989501313
39.0 0.143767313 0.8083989502000001 0.020498615 0.18897637790000002
45.0 0.17839335180000002 0.8215223097000001 0.0376731302 0.0734908136
4.0 0.2454293629 0.5498687664 0.0742382272 0.27559055120000003
11.0 0.3063711912 0.7139107612000001 0.0509695291 0.4934383203
18.0 0.3559556786 0.8005249344 0.029362880900000003 0.2099737533
0.0 0.7030470914 0.5131233596 0.5939058172 0.0603674541
50.0 0.4933518006 0.3005249344 0.1390581717 0.2545931758
17.0 0.5872576178000001 0.13779527560000002 0.039889196700000004 0.24409448820000001
39.0 0.6548476455000001 0.3490813648 0.0288088643 0.3149606299
9.0 0.6997229917000001 0.2598425197 0.0487534626 0.1627296588
47.0 0.8207756233 0.313648294 0.14016620500000002 0.2178477691
16.0 0.9116343490000001 0.1614173228 0.0260387812 0.2650918635
39.0 0.9720221606 0.312335958 0.0304709141 0.2677165354
21.0 0.7038781164 0.6679790026 0.0371191135 0.3385826772
