42.0 0.0765338394 0.4188235294 0.1480075901 0.29176470590000003
30.0 0.17963314360000002 0.5682352941000001 0.0240354206 0.1435294118
45.0 0.2333965844 0.6341176471000001 0.0569259962 0.1011764706
18.0 0.2903225806 0.5435294118 0.0430107527 0.1694117647
0.0 0.6499051233 0.4870588235 0.6445287793000001 0.0188235294
0.0 0.4095509171 0.3188235294 0.05502846300000001 0.0164705882
26.0 0.41239721700000004 0.2470588235 0.025300442700000002 0.1129411765
26.0 0.4003795066 0.4105882353 0.025300442700000002 0.11529411760000001
30.0 0.4288425047 0.4047058824 0.0227703985 0.1129411765
2.0 0.4724857685 0.28 0.0202403542 0.24
27.0 0.5037950664 0.2694117647 0.0297280202 0.16235294120000002
30.0 0.5357368754 0.0988235294 0.027830487 0.14588235300000002
9.0 0.5809614168 0.2564705882 0.0347881088 0.1129411765
10.0 0.6246046806000001 0.2882352942 0.0360531309 0.030588235300000002
14.0 0.6660341556 0.2564705882 0.0328905756 0.1929411765
46.0 0.7666034156 0.30352941180000004 0.11638203670000001 0.1835294117
30.0 0.8801391524000001 0.2670588236 0.0297280203 0.1482352941
10.0 0.9184060721 0.2882352942 0.037950664200000005 0.030588235300000002
14.0 0.9554079696000001 0.26470588240000004 0.0297280203 0.2047058823
5.0 0.9892473118 0.2717647058 0.018975332100000002 0.2517647059
0.0 0.4443390259 0.7952941176 0.05502846300000001 0.0141176471
26.0 0.4475015813 0.7105882353 0.027197976000000002 0.12235294120000001
26.0 0.43516761540000004 0.8776470588 0.026565464900000002 0.1082352941
30.0 0.4626818469 0.8776470588 0.0221378874 0.1129411765
2.0 0.5085388994 0.7658823530000001 0.0227703985 0.2517647059
30.0 0.5385831752 0.7423529412000001 0.0309930424 0.1435294118
17.0 0.5711574952 0.6047058824 0.0303605313 0.1835294117
9.0 0.6246046806000001 0.74 0.0360531309 0.12
21.0 0.6622390892000001 0.7270588236000001 0.026565464900000002 0.1694117647
30.0 0.697027198 0.7494117647 0.0290955092 0.15294117640000002
13.0 0.7207463630000001 0.6023529412 0.0094876661 0.17882352940000001
9.0 0.7593295382 0.7282352941 0.0373181531 0.10588235300000001
19.0 0.7960151802000001 0.7047058824 0.0246679317 0.2
15.0 0.8345983555 0.7270588235000001 0.0411132195 0.2023529412
30.0 0.8738140418 0.7364705882 0.0259329539 0.1364705883
17.0 0.913029728 0.5917647058000001 0.0347881088 0.1670588235
5.0 0.9547754586 0.7388235294000001 0.0196078431 0.23529411760000002
