42.0 0.2155647383 0.4450704226 0.28512396700000003 0.4450704225
39.0 0.0426997245 0.723943662 0.060606060600000004 0.18591549300000001
45.0 0.12534435260000001 0.7408450704 0.0771349862 0.1014084507
10.0 0.20730027550000002 0.6887323944 0.039944903600000005 0.014084507100000001
1.0 0.3319559228 0.661971831 0.0991735537 0.09014084500000001
0.0 0.7720385674 0.5183098591 0.3650137741 0.0281690141
13.0 0.5447658402000001 0.2323943662 0.045454545400000004 0.34647887320000004
39.0 0.6604683196000001 0.3661971831 0.1336088155 0.3605633802
12.0 0.7486225896 0.1154929578 0.0619834711 0.2084507043
9.0 0.8608815427000001 0.23943661970000002 0.0964187328 0.214084507
13.0 0.9662534435000001 0.2464788732 0.0564738292 0.36338028170000003
14.0 0.6046831956000001 0.7338028169 0.1267217631 0.33521126760000003
3.0 0.7073002754000001 0.7253521126 0.050964187300000005 0.37464788730000004
39.0 0.7782369146 0.8394366197 0.1184573002 0.31549295780000003
16.0 0.8787878788 0.6549295774 0.0633608816 0.1887323943
6.0 0.9731404959000001 0.7323943662 0.0482093664 0.38309859160000004
