42.0 0.1523472099 0.3746556474 0.2444641276 0.4462809918
31.0 0.0420726307 0.8815426997 0.0522586359 0.1652892562
45.0 0.095659876 0.9104683196000001 0.054915854800000004 0.12947658410000001
21.0 0.1638618246 0.8746556474 0.047829938 0.2451790634
9.0 0.208591674 0.6652892562 0.0558015943 0.1349862258
27.0 0.3410097432 0.42424242430000003 0.0832595217 0.2589531681
46.0 0.47697077060000004 0.21212121220000002 0.1744906998 0.1873278237
31.0 0.615146147 0.1928374655 0.0504871568 0.1377410469
49.0 0.7161204606 0.17768595040000001 0.08414526130000001 0.2231404958
2.0 0.7909654562 0.1749311294 0.024800708600000002 0.2231404959
19.0 0.8294951284000001 0.13636363640000002 0.04340124 0.1515151515
9.0 0.8848538530000001 0.1625344352 0.0549158547 0.1267217631
31.0 0.9410983171 0.2093663912 0.0487156776 0.1597796143
5.0 0.9836138175 0.2121212121 0.023914969 0.258953168
