49.0 0.0429407938 0.46671388100000005 0.0676642811 0.157223796
36.0 0.14085881590000002 0.49079320120000003 0.0422901757 0.1005665723
22.0 0.2130774236 0.480878187 0.0683148991 0.0920679887
0.0 0.6353285621 0.5077903682 0.7267404034 0.0240793201
42.0 0.4590110605 0.0899433428 0.1255692908 0.1657223796
33.0 0.3627195836 0.35056657220000004 0.022771633000000003 0.0609065156
45.0 0.3929733246 0.3399433428 0.0338321405 0.0254957507
4.0 0.45055302540000003 0.2174220963 0.0513988289 0.097733711
11.0 0.4837345478 0.2769121813 0.0409889395 0.21388101980000002
14.0 0.5198438516 0.3392351275 0.028627195900000003 0.10056657220000001
10.0 0.5481457384 0.2514164306 0.0201691607 0.0127478754
47.0 0.6851008458000001 0.1033994334 0.1613532856 0.1246458923
33.0 0.8171763175000001 0.1175637394 0.0416395576 0.1161473088
42.0 0.3620689655 0.671388102 0.1086532206 0.164305949
33.0 0.2755367599 0.9362606232 0.022771633000000003 0.059490085000000005
45.0 0.3048145738 0.9305949008000001 0.0331815225 0.0283286119
4.0 0.3620689656 0.8002832862 0.0500975927 0.0906515581
11.0 0.395575797 0.8682719547000001 0.0390370852 0.21813031160000002
19.0 0.4368900456 0.9220963173000001 0.034482758700000005 0.1019830028
10.0 0.4655172414 0.8385269122000001 0.0188679245 0.0113314448
10.0 0.5335068315 0.6756373938 0.0312296682 0.0198300283
14.0 0.5959661678 0.6657223796 0.0637605725 0.18696883860000002
47.0 0.7124268055 0.704674221 0.1314248536 0.15155807370000002
16.0 0.8262849708000001 0.5566572238 0.0273259597 0.0934844192
33.0 0.9007807417 0.711756374 0.037085231 0.1317280453
