42.0 0.11849507740000001 0.2736156352 0.2172995781 0.4364820847
28.0 0.2496483826 0.6596091206 0.0562587905 0.30293159610000003
45.0 0.2918424754 0.6384364821 0.0450070324 0.1302931596
1.0 0.3484528833 0.5765472312000001 0.047116737000000006 0.0912052117
0.0 0.6891701828 0.48859934860000004 0.5864978903 0.10423452770000001
43.0 0.5186357243 0.2345276873 0.1315049227 0.4429967426
19.0 0.6016174402000001 0.3550488599 0.026019690600000003 0.20846905540000002
15.0 0.6399437412 0.3436482084 0.0379746836 0.17263843650000002
28.0 0.7169479606 0.3110749186 0.047116737000000006 0.3941368078
43.0 0.8094233474 0.2996742671 0.09985935300000001 0.41693811080000004
13.0 0.8860759494 0.3762214984 0.0140646976 0.1596091205
13.0 0.9054149086000001 0.38762214980000004 0.0147679325 0.16938110750000002
17.0 0.9609704642 0.2524429968 0.041490857900000004 0.2247557003
43.0 0.523206751 0.684039088 0.1195499297 0.42345276870000004
19.0 0.6163853727 0.7964169381 0.026019690600000003 0.1986970684
13.0 0.6459212377 0.7752442996000001 0.0189873418 0.1628664495
16.0 0.7063994374 0.6498371335 0.033052039400000004 0.2899022801
43.0 0.8016877637000001 0.7312703583 0.10548523200000001 0.4267100978
13.0 0.8758790436 0.7817589576 0.014767932400000001 0.1498371335
20.0 0.9057665260000001 0.8485342020000001 0.0337552743 0.2312703583
28.0 0.9665963432 0.7540716612 0.0400843882 0.3615635179
