42.0 0.1062992126 0.5107973422000001 0.11361079860000001 0.2707641196
32.0 0.034870641200000004 0.7682724252 0.0607424072 0.1411960133
45.0 0.09083239600000001 0.7815614618000001 0.043307086700000004 0.0714285714
12.0 0.1484814398 0.7466777409 0.03712036 0.1378737541
9.0 0.1903824522 0.6262458472 0.0365579302 0.0863787375
0.0 0.4190101238 0.5182724252 0.3543307087 0.026578073100000002
32.0 0.3987626547 0.4011627907 0.08548931380000001 0.21760797340000002
10.0 0.4566929134 0.3712624585 0.0213723284 0.011627907000000002
21.0 0.49915635550000004 0.34717607970000003 0.045556805400000004 0.18604651160000002
7.0 0.4302587177 0.6877076412 0.3307086614 0.37209302320000004
32.0 0.4285714285 0.7948504984 0.0742407199 0.1744186047
17.0 0.49775028120000003 0.6528239202 0.0303712036 0.1328903655
10.0 0.5368391451 0.7981727575 0.0196850394 0.011627907000000002
18.0 0.5868953881 0.7441860466 0.056805399300000003 0.1926910299
0.0 0.833239595 0.5091362126 0.26152980870000003 0.0149501661
7.0 0.8129921259 0.2815614618 0.2986501687 0.41694352160000003
32.0 0.8312710911000001 0.4028239202 0.0809898762 0.2541528239
13.0 0.8813273341000001 0.22674418600000001 0.0033745782 0.14451827250000002
10.0 0.9100112486 0.34634551500000005 0.0236220472 0.0116279069
21.0 0.9513498313000001 0.3197674418 0.045556805400000004 0.1843853821
7.0 0.7935883014 0.7549833887 0.2924634421 0.45016611300000003
32.0 0.8197412823 0.8139534884 0.0781777278 0.2093023256
21.0 0.8886389202 0.6818936877 0.0348706411 0.1378737542
10.0 0.9308211474 0.7915282392 0.0236220473 0.011627907000000002
14.0 0.9673790776000001 0.7441860466 0.0359955006 0.18272425250000002
