42.0 0.10592105260000001 0.529113924 0.1973684211 0.41012658230000004
38.0 0.0421052631 0.8050632912 0.0539473685 0.1417721519
45.0 0.09605263160000001 0.8215189873000001 0.0434210526 0.0734177215
1.0 0.1490131579 0.7658227848 0.0453947368 0.10379746840000001
0.0 0.44342105260000003 0.5253164557000001 0.4526315789 0.11898734180000001
43.0 0.3148026316 0.282278481 0.1309210526 0.4278481012
14.0 0.433881579 0.3898734177 0.050657894700000004 0.2329113924
18.0 0.483881579 0.3367088608 0.0453947369 0.1721518987
38.0 0.5799342105 0.2417721519 0.0730263158 0.22531645560000002
43.0 0.3309210527 0.7379746836000001 0.13684210530000002 0.37215189870000004
15.0 0.4532894737 0.8506329114000001 0.047368421 0.2329113924
14.0 0.496381579 0.8594936709000001 0.0401315789 0.23544303800000002
15.0 0.6000000000000001 0.6607594937 0.0578947368 0.2987341772
0.0 0.8269736842000001 0.48987341780000004 0.3434210526 0.1443037975
43.0 0.7404605263 0.2012658228 0.1256578948 0.3670886076
19.0 0.8250000000000001 0.3189873418 0.030263157800000003 0.2379746835
14.0 0.865131579 0.3189873418 0.0381578947 0.2227848101
20.0 0.9407894737 0.1607594937 0.046052631600000005 0.3164556962
43.0 0.7282894737000001 0.6481012658 0.1171052632 0.35443037980000003
14.0 0.8358552632 0.7582278481 0.0427631579 0.2101265822
17.0 0.8769736842 0.7253164557 0.0434210526 0.2050632912
38.0 0.9532894737000001 0.5962025316 0.0631578948 0.1949367089
