22.0 0.0263322884 0.2196261682 0.0501567398 0.0981308411
42.0 0.1404388714 0.2558411215 0.1203761755 0.320093458
40.0 0.21347962380000002 0.4918224299 0.0457680251 0.2406542056
45.0 0.2545454546 0.4848130842 0.0438871473 0.1051401869
1.0 0.3269592476 0.4357476636 0.0583072101 0.0771028037
0.0 0.6968652038 0.5432242991 0.5724137931000001 0.2686915888
43.0 0.48526645760000003 0.206775701 0.10658307210000001 0.33878504670000004
21.0 0.555799373 0.3376168224 0.0231974921 0.1425233645
17.0 0.58338558 0.3387850468 0.0307210031 0.13084112150000002
40.0 0.6617554859 0.2721962617 0.0545454546 0.2313084112
43.0 0.7655172414 0.3598130841 0.1228840125 0.4813084112
16.0 0.8589341693 0.45093457940000004 0.0413793104 0.1635514019
21.0 0.8993730408 0.4392523364 0.028213166100000003 0.1682242991
14.0 0.9771159875000001 0.2908878505 0.0420062696 0.20794392520000002
43.0 0.468338558 0.5992990654 0.09905956120000001 0.3341121495
13.0 0.5460815047 0.7348130842 0.015047022 0.1331775701
12.0 0.5686520376 0.7453271028 0.0263322884 0.1401869158
15.0 0.6382445141 0.6285046729 0.0413793104 0.1869158878
43.0 0.7586206896000001 0.7207943926 0.1366771159 0.4275700935
16.0 0.8426332288 0.8831775701000001 0.046394984300000004 0.1542056074
21.0 0.8755485894 0.8574766356 0.0257053291 0.1448598131
40.0 0.9636363636 0.8387850467 0.0576802508 0.2990654206
