49.0 0.0420447671 0.3900862069 0.0828796128 0.28879310340000003
35.0 0.1427707199 0.3836206896 0.0520266182 0.2370689655
22.0 0.18753781 0.4234913793 0.0278281911 0.07112068960000001
0.0 0.5898366606000001 0.573275862 0.6727162734000001 0.1810344827
42.0 0.34240774350000003 0.16487068970000002 0.0859044162 0.21767241380000002
41.0 0.402601331 0.36961206900000004 0.0272232305 0.1185344827
45.0 0.44767090140000004 0.3674568966 0.043557168800000004 0.040948275900000004
0.0 0.5157289776 0.3943965518 0.053841500300000004 0.0215517241
4.0 0.5223835450000001 0.3006465517 0.0490018149 0.11853448280000001
14.0 0.5184513006 0.4331896552 0.0254083485 0.0646551724
10.0 0.575922565 0.2424568966 0.016938899 0.0107758621
0.0 0.6591046582 0.2467672414 0.0683605566 0.0193965517
26.0 0.6742286751000001 0.1778017242 0.023593466400000002 0.1314655173
26.0 0.6506352087 0.3286637932 0.018753781 0.1400862069
41.0 0.6805807622000001 0.3394396551 0.0338777979 0.11422413790000001
44.0 0.7897761646 0.23491379310000002 0.09376890510000001 0.1422413794
41.0 0.8938294011000001 0.25431034480000003 0.0477918936 0.1594827586
42.0 0.273139746 0.6174568966 0.09618874770000001 0.23922413790000002
41.0 0.3318209317 0.8125 0.033272837300000004 0.1034482758
45.0 0.3717483364 0.823275862 0.0417422867 0.0387931035
0.0 0.4564428312 0.8566810345 0.06352087120000001 0.0237068966
4.0 0.44525105870000004 0.7618534482 0.0447670902 0.1357758621
21.0 0.4440411374 0.9224137931 0.0181488203 0.1163793104
10.0 0.5054446461000001 0.698275862 0.0199637024 0.0086206897
0.0 0.5807622505 0.7101293104 0.10163339390000001 0.0366379311
26.0 0.6043557169 0.5959051724000001 0.0229885058 0.114224138
26.0 0.5801572898 0.7812500000000001 0.020568663 0.11853448280000001
41.0 0.6079854809 0.8200431034000001 0.0326678766 0.1271551725
10.0 0.6627344223 0.7047413793 0.0248033878 0.0086206896
18.0 0.6960072596 0.6993534482 0.0272232305 0.1099137931
50.0 0.7937084090000001 0.6745689656 0.1185722928 0.1982758621
14.0 0.8877797943 0.6379310345 0.0199637024 0.0689655172
41.0 0.965214761 0.7370689656 0.051421657600000004 0.1681034483
