22.0 0.028059861000000002 0.4201680672 0.0539818279 0.1428571429
42.0 0.17904863710000002 0.3634453782 0.12292891500000001 0.31092436970000004
28.0 0.0970069482 0.9033613446000001 0.0272581507 0.1680672269
45.0 0.1269374666 0.8981092437 0.030464992000000003 0.0483193278
4.0 0.1902725815 0.6596638656 0.07482629610000001 0.22268907570000002
11.0 0.2359700694 0.7647058824 0.0272581507 0.4117647059
17.0 0.2805986104 0.868697479 0.025654730100000002 0.1491596638
0.0 0.6555318012 0.5189075630000001 0.6803848210000001 0.0924369748
47.0 0.4144842331 0.3088235294 0.14484233030000002 0.2773109244
20.0 0.5114911812 0.11974789920000001 0.0299305184 0.16386554620000002
28.0 0.5852485302 0.29936974790000004 0.048102619000000006 0.28781512600000003
9.0 0.641635489 0.2289915966 0.055050775 0.1554621849
50.0 0.7757883485 0.2331932773 0.1512560128 0.26470588240000004
17.0 0.8741314804 0.112394958 0.0293960449 0.1449579832
28.0 0.9457509353 0.318277311 0.0454302512 0.3130252101
20.0 0.6576696954 0.6197478991 0.051843933700000004 0.2773109243
