42.0 0.0816843074 0.2962466488 0.13483663140000002 0.4316353888
8.0 0.1698113208 0.5643431636 0.0266912103 0.2117962467
45.0 0.2204325816 0.6260053619 0.0322135297 0.1260053619
21.0 0.2533364013 0.5630026810000001 0.017947538000000002 0.1983914209
9.0 0.2807179016 0.4209115282 0.0276115969 0.1233243967
0.0 0.6435803038 0.5107238606 0.5977910723000001 0.1420911528
10.0 0.4466175794 0.24530831100000003 0.0289921767 0.024128686400000002
21.0 0.4809019788 0.2439678284 0.0303727565 0.2841823056
50.0 0.5734008284000001 0.2345844504 0.1260929591 0.33512064340000003
8.0 0.6780947998 0.298927614 0.0345144961 0.3136729223
47.0 0.7795674183 0.3002680965 0.1214910262 0.2627345844
21.0 0.850207087 0.1461126006 0.017947538000000002 0.1903485255
8.0 0.8973768983 0.29758713140000004 0.028531983400000002 0.2680965147
2.0 0.35158766680000003 0.710455764 0.011044638800000001 0.3002680965
13.0 0.38080994020000003 0.68230563 0.0391164289 0.2761394102
9.0 0.4203865624 0.7144772118 0.0345144961 0.15817694370000002
13.0 0.4650253106 0.6554959786 0.0363552692 0.2278820375
8.0 0.523699954 0.7319034852 0.0349746894 0.2949061663
44.0 0.6258628624 0.7426273458 0.12333179940000001 0.27882037530000003
8.0 0.7289461574 0.7439678284 0.035895076000000005 0.2761394102
5.0 0.7556373677 0.7386058982 0.011044638800000001 0.28150134050000003
46.0 0.8456051542 0.7962466488000001 0.1256327657 0.31635388740000003
16.0 0.9252185918 0.63538874 0.023469857400000002 0.2359249329
8.0 0.9813621721 0.81769437 0.0354348826 0.3378016086
