42.0 0.1263950893 0.3053097345 0.1824776786 0.5221238938
28.0 0.0237165178 0.7758112094 0.034040178500000004 0.2713864307
45.0 0.0725446429 0.7418879056000001 0.046875 0.0619469026
0.0 0.1570870536 0.7581120944 0.1021205357 0.029498525
4.0 0.1520647322 0.6342182891 0.0463169643 0.17699115040000002
20.0 0.15680803570000001 0.8790560472000001 0.0290178572 0.22418879060000002
10.0 0.2254464286 0.5294985251000001 0.0323660714 0.0265486726
44.0 0.3984375 0.3480825959 0.2165178572 0.40117994100000004
28.0 0.5546875 0.47640118000000004 0.0491071428 0.45722713870000004
9.0 0.6116071429000001 0.2979351032 0.0558035715 0.26548672570000004
10.0 0.6654575893 0.37168141600000004 0.0440848214 0.0471976401
20.0 0.7056361607 0.3362831858 0.0284598214 0.3244837758
50.0 0.8292410714 0.3923303835 0.16964285710000002 0.4247787611
28.0 0.9709821428000001 0.4572271386 0.0345982143 0.3244837758
