42.0 0.1206554121 0.1867977528 0.21151936440000002 0.3679775281
29.0 0.039225422 0.4620786517 0.0625620655 0.154494382
45.0 0.0928500496 0.5210674157 0.0526315789 0.047752809
15.0 0.1583912612 0.48174157300000003 0.044687189700000005 0.1488764045
20.0 0.3023833167 0.26966292140000003 0.0685203575 0.2415730337
9.0 0.3778550149 0.2471910112 0.078450844 0.20224719100000002
16.0 0.47269116180000004 0.261235955 0.0675273089 0.2528089887
0.0 0.7472691162 0.44241573040000004 0.4597815293 0.0589887641
29.0 0.7909632572 0.268258427 0.090367428 0.25
7.0 0.7581926514 0.7134831460000001 0.4558093347 0.44382022470000004
29.0 0.7934458789000001 0.7176966292 0.0973187687 0.2443820224
17.0 0.8505461768 0.6657303371000001 0.0407149951 0.106741573
10.0 0.9106256206000001 0.7963483146 0.0436941411 0.0252808988
19.0 0.9692154916000001 0.797752809 0.0516385303 0.2921348314
