42.0 0.0824084351 0.4019292604 0.14372918980000002 0.5401929261
38.0 0.18312985580000002 0.7427652734 0.039955604900000004 0.25080385850000003
45.0 0.22863485020000002 0.770096463 0.039955604900000004 0.1318327974
12.0 0.2694228635 0.6897106109000001 0.0238623752 0.22186495180000002
9.0 0.301054384 0.5048231512 0.024972253000000003 0.1736334405
0.0 0.6861820200000001 0.61414791 0.6176470588 0.16720257230000002
13.0 0.4805771366 0.2749196142 0.0144284129 0.33118971070000003
9.0 0.5110987792 0.2781350482 0.0299667037 0.19614147910000002
10.0 0.5457824640000001 0.308681672 0.029411764700000002 0.0321543408
19.0 0.5832408435 0.2572347266 0.0344062154 0.2572347267
46.0 0.6906215316000001 0.31832797430000004 0.1259711432 0.2829581994
15.0 0.7794117647000001 0.1254019293 0.026082131 0.23794212220000002
38.0 0.8571032187000001 0.34083601280000003 0.0549389567 0.3215434083
47.0 0.46281908990000004 0.8360128618 0.1698113208 0.29581993570000004
38.0 0.5746392897 0.8151125402 0.0560488346 0.2797427652
9.0 0.621254162 0.7797427652000001 0.028301886800000002 0.18971061090000002
38.0 0.6709211986 0.8295819935000001 0.055493895700000004 0.29581993570000004
46.0 0.7738623752 0.8327974277 0.1093229745 0.2893890675
14.0 0.8820754716 0.6382636656 0.0371809101 0.2090032154
38.0 0.961709212 0.8344051447 0.057713651500000004 0.305466238
