42.0 0.0397865114 0.3901515152 0.07860262 0.4015151515
8.0 0.08272683160000001 0.6912878788 0.0131004367 0.1477272728
45.0 0.12566715180000002 0.7329545454 0.0291120815 0.1477272727
1.0 0.17273168360000002 0.7083333333 0.0291120815 0.1287878788
0.0 0.6026200873 0.625 0.7258612324 0.159090909
7.0 0.397865114 0.293560606 0.3114992722 0.5795454545000001
8.0 0.3301795245 0.365530303 0.018922853 0.2007575757
12.0 0.36171761280000003 0.2140151515 0.0218340612 0.2613636364
9.0 0.41145075210000004 0.3371212122 0.0339640951 0.2196969697
10.0 0.442503639 0.35984848480000003 0.025230470600000002 0.030303030300000002
20.0 0.4701601164 0.3541666666 0.027171276100000002 0.3446969697
25.0 0.4997573994 0.42234848480000003 0.0242600679 0.2234848485
8.0 0.5460941291 0.4090909091 0.020863658400000002 0.2045454546
9.0 0.5836972344 0.3731060606 0.0339640951 0.231060606
7.0 0.8051916545000001 0.543560606 0.3818534692 0.8295454545000001
8.0 0.7042697720000001 0.428030303 0.0198932557 0.18939393940000002
15.0 0.742115478 0.2537878787 0.0295972829 0.2121212121
9.0 0.8030082485000001 0.4166666666 0.0359049005 0.23484848490000002
10.0 0.8379427462 0.4431818182 0.0242600679 0.0378787879
21.0 0.8706938380000001 0.43181818180000003 0.023774866500000002 0.3181818182
8.0 0.9196991752 0.4867424242 0.022804463900000002 0.21590909090000002
8.0 0.4662785056 0.8200757575000001 0.0194080544 0.2083333333
9.0 0.5213488598 0.7840909091 0.0334788937 0.2272727272
10.0 0.5553129549 0.821969697 0.0237748666 0.0378787879
21.0 0.5851528384 0.7916666667000001 0.0213488598 0.3181818182
25.0 0.6140223193000001 0.8787878788 0.027656477500000002 0.2196969697
8.0 0.6615720524 0.8844696970000001 0.0218340612 0.2234848485
