42.0 0.1424196019 0.46162046910000004 0.1975497703 0.3049040512
29.0 0.030245023000000003 0.8486140725 0.049770291 0.2388059702
45.0 0.09571209800000001 0.8805970150000001 0.0535987749 0.0597014925
15.0 0.1680704442 0.8315565032000001 0.0528330781 0.2174840086
9.0 0.2327718224 0.6780383796 0.0459418071 0.13219616210000001
27.0 0.3399693721 0.4914712154 0.059724349200000006 0.2025586353
49.0 0.4341500766 0.26226012790000003 0.07503828480000001 0.21321961620000002
2.0 0.5218223583 0.2718550106 0.0237366003 0.2110874201
14.0 0.5700612558 0.2526652452 0.058958652300000004 0.19402985080000001
9.0 0.6255742726 0.263326226 0.0474732006 0.1257995736
29.0 0.6898928024000001 0.25692963750000003 0.0643185299 0.20255863540000002
48.0 0.7913476264 0.1226012793 0.1324655437 0.21108742
29.0 0.9222817764000001 0.1108742004 0.0543644717 0.21321961620000002
5.0 0.9846860643 0.250533049 0.019908116400000002 0.2153518123
