42.0 0.1568627451 0.6857707510000001 0.2401960784 0.3913043478
8.0 0.3125 0.8992094862000001 0.031862745000000005 0.1541501976
45.0 0.41482843140000003 0.9189723320000001 0.0600490196 0.0909090909
1.0 0.5306372549 0.8557312253 0.049019607800000004 0.0988142292
0.0 0.8615196078 0.6462450593 0.2696078431 0.0355731226
10.0 0.7052696078 0.4723320158 0.0404411765 0.0355731226
18.0 0.7726715686000001 0.4901185771 0.074754902 0.2055335968
27.0 0.8394607843 0.4920948617 0.0612745098 0.22529644270000002
0.0 0.8909313726 0.21146245060000002 0.0955882353 0.0355731226
17.0 0.9301470588 0.11067193680000001 0.0465686274 0.1897233201
8.0 0.9283088236 0.3023715415 0.033088235300000005 0.138339921
10.0 0.8143382353 0.7826086956 0.0453431372 0.039525691700000004
18.0 0.8731617647000001 0.7964426877 0.06740196080000001 0.2094861661
