42.0 0.0352112676 0.7418367347 0.06572769960000001 0.181632653
30.0 0.0079225352 0.9224489796 0.0146713615 0.0979591836
45.0 0.0208333333 0.8969387755 0.0088028169 0.022448979600000002
0.0 0.036091549300000005 0.906122449 0.0346244132 0.0244897959
4.0 0.0604460094 0.8540816326 0.0199530516 0.0714285715
17.0 0.0660211268 0.9500000000000001 0.0217136151 0.087755102
0.0 0.5340375587 0.6112244898 0.9049295774 0.4306122449
0.0 0.1942488263 0.5357142857 0.059859155000000004 0.0387755102
26.0 0.1731220658 0.4693877551 0.0305164319 0.1346938776
26.0 0.1605046949 0.6091836734 0.026408450700000002 0.10408163270000001
30.0 0.1877934272 0.6234693877 0.0187793427 0.1081632653
2.0 0.2526408451 0.4785714286 0.0604460094 0.3204081633
47.0 0.3453638498 0.4489795918 0.10035211270000001 0.1591836735
30.0 0.48180751180000003 0.42346938780000004 0.0340375587 0.1897959183
9.0 0.5223004695 0.36224489800000004 0.032863849800000004 0.12040816330000001
10.0 0.5651408451000001 0.37040816330000004 0.0269953052 0.0428571429
14.0 0.6188380282 0.3367346939 0.0592723005 0.24489795920000001
46.0 0.7544014084 0.2948979592 0.1320422535 0.206122449
30.0 0.8823356808 0.2540816326 0.0346244131 0.1816326531
5.0 0.9380868544000001 0.2030612245 0.058098591500000005 0.3693877551
0.0 0.33480046950000003 0.85 0.035798122 0.0265306122
26.0 0.34712441320000004 0.7744897959 0.0334507043 0.1285714286
26.0 0.3371478873 0.9234693878 0.031103286400000003 0.1285714285
30.0 0.3644366197 0.9234693878 0.0223004695 0.12040816330000001
2.0 0.42957746480000003 0.8081632653 0.059859155000000004 0.375510204
30.0 0.46919014080000004 0.7979591836000001 0.029929577500000002 0.1755102041
9.0 0.5105633803 0.7530612245 0.029342723 0.12244897960000001
10.0 0.5548708921000001 0.75 0.026408450700000002 0.0265306122
14.0 0.6112089202000001 0.731632653 0.0604460094 0.2469387755
0.0 0.7068661972 0.712244898 0.08039906100000001 0.0408163265
4.0 0.6851525822 0.6693877551 0.0393192489 0.10612244900000001
14.0 0.6933685446000001 0.8142857143000001 0.0428403756 0.1714285714
5.0 0.7705399061 0.6785714286 0.0539906104 0.3734693877
