42.0 0.0809859155 0.8983644860000001 0.1594110116 0.1892523364
41.0 0.2051856594 0.9369158878 0.0364916774 0.0747663551
45.0 0.2592829706 0.8936915888 0.0640204865 0.0957943925
1.0 0.3153008963 0.8060747664 0.0364916774 0.0700934579
0.0 0.6661331626 0.5525700934000001 0.5512163892 0.3060747663
7.0 0.5758642765 0.4077102804 0.3412291933 0.34813084110000003
41.0 0.5227272728 0.5245327103 0.026248399500000002 0.0724299066
17.0 0.5518565941 0.38668224300000004 0.033290653 0.1144859813
9.0 0.5979513444 0.45093457940000004 0.0268886043 0.0700934579
10.0 0.6251600512000001 0.43808411220000004 0.0185659411 0.0116822429
15.0 0.654609475 0.4205607476 0.0224071703 0.1074766355
25.0 0.6798975673000001 0.4240654205 0.0243277849 0.0677570093
41.0 0.7115877081 0.4240654206 0.0275288092 0.0630841121
9.0 0.7336747759000001 0.3808411215 0.0230473752 0.0654205608
7.0 0.8764404610000001 0.2827102804 0.23687580030000002 0.3457943925
41.0 0.840909091 0.35163551400000004 0.0185659411 0.053738317800000004
16.0 0.8620358515000001 0.2371495328 0.021126760600000002 0.1004672897
9.0 0.8975672216 0.3025700934 0.020486555700000002 0.0630841121
10.0 0.919334187 0.2943925234 0.0153649167 0.009345794400000001
19.0 0.9388604354000001 0.2757009346 0.0198463509 0.0841121495
41.0 0.9596670935 0.2873831776 0.015364916800000001 0.046728972
41.0 0.5140845070000001 0.851635514 0.0268886043 0.0724299066
13.0 0.5284891165 0.7114485982000001 0.0083226632 0.11915887850000001
9.0 0.5630601792000001 0.7885514018 0.026248399500000002 0.0677570093
10.0 0.5934699104 0.7733644860000001 0.020486555700000002 0.018691588800000002
25.0 0.621318822 0.7733644860000001 0.02368758 0.0794392523
41.0 0.647887324 0.7640186916 0.021766965500000002 0.0607476636
9.0 0.6792573624 0.7219626168000001 0.0243277849 0.0747663551
10.0 0.7064660692 0.7009345794 0.0185659411 0.0140186916
19.0 0.7269526248 0.6787383177 0.0198463509 0.09112149530000001
2.0 0.7487195902 0.668224299 0.0083226633 0.1261682243
41.0 0.7714468630000001 0.6845794392 0.0230473752 0.0607476635
18.0 0.7948143406 0.5572429906 0.0275288092 0.11915887850000001
9.0 0.8309859155 0.6156542056000001 0.0217669654 0.058411215
10.0 0.8530729833 0.6109813084 0.0160051217 0.011682243
17.0 0.8770806658 0.6028037384 0.0243277849 0.0934579439
41.0 0.9078104994 0.5981308411 0.021766965500000002 0.0560747664
5.0 0.9202944942 0.5525700934000001 0.013444302200000001 0.1004672897
