22.0 0.017430845 0.40895061730000004 0.033345964400000004 0.1018518518
42.0 0.0915119363 0.3904320987 0.0731337628 0.41049382710000004
23.0 0.1528988253 0.6975308642 0.024630541800000003 0.15432098760000001
45.0 0.1809397499 0.7283950617 0.023872679 0.1172839506
20.0 0.2095490716 0.6481481481 0.016672982200000002 0.19753086420000002
9.0 0.2256536567 0.47222222220000004 0.0125047366 0.1172839506
0.0 0.6235316408 0.5169753086000001 0.7453580902 0.1265432099
10.0 0.4226979916 0.36882716050000003 0.0200833649 0.0216049382
15.0 0.4460022736 0.3472222222 0.0242516104 0.274691358
48.0 0.506441834 0.3101851852 0.0610079576 0.31172839500000005
23.0 0.5767336112 0.32407407400000005 0.040924592600000004 0.17901234570000002
50.0 0.6722243274 0.3101851852 0.11671087540000001 0.3240740741
14.0 0.7326638878 0.1358024692 0.0200833649 0.1666666667
23.0 0.7910193255 0.3302469136 0.045850701 0.20987654320000002
50.0 0.31849185300000005 0.7515432099 0.1011746874 0.3179012346
13.0 0.37912087910000003 0.6435185186 0.0049261084 0.1635802469
23.0 0.4196665404 0.7731481482 0.039787798400000005 0.1944444445
9.0 0.4473285335 0.7222222222 0.0162940508 0.15432098760000001
2.0 0.46419098140000004 0.7978395062 0.008336491100000001 0.3487654321
23.0 0.49147404320000004 0.7824074074 0.03486169 0.212962963
47.0 0.5754073512 0.7484567901 0.0935960591 0.262345679
23.0 0.6712769988 0.7608024691 0.0413035241 0.1944444445
9.0 0.7010231148 0.7175925926000001 0.018188707800000002 0.1635802469
14.0 0.7303902994 0.762345679 0.026904130300000002 0.27160493820000003
5.0 0.7536945813 0.7854938272 0.0212201592 0.3672839506
50.0 0.8400909436 0.7546296296 0.1235316407 0.3549382716
18.0 0.9052671466000001 0.6111111111 0.0212201591 0.2469135802
23.0 0.9643804472 0.7530864198 0.0469874953 0.19753086420000002
