42.0 0.0539143279 0.37209302320000004 0.1019202364 0.5182724253000001
36.0 0.1445100936 0.6727574751000001 0.0201870999 0.196013289
45.0 0.1765140325 0.6561461794 0.036927621800000004 0.11627906980000001
0.0 0.221319547 0.696013289 0.0359428853 0.0365448505
4.0 0.22845888720000002 0.5465116279000001 0.0315115707 0.2093023256
21.0 0.23461349080000002 0.8455149502 0.0221565731 0.2691029901
10.0 0.2831117676 0.3920265781 0.0265878878 0.0199335548
50.0 0.4150664698 0.4335548173 0.1575578533 0.5215946844
36.0 0.5440669621 0.3571428572 0.0334810438 0.26245847170000003
9.0 0.591334318 0.3222591362 0.0413589365 0.3455149502
10.0 0.6489414082 0.3754152824 0.0521910389 0.0598006644
21.0 0.69596258 0.3770764119 0.038897095 0.4883720931
47.0 0.8151157066 0.4086378738 0.16297390450000002 0.4252491695
36.0 0.9815361890000001 0.3671096346 0.0339734121 0.2757475083
