0.0 0.0270655271 0.4220907298 0.0336182336 0.0118343195
14.0 0.0339031339 0.3353057199 0.027920228000000002 0.1617357002
14.0 0.028774928800000002 0.5138067061 0.026780626800000002 0.1637080868
42.0 0.1621082621 0.41025641030000004 0.1361823362 0.3471400395
40.0 0.25498575500000004 0.6015779093 0.0245014245 0.1617357002
45.0 0.28746438750000003 0.5660749507 0.030199430200000002 0.043392505000000005
17.0 0.3245014245 0.5374753452000001 0.025641025600000002 0.14792899410000002
0.0 0.6726495726 0.4763313609 0.5988603989 0.06903353050000001
0.0 0.521082621 0.2426035503 0.2774928775 0.0197238658
47.0 0.4615384616 0.0936883629 0.1048433049 0.10059171600000001
2.0 0.5458689459 0.1331360946 0.0182336182 0.14792899410000002
14.0 0.57008547 0.0936883629 0.0245014245 0.12820512820000002
40.0 0.5957264957 0.1538461538 0.023361823400000002 0.1617357002
5.0 0.6230769230000001 0.1035502958 0.0176638177 0.1755424063
15.0 0.5017094017 0.2958579881 0.025641025600000002 0.11834319530000001
40.0 0.5330484331 0.3550295858 0.0290598291 0.1420118344
50.0 0.7558404558 0.18934911240000002 0.16467236470000002 0.1814595661
2.0 0.8786324786 0.2712031558 0.031908831900000004 0.2228796844
20.0 0.9088319088000001 0.1863905325 0.031908831900000004 0.1794871795
40.0 0.9515669516 0.258382643 0.0341880342 0.18934911240000002
5.0 0.9877492878 0.23570019720000002 0.0188034189 0.2702169625
0.0 0.6712250712000001 0.7327416174 0.1971509972 0.033530572
48.0 0.6236467236000001 0.5828402367000001 0.0905982906 0.11637080870000001
2.0 0.7094017094 0.617357002 0.0182336182 0.1459566075
14.0 0.733048433 0.5779092702 0.0233618233 0.1301775148
40.0 0.7638176639 0.6508875740000001 0.0245014245 0.1696252465
5.0 0.7917378918 0.5976331361 0.0176638177 0.18934911240000002
16.0 0.6715099715 0.8372781066 0.022222222200000002 0.1755424063
40.0 0.7034188034000001 0.9033530572 0.026780626800000002 0.1735700198
