42.0 0.1407520326 0.40740740740000003 0.2428861789 0.3456790124
25.0 0.2865853658 0.5802469136 0.0426829269 0.12962962960000002
45.0 0.33333333330000003 0.5910493828 0.0487804878 0.046296296300000005
15.0 0.399898374 0.5447530864 0.0457317073 0.1574074074
0.0 0.7464430894 0.4135802469 0.4684959349 0.10493827160000001
25.0 0.6280487805 0.2546296296 0.0650406504 0.1944444445
9.0 0.7337398374 0.19753086420000002 0.1117886178 0.1790123456
16.0 0.8424796748000001 0.18981481490000002 0.0914634146 0.3240740741
7.0 0.712906504 0.6913580247000001 0.3770325203 0.5802469136
25.0 0.7738821138 0.7222222222 0.0660569106 0.20370370370000002
10.0 0.8592479674 0.7160493827000001 0.0518292683 0.024691358
16.0 0.9512195122 0.7191358025 0.093495935 0.3765432099
