42.0 0.0511450382 0.3092307693 0.093129771 0.2184615385
28.0 0.1480916031 0.6492307692 0.027480916100000002 0.2215384615
45.0 0.1988549618 0.563076923 0.0541984733 0.09230769230000001
19.0 0.2507633588 0.5061538461 0.025190839700000002 0.1569230769
9.0 0.2885496184 0.3292307692 0.038167938900000004 0.1353846154
0.0 0.5034351145 0.30923076920000003 0.2832061068 0.04
14.0 0.5278625954 0.2092307692 0.0389312977 0.17846153850000002
7.0 0.5194656488 0.6692307692 0.2587786259 0.6430769231
28.0 0.5522900764 0.7753846153 0.0343511451 0.2276923077
15.0 0.5812977099000001 0.47692307700000003 0.0297709924 0.1723076923
9.0 0.6396946565 0.6630769231 0.041221374000000005 0.15076923080000001
15.0 0.6839694656 0.6461538462 0.0335877863 0.1846153847
9.0 0.7484732824 0.25384615380000003 0.0587786259 0.1815384615
15.0 0.8076335878 0.2384615384 0.045801526700000005 0.23076923070000002
0.0 0.9125954198 0.2815384615 0.1625954199 0.0215384615
14.0 0.9194656488 0.1338461538 0.048091603100000005 0.1630769231
28.0 0.9034351145 0.5215384616000001 0.045038168 0.24923076930000002
10.0 0.9358778626 0.3846153846 0.033587786200000004 0.0246153846
15.0 0.9744274809000001 0.38615384620000004 0.034351145 0.1938461539
