42.0 0.062382445200000004 0.5260416667 0.1134796239 0.42708333330000003
37.0 0.1473354232 0.8767361112000001 0.02507837 0.1423611111
45.0 0.1786833856 0.9131944444000001 0.0288401254 0.07638888890000001
4.0 0.2297805642 0.6041666666000001 0.0645768025 0.2916666667
11.0 0.2752351098 0.6979166667000001 0.0200626959 0.3611111111
21.0 0.3131661442 0.8263888889000001 0.029467084600000002 0.1805555556
0.0 0.6598746082 0.40625000000000006 0.5949843261000001 0.2291666666
47.0 0.444200627 0.328125 0.1360501567 0.2951388888
37.0 0.55830721 0.2621527778 0.0420062696 0.2118055556
9.0 0.607523511 0.21875000000000003 0.0376175549 0.1805555556
10.0 0.6435736677 0.2395833333 0.0244514106 0.0347222222
21.0 0.6840125392 0.18402777780000001 0.045141065800000005 0.2916666667
46.0 0.8278996866 0.1649305556 0.1673981191 0.30208333330000003
37.0 0.9667711599000001 0.1163194444 0.0501567398 0.21875000000000003
37.0 0.5244514106 0.8784722222 0.0407523511 0.2222222222
9.0 0.5695924765 0.8142361111 0.0332288402 0.1631944444
10.0 0.6137931034 0.875 0.0288401253 0.0555555556
14.0 0.6485893417 0.8333333334 0.047021943600000005 0.31944444450000004
4.0 0.7228840126 0.5677083333 0.1003134797 0.34375000000000006
11.0 0.7739811912 0.6284722222 0.0344827586 0.4652777778
18.0 0.831661442 0.8038194444000001 0.0445141066 0.3298611111
