42.0 0.17882352940000001 0.33333333330000003 0.1976470588 0.5960784314
40.0 0.055294117600000005 0.6960784313 0.0658823529 0.3254901961
45.0 0.12470588240000001 0.6450980392 0.0729411765 0.16078431370000001
10.0 0.2182352942 0.6647058824000001 0.0505882353 0.0274509803
1.0 0.30941176470000004 0.662745098 0.0447058824 0.09411764710000001
3.0 0.4264705882 0.4450980392 0.0364705883 0.7019607843
40.0 0.49764705880000004 0.568627451 0.1105882353 0.5098039216
10.0 0.5935294118000001 0.4823529412 0.0929411765 0.0470588235
19.0 0.7029411764 0.44117647060000004 0.1070588235 0.43529411760000003
6.0 0.7770588236 0.5705882353 0.024705882300000002 0.6784313726
9.0 0.8423529412 0.5960784314 0.0847058824 0.34509803920000004
40.0 0.9400000000000001 0.7352941176000001 0.0894117648 0.5058823529
