22.0 0.0610351562 0.7093023255 0.0673828125 0.14728682170000001
42.0 0.2900390625 0.6085271318000001 0.25390625 0.40310077520000004
36.0 0.4404296875 0.8604651163 0.033203125 0.10077519380000001
45.0 0.4814453125 0.8217054264 0.046875 0.0930232559
1.0 0.537109375 0.7558139535 0.048828125 0.10077519380000001
0.0 0.8095703125 0.488372093 0.34765625 0.13178294570000001
43.0 0.72265625 0.3352713178 0.125 0.42248062010000004
13.0 0.806640625 0.3701550388 0.01171875 0.1589147287
12.0 0.8266601562 0.3507751938 0.0224609375 0.1124031008
19.0 0.88671875 0.18604651160000002 0.03125 0.1782945736
43.0 0.720703125 0.7577519380000001 0.134765625 0.3682170542
16.0 0.8154296875 0.78875969 0.037109375 0.1279069767
15.0 0.8500976562 0.7906976744 0.0380859375 0.17054263560000002
14.0 0.9287109375 0.6124031008 0.05078125 0.2248062016
