42.0 0.061685823800000004 0.1434426229 0.10957854410000001 0.2431693989
8.0 0.13026819920000002 0.3825136612 0.0199233717 0.1256830602
45.0 0.20153256700000002 0.4453551912 0.0475095785 0.0655737705
0.0 0.2712643678 0.4672131148 0.0521072797 0.0327868853
4.0 0.2743295019 0.3852459016 0.032183908000000004 0.1092896175
20.0 0.2704980842 0.5532786886000001 0.015325670500000001 0.1284153005
0.0 0.7042145594 0.4904371585 0.5885057472 0.193989071
21.0 0.40957854400000004 0.2418032787 0.0145593869 0.21038251360000002
47.0 0.4904214559 0.2718579235 0.0858237548 0.1174863388
8.0 0.6022988506 0.2773224044 0.030651341000000002 0.1557377049
9.0 0.6563218391 0.318306011 0.0436781609 0.1229508197
10.0 0.6996168582000001 0.3551912568 0.0367816092 0.0327868853
20.0 0.7279693486000001 0.3633879781 0.0199233717 0.1912568306
46.0 0.8233716475 0.43715847 0.0988505747 0.1311475409
8.0 0.9287356322 0.4071038252 0.033716475100000004 0.1693989071
15.0 0.5 0.6393442623000001 0.0268199234 0.1693989071
8.0 0.5597701150000001 0.6584699454 0.0314176245 0.1693989071
9.0 0.6406130268 0.706284153 0.044444444400000005 0.12295081960000001
10.0 0.6819923372000001 0.7336065573 0.033716475100000004 0.0245901639
14.0 0.7272030652 0.75 0.0413793103 0.1721311476
0.0 0.7908045977 0.8114754098 0.0490421456 0.0218579235
4.0 0.7919540229 0.7240437158 0.0314176245 0.1092896175
14.0 0.7927203065 0.8784153006000001 0.0268199234 0.1229508197
