49.0 0.0424948595 0.3495238095 0.083618917 0.2838095238
40.0 0.160041124 0.5257142857 0.033584647100000004 0.259047619
22.0 0.20973269360000002 0.4047619048 0.0575736806 0.0742857143
0.0 0.6134338588 0.5352380952 0.7717614804 0.16761904760000002
42.0 0.40918437280000003 0.1371428572 0.1096641535 0.2666666667
32.0 0.47635366690000003 0.399047619 0.0260452364 0.1466666667
45.0 0.5143934202 0.3676190476 0.0418094585 0.06095238100000001
0.0 0.5692254969 0.39142857140000004 0.10486634680000001 0.0285714286
4.0 0.5873886224 0.3180952381 0.0438656615 0.1485714286
17.0 0.584304318 0.45142857140000003 0.0239890336 0.0990476191
10.0 0.6566141192 0.2571428572 0.0342700479 0.0190476191
46.0 0.7727895819 0.2580952381 0.1144619602 0.1428571428
32.0 0.8797121316000001 0.33428571420000003 0.029472241200000002 0.1580952381
42.0 0.3180260452 0.6057142857000001 0.1096641535 0.300952381
32.0 0.3882796436 0.860952381 0.0239890336 0.1561904761
45.0 0.4270047978 0.8238095238 0.0411240576 0.0628571428
0.0 0.5126799178 0.8495238096000001 0.1041809459 0.0266666667
4.0 0.5027416038 0.7628571428 0.0418094585 0.1466666667
20.0 0.5027416038 0.92 0.0198766279 0.11047619040000001
10.0 0.5736806032 0.700952381 0.0342700479 0.0152380953
10.0 0.6566141192 0.7057142857 0.0424948595 0.0247619048
21.0 0.6991089788 0.6857142858 0.024674434500000002 0.19809523810000002
47.0 0.7995202193000001 0.7228571428 0.1172035641 0.15428571430000002
17.0 0.8834818369 0.6609523810000001 0.023303632600000002 0.10666666670000001
32.0 0.9431117204 0.819047619 0.026045236500000003 0.18285714290000002
