42.0 0.15767766500000002 0.45145631070000003 0.1922588832 0.2466019418
39.0 0.0288705584 0.9106796116 0.048857868000000006 0.1514563107
45.0 0.08883248740000001 0.891262136 0.0659898477 0.0504854369
4.0 0.16529187820000002 0.6563106796 0.0729695431 0.1669902912
11.0 0.2344543147 0.7223300971000001 0.0412436548 0.2757281554
15.0 0.2921954314 0.7766990292 0.0399746193 0.13592233010000002
0.0 0.6782994924 0.36116504860000004 0.5989847716000001 0.24077669910000002
47.0 0.4419416244 0.3262135922 0.1795685279 0.1902912621
14.0 0.5634517766 0.1737864077 0.0317258883 0.1650485437
39.0 0.6430837564 0.2495145631 0.0463197969 0.1417475728
9.0 0.6878172589 0.2233009709 0.040609137000000003 0.1126213592
46.0 0.8118654822 0.2262135922 0.1351522843 0.19611650490000002
16.0 0.9026015228000001 0.0669902913 0.0272842639 0.1300970874
39.0 0.9685913706 0.1699029126 0.0361675127 0.1495145631
18.0 0.7135152284 0.4339805825 0.0412436548 0.18834951460000002
