42.0 0.1247390396 0.44623655910000004 0.2306889353 0.3082437276
24.0 0.2802713988 0.5815412186000001 0.044885177500000005 0.1630824373
45.0 0.3335073069 0.6039426524 0.0594989562 0.0501792115
1.0 0.42327766180000004 0.5627240144 0.0866388309 0.0501792115
0.0 0.7620041754 0.497311828 0.4279749478 0.0340501792
0.0 0.737473904 0.28405017920000003 0.4812108559 0.0161290322
43.0 0.6659707724 0.1200716846 0.127348643 0.182795699
17.0 0.7891440501 0.188172043 0.0584551148 0.1612903226
21.0 0.8366388309 0.2025089606 0.0490605428 0.10752688170000001
24.0 0.9300626305 0.0887096774 0.0417536534 0.1415770609
43.0 0.6727557412 0.3870967742 0.1450939457 0.1899641577
14.0 0.7792275575000001 0.42025089600000004 0.057411273500000005 0.0949820789
14.0 0.8319415448 0.414874552 0.0542797495 0.0878136201
14.0 0.9290187892 0.3629032258 0.0480167015 0.0770609319
0.0 0.7755741128 0.7804659498000001 0.3027139875 0.023297491
43.0 0.6889352819 0.626344086 0.1231732777 0.1774193548
20.0 0.8011482255 0.6711469534000001 0.0365344468 0.1164874552
13.0 0.8298538622 0.6854838710000001 0.0083507307 0.1164874552
24.0 0.9029227558 0.6155913979000001 0.0417536535 0.1666666667
43.0 0.6811064718000001 0.8826164875 0.1409185804 0.1953405018
16.0 0.7823590814 0.9220430108000001 0.0386221294 0.12365591390000001
14.0 0.8293319416 0.9301075269 0.051148225500000005 0.0860215054
15.0 0.9201461378 0.8593189964 0.0344467641 0.1379928316
