42.0 0.0844704354 0.5676020408 0.1572449643 0.2984693878
29.0 0.1630929174 0.730867347 0.0285899935 0.15051020410000002
45.0 0.1955815464 0.756377551 0.0363872645 0.0943877551
1.0 0.2400909682 0.7066326531 0.0409356725 0.0663265306
0.0 0.6435997401 0.5535714286 0.7063027940000001 0.1020408163
43.0 0.37296946070000003 0.3762755102 0.1234567902 0.31887755100000004
14.0 0.4743339831 0.4221938776 0.0467836258 0.1760204081
21.0 0.5110461338 0.44515306120000003 0.0357374919 0.22193877550000002
29.0 0.5799220273 0.2461734694 0.0435347628 0.21173469390000002
43.0 0.696231319 0.2908163266 0.13450292390000002 0.34183673470000003
14.0 0.8138401559 0.3520408163 0.0513320337 0.1989795918
14.0 0.8661468486 0.3329081633 0.0532813516 0.19132653060000002
18.0 0.9645873944000001 0.1632653061 0.06302794020000001 0.25
43.0 0.4213775178 0.799744898 0.1319038337 0.3698979592
16.0 0.5129954516 0.8367346939 0.031838856400000004 0.1836734694
12.0 0.544834308 0.8431122449 0.0331384016 0.19132653060000002
13.0 0.6111111111 0.6721938776 0.0331384016 0.2066326531
43.0 0.7280701755 0.7410714286000001 0.1500974659 0.35969387750000004
13.0 0.8317089018 0.8073979592 0.0285899935 0.1964285714
19.0 0.8628979857 0.8010204082 0.0402859 0.193877551
29.0 0.9467186484000001 0.6109693878 0.0493827161 0.23214285710000002
