42.0 0.0769971126 0.45266990300000004 0.1395572666 0.4296116505
41.0 0.1636188643 0.7888349514 0.0404234842 0.16990291270000002
45.0 0.2064485081 0.8058252428 0.0423484119 0.10679611650000001
17.0 0.2661212704 0.7415048544 0.0346487007 0.25
9.0 0.30245428300000005 0.5449029126 0.0303176131 0.1334951456
46.0 0.448508181 0.5072815534 0.1809432147 0.3155339806
41.0 0.5868623676 0.5218446602 0.0534167469 0.2233009708
7.0 0.8043792108000001 0.4927184466 0.3604427334 0.9417475728
0.0 0.8724735322 0.5752427184000001 0.21366698750000002 0.058252427100000004
41.0 0.7863330125 0.354368932 0.041385948000000006 0.1650485437
2.0 0.8178537054 0.3216019418 0.0158806545 0.2839805825
14.0 0.8450433109000001 0.2973300971 0.0336862368 0.21116504860000002
9.0 0.8820981713 0.281553398 0.0250240616 0.1310679611
10.0 0.9133782484 0.3410194174 0.0240615977 0.0169902913
41.0 0.9538017324 0.3628640777 0.040423484100000004 0.177184466
5.0 0.9853224254 0.3325242718 0.0168431184 0.28640776700000004
41.0 0.8580365736000001 0.8774271844 0.0394610202 0.1868932039
17.0 0.9015880654 0.6662621360000001 0.0360923965 0.2305825243
