42.0 0.050674105000000004 0.3436482085 0.0976290097 0.4983713355
35.0 0.1290097629 0.7475570033000001 0.038586703800000004 0.30293159610000003
45.0 0.1764295676 0.8322475570000001 0.0543933055 0.1205211726
4.0 0.240120874 0.5032573290000001 0.059972106000000004 0.32247557
11.0 0.29986053 0.6693811074 0.041841004200000004 0.5635179153000001
17.0 0.3354253835 0.7459283388 0.030218503100000002 0.2345276873
0.0 0.6634123664 0.513029316 0.6397024639000001 0.13355048860000002
48.0 0.6218038122 0.2361563518 0.0739191074 0.335504886
35.0 0.7061831706 0.2117263844 0.0344026034 0.2866449511
10.0 0.7408182241 0.2931596092 0.0264993026 0.0456026059
20.0 0.7770804278 0.2345276873 0.0348675035 0.2280130294
2.0 0.4037656904 0.7133550489 0.020920502100000002 0.4690553746
47.0 0.47559274760000003 0.6661237785 0.0827522083 0.23127035840000001
35.0 0.5755462576 0.6091205212 0.0353324035 0.319218241
10.0 0.6101813110000001 0.667752443 0.0274291028 0.0456026058
14.0 0.6480706648 0.6156351792 0.0353324036 0.2996742671
5.0 0.6785216178 0.684039088 0.0097629009 0.4299674267
2.0 0.69967457 0.7231270358 0.0232450023 0.5146579805
50.0 0.7907949790000001 0.64495114 0.1171548117 0.3778501629
35.0 0.8858670386 0.5895765473 0.0348675035 0.2931596091
9.0 0.9277080428000001 0.671009772 0.0385867039 0.2540716612
15.0 0.9632728963 0.6107491856 0.0278940028 0.2899022801
5.0 0.9867503487 0.6938110749 0.009762901000000001 0.4429967427
