49.0 0.0571640683 0.3480176212 0.09205642160000001 0.2555066079
24.0 0.1948775056 0.38656387670000003 0.0616184113 0.3017621145
22.0 0.27023014100000003 0.3810572688 0.0697847067 0.1189427313
0.0 0.6325167038 0.47797356830000004 0.7216035635 0.0440528634
42.0 0.3986636971 0.16519823790000002 0.1306607276 0.255506608
37.0 0.4818114328 0.36894273120000004 0.031180400900000002 0.1035242291
45.0 0.5211581292 0.4030837004 0.0371195249 0.07929515420000001
15.0 0.5727542688 0.3359030837 0.039346696300000004 0.13876651980000002
9.0 0.6035634744 0.2059471366 0.026726057900000003 0.08149779730000001
0.0 0.7138084632 0.2070484582 0.07052709730000001 0.013215859100000001
26.0 0.7216035634 0.09581497800000001 0.031180400900000002 0.16519823790000002
26.0 0.704528582 0.3182819383 0.0326651819 0.1740088106
37.0 0.7397921307 0.3425110132 0.028953229400000002 0.10792951540000001
3.0 0.7910170750000001 0.1938325992 0.0081662955 0.30396475770000003
49.0 0.8615441722 0.1376651982 0.0690423163 0.1960352423
37.0 0.9599109132 0.172907489 0.0415738679 0.1255506608
6.0 0.9925760950000001 0.1938325992 0.007423905000000001 0.30396475770000003
42.0 0.4576837416 0.65969163 0.1210096511 0.1960352423
37.0 0.5527097253000001 0.9074889868 0.0378619154 0.1057268722
45.0 0.5842613215 0.9284140969 0.0326651819 0.063876652
15.0 0.6317743132 0.8931718062 0.031180400900000002 0.16519823790000002
9.0 0.6681514476 0.7411894273 0.0252412769 0.077092511
0.0 0.7720861173 0.7488986784 0.0935412026 0.0176211454
26.0 0.7880475130000001 0.6376651982 0.031922791400000004 0.1784140969
26.0 0.771714922 0.8612334802 0.0348923533 0.17621145370000002
37.0 0.8103192279 0.8821585903 0.0348923534 0.10352422900000001
0.0 0.8912397922 0.7488986784 0.0452858203 0.0176211454
21.0 0.8908685968000001 0.6288546256 0.0356347439 0.1475770925
37.0 0.8890126206000001 0.8050660793000001 0.028953229400000002 0.10352422900000001
