42.0 0.0859441152 0.4444444444 0.16003386960000002 0.3464052287
41.0 0.0427603726 0.8578431372 0.0313293819 0.1078431373
45.0 0.0690093142 0.8382352942 0.0228619813 0.0620915033
15.0 0.1066892464 0.8382352942 0.0287891618 0.1666666667
9.0 0.1452159188 0.6176470588 0.0347163421 0.07843137260000001
0.0 0.6494496190000001 0.4983660131 0.6519898391000001 0.0882352941
0.0 0.6380186282 0.2467320261 0.0685859441 0.022875817000000003
20.0 0.6308213379000001 0.1094771242 0.023708721500000002 0.20588235300000002
41.0 0.6325148180000001 0.3447712418 0.037256562300000004 0.15359477130000002
10.0 0.2802709568 0.6470588236 0.033869602 0.039215686300000004
17.0 0.3293818798 0.6454248366 0.0423370025 0.3039215686
44.0 0.466130398 0.705882353 0.1397121084 0.2418300653
41.0 0.6291278577 0.7173202615000001 0.0508044031 0.2254901961
50.0 0.7946655376 0.7630718954 0.18543607110000002 0.40849673200000003
41.0 0.9737510584 0.6764705882000001 0.0457239627 0.1699346405
