42.0 0.1890715667 0.4414893617 0.23694390710000002 0.2787234042
25.0 0.0541586074 0.8042553191 0.0812379111 0.1957446809
45.0 0.1474854932 0.8234042553 0.08607350100000001 0.1191489362
14.0 0.2451644101 0.7691489361 0.0667311412 0.1553191489
10.0 0.30851063830000003 0.6542553192 0.0483558994 0.014893617100000001
7.0 0.6861702128 0.2670212766 0.5541586073 0.529787234
0.0 0.8215667312 0.6712765958 0.3123791103 0.0744680851
25.0 0.7732108317 0.5404255319 0.084139265 0.2042553192
10.0 0.8612185686 0.5436170212 0.047388781500000005 0.0234042553
20.0 0.9298839458 0.5521276596 0.0531914893 0.270212766
14.0 0.7093810445000001 0.770212766 0.0725338492 0.2170212766
9.0 0.7998065764000001 0.7808510638 0.08510638300000001 0.1787234043
10.0 0.8776595745 0.8117021277 0.0512572534 0.0191489361
25.0 0.9540618956 0.8617021276 0.0841392649 0.2212765957
