22.0 0.0217483108 0.4853146853 0.0249155406 0.053146853200000004
0.0 0.4881756756 0.5510489510000001 0.8961148649 0.0279720279
42.0 0.105785473 0.1937062937 0.0933277027 0.1832167832
38.0 0.07474662160000001 0.351048951 0.0439189189 0.0783216783
45.0 0.1184543918 0.3832167832 0.029983108100000003 0.06713286710000001
20.0 0.15646114860000002 0.3314685314 0.0257601351 0.1202797203
0.0 0.2609797298 0.2286713287 0.0777027027 0.0097902098
26.0 0.2533783784 0.1293706294 0.030405405400000002 0.21958041960000002
26.0 0.2200168919 0.3216783217 0.0320945946 0.17902097900000002
38.0 0.2687922298 0.3545454545 0.0612331081 0.10489510490000001
16.0 0.3325591216 0.2034965035 0.0249155405 0.17762237760000002
13.0 0.3657094594 0.16643356650000002 0.019425675700000002 0.1426573427
44.0 0.4543918919 0.19300699300000002 0.1131756756 0.1734265734
2.0 0.5627111487 0.20139860140000002 0.0164695945 0.1818181818
16.0 0.5914273648 0.1993006993 0.0274493243 0.172027972
38.0 0.6431587838 0.2076923077 0.0625 0.1188811188
5.0 0.6883445946 0.2188811189 0.012668919 0.22797202800000002
50.0 0.7789273648 0.1867132867 0.1178209459 0.2083916084
2.0 0.8642314189 0.2048951049 0.0173141892 0.18601398600000002
18.0 0.8937922298000001 0.19300699300000002 0.0308277027 0.1818181818
38.0 0.9484797297 0.21608391600000001 0.0633445946 0.1300699301
5.0 0.9934543919000001 0.20979020980000002 0.0130912162 0.2153846154
42.0 0.38323479730000004 0.7000000000000001 0.08741554060000001 0.1496503496
38.0 0.3502956081 0.8804195804 0.0409628378 0.08811188810000001
45.0 0.3980152028 0.9027972028000001 0.0316722973 0.0657342658
19.0 0.4330658784 0.855944056 0.0266047297 0.11748251750000001
0.0 0.5407516892 0.7594405594 0.1144425676 0.0083916084
26.0 0.5403293919000001 0.634965035 0.032516891900000004 0.1874125874
26.0 0.5057010136 0.8825174825000001 0.032516891900000004 0.2153846154
38.0 0.5529983109000001 0.8951048951 0.060388513500000005 0.11188811180000001
14.0 0.6277449324000001 0.7146853147000001 0.0434966216 0.1706293706
38.0 0.6877111487 0.7384615384000001 0.0637668919 0.11748251750000001
