42.0 0.0906480722 0.2435064935 0.1452009844 0.44805194800000003
33.0 0.20262510250000001 0.6103896104000001 0.0295324036 0.16883116880000001
45.0 0.24569319120000002 0.6396103897000001 0.045118949900000004 0.10389610390000001
20.0 0.29368334700000004 0.5925324676 0.019688269 0.2435064935
9.0 0.3219852338 0.3733766234 0.0254306808 0.1493506494
0.0 0.4917965546 0.3896103896 0.1845775225 0.025974026
15.0 0.5114848236 0.2224025974 0.0287120591 0.30844155840000004
7.0 0.5303527482 0.7029220779 0.1993437243 0.5811688312000001
39.0 0.5853158326 0.7938311688 0.0352748155 0.27597402600000004
9.0 0.6665299426 0.25 0.0434782609 0.2662337662
13.0 0.7083675144 0.3441558442 0.0106644791 0.44805194810000004
0.0 0.8646431502 0.4042207792 0.2149302707 0.0487012987
15.0 0.8744872846 0.2012987013 0.0360951599 0.2857142858
50.0 0.8105004102000001 0.6185064935 0.1296144381 0.3798701298
33.0 0.9774405250000001 0.573051948 0.0434782609 0.2305194805
