49.0 0.054900910600000005 0.43041237120000003 0.0487412962 0.24914089350000002
40.0 0.1419389394 0.5601374570000001 0.0417782539 0.2611683849
22.0 0.19255490090000002 0.49054982820000004 0.032672737 0.060137457000000005
0.0 0.584627745 0.529209622 0.7932512051 0.0240549828
42.0 0.37600428500000005 0.2027491409 0.0846277451 0.233676976
37.0 0.4247455812 0.36855670100000004 0.0192822711 0.0979381443
45.0 0.45768612750000004 0.36941580760000003 0.0465988216 0.0549828179
0.0 0.5447241564 0.38402061860000003 0.0814140332 0.0154639175
4.0 0.5372254954 0.280927835 0.058918050300000004 0.1323024055
19.0 0.5366898768 0.4450171821 0.0214247456 0.10652920960000001
10.0 0.5966791644 0.22508591060000002 0.0203535083 0.0137457045
10.0 0.6566684521 0.2130584193 0.026780932 0.020618556700000002
17.0 0.6930905196 0.2010309278 0.0342795929 0.1718213059
48.0 0.768880557 0.21477663230000002 0.0798071773 0.1408934708
16.0 0.8374397429 0.0841924399 0.0241028388 0.1512027491
37.0 0.8840385646000001 0.2010309278 0.0198178897 0.116838488
42.0 0.2662024638 0.6675257732000001 0.0739153723 0.22508591060000002
37.0 0.32110337440000003 0.8350515464 0.0166041778 0.08934707900000001
45.0 0.3561863952 0.8462199313000001 0.047134440300000004 0.0601374571
0.0 0.4223352972 0.8530927835000001 0.0605249063 0.0120274914
4.0 0.42769148370000004 0.7654639175 0.0487412962 0.1529209622
17.0 0.4349223353 0.9304123711000001 0.0224959828 0.118556701
10.0 0.49598286020000004 0.6993127148 0.0214247456 0.0171821306
17.0 0.5551687198 0.6580756014 0.028387787900000003 0.1512027491
44.0 0.6499732191 0.6941580756 0.11301553290000001 0.147766323
21.0 0.7372790573 0.5773195876 0.0166041778 0.10652920960000001
37.0 0.7876272094000001 0.6812714776000001 0.023031601500000002 0.1254295533
44.0 0.8773433316 0.6778350516 0.1135511515 0.1254295533
37.0 0.9879485806 0.6812714776000001 0.023031601500000002 0.1254295533
