22.0 0.022178988400000002 0.34235294120000004 0.0365758755 0.1388235294
42.0 0.16342412450000002 0.3282352941 0.15719844360000002 0.28
35.0 0.09338521400000001 0.5141176470000001 0.024902723800000002 0.12941176470000001
45.0 0.12295719840000001 0.5164705882 0.0326848249 0.0776470588
10.0 0.1704280156 0.5188235294 0.0373540856 0.0211764706
1.0 0.2295719844 0.49411764700000005 0.029571984500000002 0.08941176470000001
0.0 0.6575875486 0.3623529412 0.6505836576 0.028235294100000002
12.0 0.546303502 0.2329411765 0.0326848249 0.2211764706
35.0 0.5984435798000001 0.22705882360000001 0.046692607000000004 0.2282352941
15.0 0.6291828794000001 0.0741176471 0.0194552529 0.12
9.0 0.680155642 0.21294117640000002 0.0451361868 0.2282352941
18.0 0.7369649806 0.2 0.045136186700000004 0.2211764706
21.0 0.3490272374 0.6976470588 0.0552529183 0.22352941180000002
35.0 0.3988326848 0.7117647059000001 0.0443579767 0.22352941180000002
18.0 0.4350194552 0.6117647059 0.026459143900000003 0.14588235300000002
9.0 0.492996109 0.6988235294 0.053696498100000004 0.225882353
7.0 0.6821011673 0.6752941176 0.3587548638 0.6117647059
20.0 0.7178988327 0.7082352941000001 0.041245136200000004 0.2211764706
13.0 0.760311284 0.7011764706 0.0186770428 0.2635294118
35.0 0.7980544747 0.7270588236000001 0.039688716000000006 0.2447058823
14.0 0.8365758755 0.6000000000000001 0.024902723800000002 0.1270588236
9.0 0.8945525292000001 0.6941176471 0.050583657600000005 0.2211764706
14.0 0.9478599222 0.7011764706 0.0451361868 0.2305882353
