42.0 0.1237766264 0.3050847458 0.1013241221 0.3050847457
36.0 0.01208981 0.8680387409 0.020725388600000002 0.1380145278
45.0 0.0538284398 0.8765133172 0.0500863558 0.048426150200000004
4.0 0.1350028785 0.6343825666 0.0880829016 0.2953995158
11.0 0.2075417386 0.7493946731000001 0.0443293034 0.4285714286
17.0 0.2461139896 0.8765133172 0.0189982729 0.1210653753
0.0 0.6257915947 0.4261501211 0.7012089810000001 0.0774818402
47.0 0.4021301094 0.23123486680000002 0.192861255 0.2445520581
14.0 0.5259067358 0.0702179176 0.028209556700000003 0.1065375303
36.0 0.5958549222 0.2445520581 0.0402993667 0.2566585956
9.0 0.642199194 0.23123486680000002 0.0351180196 0.2445520581
46.0 0.7820955671 0.2457627118 0.1606217617 0.2639225181
15.0 0.888025331 0.08353510900000001 0.015544041500000001 0.1089588377
36.0 0.9654576856 0.23607748180000002 0.0495106505 0.2445520581
18.0 0.6424870466 0.5036319612 0.0345423143 0.2033898305
