42.0 0.1344725112 0.3970189702 0.24814264490000001 0.376693767
24.0 0.0713224368 0.7208672087 0.0505200595 0.2005420054
45.0 0.1500742942 0.77100271 0.0802377414 0.08943089430000001
14.0 0.2414561664 0.7303523035 0.0430906389 0.1815718157
0.0 0.6790490342000001 0.524390244 0.5170876672 0.0298102981
27.0 0.5720653789 0.3550135502 0.0802377414 0.3089430895
24.0 0.6560178306000001 0.1463414634 0.0609212482 0.21680216800000002
10.0 0.7466567608 0.310298103 0.060921248100000006 0.0243902439
14.0 0.8491827638 0.28184281840000003 0.0936106983 0.31978319780000003
46.0 0.5906389302 0.810298103 0.2897473997 0.35772357720000003
13.0 0.8424962853 0.7859078591 0.020802377400000002 0.3739837398
24.0 0.9346210996000001 0.7303523035 0.1040118871 0.38211382110000003
