42.0 0.0504424778 0.4127155172 0.0973451327 0.28232758620000004
40.0 0.0090265486 0.8297413793 0.0145132743 0.1853448276
45.0 0.0320353982 0.8211206897000001 0.0244247788 0.0775862069
21.0 0.055221239000000005 0.7683189655 0.0155752213 0.1314655172
9.0 0.0750442478 0.6271551724000001 0.0198230088 0.0862068966
0.0 0.5421238938 0.6260775862 0.8916814160000001 0.16594827580000002
10.0 0.31097345130000004 0.2790948276 0.023716814200000002 0.0668103448
14.0 0.343539823 0.2316810344 0.032920354 0.2693965517
47.0 0.43380530970000003 0.292025862 0.109380531 0.2737068965
40.0 0.5352212390000001 0.354525862 0.0269026549 0.3685344827
47.0 0.6277876106 0.3081896552 0.1136283186 0.2931034483
12.0 0.7037168142 0.1131465517 0.0191150443 0.161637931
40.0 0.7500884956 0.2963362069 0.0269026549 0.2909482758
46.0 0.1794690266 0.7543103448 0.1118584071 0.2801724138
17.0 0.2571681416 0.6422413793 0.0138053098 0.1810344828
40.0 0.302300885 0.7877155172 0.0290265487 0.3297413793
9.0 0.3394690266 0.6864224138 0.0368141593 0.17456896560000001
2.0 0.3750442478 0.7327586207 0.0215929204 0.3922413793
21.0 0.3961061946 0.6950431034 0.0332743363 0.26077586210000003
40.0 0.4261946902 0.7963362069000001 0.027610619500000003 0.3426724138
50.0 0.5081415929 0.7284482758 0.10017699120000001 0.2974137931
40.0 0.6176991150000001 0.7704741380000001 0.0297345133 0.30387931030000004
9.0 0.6539823009 0.6853448276 0.036460177 0.17241379310000002
21.0 0.6900884956000001 0.6681034483 0.0272566372 0.224137931
5.0 0.7210619469 0.7090517242000001 0.0191150442 0.3491379311
50.0 0.7991150442 0.6896551724000001 0.10938053090000001 0.2456896552
18.0 0.8753982301000001 0.6325431034 0.015575221200000001 0.1616379311
40.0 0.9233628318 0.8135775862 0.026548672500000002 0.36422413800000003
