22.0 0.044757033200000004 0.42 0.0664961637 0.1435294118
42.0 0.1879795396 0.3835294118 0.1496163683 0.32
29.0 0.1413043478 0.6247058824 0.0242966752 0.1717647059
45.0 0.1803069054 0.6423529412 0.0511508951 0.0705882353
1.0 0.2244245524 0.6105882353000001 0.0306905371 0.054117647000000005
0.0 0.5978260870000001 0.46235294120000003 0.5792838875 0.0541176471
15.0 0.5450767264 0.2811764706 0.0492327365 0.3129411764
29.0 0.5984654732 0.24470588240000002 0.0396419437 0.2635294117
21.0 0.6355498721 0.114117647 0.02685422 0.1717647059
9.0 0.6940537084 0.3082352941 0.0556265985 0.23529411760000002
13.0 0.73657289 0.25882352940000003 0.0166240409 0.32470588240000003
14.0 0.3465473146 0.7670588236 0.0498721228 0.29176470590000003
29.0 0.3945012787 0.7741176470000001 0.0396419437 0.2964705883
12.0 0.4408567775 0.6835294117 0.044117647 0.1764705883
9.0 0.5054347826 0.7952941176 0.055626598400000005 0.21176470590000002
7.0 0.7675831202000001 0.714117647 0.43286445020000003 0.5341176471
14.0 0.7119565217 0.7741176471000001 0.0505115089 0.3011764706
13.0 0.7490409207000001 0.7623529412000001 0.0172634271 0.32
29.0 0.7832480819000001 0.7741176470000001 0.0383631713 0.2964705883
13.0 0.8132992327 0.6811764706 0.0115089514 0.1764705882
9.0 0.8561381074000001 0.814117647 0.0498721228 0.2352941177
18.0 0.9232736573 0.7670588235 0.0549872122 0.2776470588
