42.0 0.0683787128 0.4472817134 0.0971534653 0.1499176277
25.0 0.0142326732 0.6309719934 0.0222772277 0.07578253700000001
45.0 0.0491955446 0.6161449752 0.041460396100000005 0.0593080725
13.0 0.1033415842 0.6169686985 0.0309405941 0.12026359140000001
13.0 0.13304455440000001 0.6169686985 0.027227722700000002 0.12026359140000001
0.0 0.5823019802 0.5271828666 0.8304455446000001 0.0724876441
7.0 0.5015470297 0.24958813840000002 0.13428217820000002 0.41021416800000005
16.0 0.5163985148 0.1630971994 0.0080445545 0.0757825371
39.0 0.5878712871 0.273476112 0.0272277228 0.1219110379
10.0 0.6178836634 0.23640856670000002 0.0228960396 0.018121911
20.0 0.6608910891 0.2347611202 0.042079208 0.1828665569
2.0 0.2224628713 0.6853377265 0.043935643600000004 0.33607907740000004
7.0 0.3313737624 0.7471169687 0.1503712871 0.47281713340000003
39.0 0.40748762380000003 0.7166392092 0.0290841584 0.1120263591
10.0 0.43688118810000004 0.6853377265 0.024752475200000002 0.016474464600000002
13.0 0.4758663366 0.6968698518 0.0371287129 0.16803953870000002
5.0 0.5219678218 0.7116968698 0.043935643600000004 0.34925864910000004
2.0 0.5841584158 0.7141680395000001 0.0420792079 0.3640856672
7.0 0.6658415842000001 0.7100494234 0.1113861386 0.42504118620000003
39.0 0.7676361386 0.7075782537 0.025371287200000002 0.100494234
9.0 0.8025990099 0.6886326194 0.0284653466 0.1021416804
14.0 0.8514851486 0.7042833608 0.0556930693 0.1565074135
5.0 0.9102722772 0.6935749588 0.0507425743 0.3426688632
