42.0 0.0823029366 0.43954248360000003 0.1584234931 0.3562091503
38.0 0.17272024730000002 0.7434640523 0.0347758888 0.1274509804
45.0 0.2094281298 0.7222222222 0.037094281300000004 0.0522875817
0.0 0.2685471406 0.7532679739 0.0718701701 0.022875817000000003
4.0 0.277820711 0.6617647059 0.0270479134 0.1013071896
15.0 0.2820710974 0.8758169935000001 0.0247295209 0.2222222222
0.0 0.6638330757 0.524509804 0.6027820711 0.029411764700000002
46.0 0.4760432767 0.4591503268 0.14837712520000002 0.2843137254
21.0 0.5533230294 0.1437908497 0.0262751159 0.1960784314
38.0 0.6329211747 0.4444444444 0.041731066500000004 0.20261437910000002
9.0 0.6850850077 0.3839869281 0.0471406491 0.18627450980000002
47.0 0.8156877898 0.40522875820000004 0.13987635240000001 0.2091503268
16.0 0.9014683153 0.18300653600000003 0.0332302936 0.22222222230000002
38.0 0.9772024730000001 0.44607843140000003 0.040958268900000004 0.2058823529
16.0 0.7013137558 0.7042483661000001 0.045595054100000004 0.29738562090000004
