42.0 0.15432098760000001 0.4728033472 0.2444444445 0.3849372385
39.0 0.2895061728 0.8012552302 0.033333333300000004 0.1548117155
45.0 0.3358024692 0.7322175732 0.054320987700000004 0.1171548117
18.0 0.4092592592 0.7531380754 0.0555555555 0.2092050209
10.0 0.4635802469 0.4937238494 0.050617284000000005 0.041841004200000004
0.0 0.762962963 0.489539749 0.3308641975 0.0418410041
39.0 0.6481481482 0.31171548120000003 0.0469135803 0.1882845188
2.0 0.6981481482 0.2949790795 0.0456790123 0.35564853560000004
39.0 0.7537037037000001 0.3179916318 0.048148148200000004 0.1924686192
10.0 0.8148148149000001 0.269874477 0.0716049383 0.0627615063
14.0 0.8864197531 0.2866108786 0.061728395000000005 0.1966527197
5.0 0.9604938272 0.21548117160000002 0.0469135803 0.41422594150000003
3.0 0.7604938272 0.7259414226 0.0197530864 0.3723849372
39.0 0.8030864198000001 0.7782426778 0.0432098765 0.1924686192
6.0 0.8425925926000001 0.690376569 0.0209876544 0.3263598327
