42.0 0.1031746032 0.39570552140000004 0.0885547201 0.3374233129
38.0 0.022974101900000002 0.8946830266 0.037593985 0.1901840491
45.0 0.059314954100000004 0.9263803681 0.0334168755 0.0858895706
4.0 0.1209273183 0.7249488752000001 0.054720133600000005 0.2351738241
11.0 0.1629072682 0.7893660532000001 0.0309106099 0.408997955
16.0 0.20008354220000002 0.8967280164 0.0250626566 0.1656441717
0.0 0.6409774436 0.5102249489 0.7121971596000001 0.06339468300000001
18.0 0.269005848 0.3077709612 0.0275689223 0.33333333330000003
47.0 0.3851294904 0.3486707566 0.1436925648 0.2842535787
21.0 0.47786132000000003 0.1319018405 0.0233918129 0.2229038854
38.0 0.5419799498 0.28936605320000003 0.0488721805 0.263803681
9.0 0.5893901420000001 0.2648261758 0.0317460318 0.2024539877
10.0 0.6261487051 0.30981595100000003 0.0384294068 0.0429447853
15.0 0.6708437761 0.2668711656 0.0350877193 0.2638036809
50.0 0.7930242272 0.2852760736 0.1516290727 0.2965235174
14.0 0.8874269006000001 0.14621676890000002 0.0497076024 0.2106339468
38.0 0.9609440268 0.2965235174 0.0497076023 0.27402862980000003
20.0 0.6232247284 0.6472392638000001 0.0334168755 0.3047034764
