42.0 0.0694087404 0.6448598131000001 0.13239074550000002 0.3411214953
29.0 0.0212082262 0.8679906542 0.025706940900000003 0.15186915880000001
45.0 0.0588046272 0.9007009346 0.0520565553 0.0443925234
20.0 0.10636246790000001 0.910046729 0.014781491 0.1285046729
0.0 0.5742287918 0.7429906542 0.8502570694 0.0981308412
2.0 0.2011568124 0.3387850468 0.0372750643 0.31308411210000003
29.0 0.2506426735 0.3341121495 0.0462724936 0.2570093458
10.0 0.29562982 0.39602803740000003 0.0385604113 0.0257009346
19.0 0.33708226220000004 0.3808411215 0.0276349614 0.1588785046
5.0 0.3714652956 0.4264018692 0.0179948586 0.3948598131
2.0 0.4103470437 0.3913551402 0.0392030848 0.3808411215
7.0 0.6272493574 0.4696261682 0.3804627249 0.785046729
14.0 0.6092544988 0.3925233645 0.055269922900000004 0.2196261682
19.0 0.6574550129 0.3890186916 0.0321336761 0.1705607476
29.0 0.697622108 0.37032710280000003 0.037917737800000004 0.30607476640000003
9.0 0.7512853471000001 0.3691588785 0.0449871465 0.2196261682
19.0 0.8017352185000001 0.3691588785 0.0314910026 0.144859813
9.0 0.8431876607000001 0.37032710280000003 0.0411311054 0.2219626168
18.0 0.8968508998 0.363317757 0.0366323907 0.20794392520000002
5.0 0.9338046272 0.39018691580000003 0.0128534705 0.3457943925
18.0 0.3849614396 0.8609813084 0.0398457584 0.2313084112
14.0 0.440874036 0.8679906542 0.053984575800000004 0.20794392520000002
29.0 0.49453727500000005 0.8119158878 0.0404884319 0.2546728971
9.0 0.549807198 0.8434579439000001 0.0494858611 0.2102803738
17.0 0.5996143958 0.851635514 0.0385604113 0.20327102800000002
10.0 0.6449228791 0.8761682243000001 0.035347043700000004 0.023364486
19.0 0.6895886889 0.8586448599000001 0.029562982 0.1565420561
14.0 0.7403598972000001 0.8539719626000001 0.052699228800000004 0.1939252336
