42.0 0.11084905660000001 0.40163934430000003 0.212264151 0.36065573770000003
28.0 0.2603773585 0.7240437158 0.0358490566 0.2677595629
45.0 0.30849056610000003 0.7131147541 0.0509433963 0.0765027322
1.0 0.387264151 0.6379781421 0.0632075471 0.0737704918
0.0 0.7264150943000001 0.5519125683 0.45660377360000004 0.0819672132
43.0 0.6099056604 0.2103825137 0.1726415094 0.3661202186
15.0 0.7264150944000001 0.349726776 0.0339622641 0.1912568306
13.0 0.7655660377 0.3551912568 0.0349056604 0.2240437159
14.0 0.891509434 0.2049180328 0.1018867925 0.2950819672
43.0 0.6080188679 0.6926229508 0.1783018868 0.3524590164
14.0 0.7495283019000001 0.8756830602000001 0.0896226415 0.2431693989
18.0 0.8132075472 0.8251366120000001 0.056603773600000004 0.1912568306
21.0 0.9165094340000001 0.7431693989 0.05 0.3715846994
