42.0 0.0304690925 0.6237458194000001 0.0591845682 0.2775919732
29.0 0.0793511618 0.8478260870000001 0.015782551500000002 0.2107023411
45.0 0.1001753617 0.8745819398 0.021481806200000002 0.056856187200000005
4.0 0.1356861026 0.6755852842 0.023235423 0.1739130435
11.0 0.1593599298 0.7709030101000001 0.0258658483 0.3177257525
15.0 0.174484875 0.8511705686000001 0.0184129767 0.237458194
47.0 0.2612889084 0.6304347826000001 0.0990793512 0.25083612040000003
16.0 0.3209118808 0.3244147157 0.021920210500000002 0.2341137124
29.0 0.371766769 0.5702341137 0.0227970189 0.3578595318
9.0 0.4153879877 0.5685618729 0.0407715914 0.2341137124
42.0 0.4945199474 0.5568561873 0.079789566 0.3444816054
29.0 0.5600613766 0.8645484950000001 0.0206049978 0.2575250836
45.0 0.5911880754000001 0.8862876254000001 0.0320035072 0.0668896321
4.0 0.6348092942 0.6438127090000001 0.0298114862 0.18394648830000002
11.0 0.6887330118 0.7090301003 0.054362121900000004 0.48829431440000004
18.0 0.7172292854 0.8344481606 0.0263042526 0.2775919733
48.0 0.8305567734 0.5117056856000001 0.1126698817 0.347826087
14.0 0.8974134152000001 0.1939799331 0.028934677800000003 0.29431438120000003
29.0 0.9739149496 0.4381270903 0.0328803156 0.3946488294
