42.0 0.156114484 0.43830334190000003 0.2636600173 0.3727506426
31.0 0.0888985256 0.8341902314 0.042497831800000004 0.17737789210000002
45.0 0.1331309627 0.8598971722000001 0.039028621 0.0745501285
13.0 0.1751951431 0.79562982 0.010407632200000001 0.1825192803
10.0 0.2038161318 0.6722365039 0.0346921075 0.0179948586
0.0 0.6786643538 0.5231362468 0.6409366869 0.028277635000000002
3.0 0.515177797 0.2544987146 0.0121422377 0.4832904885
31.0 0.5745880312 0.22622107970000002 0.08065915 0.2519280206
10.0 0.6539462272000001 0.2712082262 0.0624457936 0.0231362468
14.0 0.7437120556 0.2390745502 0.09106678230000001 0.3033419023
6.0 0.8074588031000001 0.2544987146 0.012142237600000001 0.4832904885
31.0 0.3950563747 0.7544987146000001 0.0719861232 0.2956298201
19.0 0.4822202949 0.6503856041 0.07632263660000001 0.21079691520000002
9.0 0.5758889852 0.7185089974000001 0.0797918473 0.24421593830000002
10.0 0.6630529055000001 0.7699228792 0.0598438855 0.028277635000000002
31.0 0.739375542 0.7390745502 0.0650477017 0.2750642673
9.0 0.8456201214 0.7172236504 0.09019947960000001 0.2416452442
16.0 0.9301821336 0.7750642674 0.066782307 0.43444730070000004
