42.0 0.14091403700000002 0.25942028980000004 0.26659412400000004 0.4724637681
39.0 0.06202393900000001 0.6376811594 0.0696409141 0.16231884060000001
45.0 0.14798694240000002 0.6594202898 0.08922742110000001 0.0666666667
16.0 0.23939064200000001 0.6202898551 0.058759521200000005 0.231884058
10.0 0.374319913 0.24492753620000002 0.0631120783 0.0434782609
14.0 0.471164309 0.24057971020000002 0.0826985854 0.2782608695
0.0 0.7328618063 0.2753623188 0.416757345 0.0637681159
39.0 0.7687704026000001 0.1347826087 0.1055495104 0.2463768116
7.0 0.7878128400000001 0.6492753624000001 0.3960826985 0.6898550725
39.0 0.8487486398 0.6391304348 0.10663764960000001 0.263768116
9.0 0.9216539717000001 0.5289855072 0.0609357998 0.2289855073
13.0 0.9738846572000001 0.5971014492 0.0087051143 0.3420289855
