27.0 0.040433925 0.8782327586 0.06508875730000001 0.2090517241
42.0 0.18408941480000002 0.28879310340000003 0.1551610783 0.2931034483
38.0 0.11078238 0.6627155172 0.0545693622 0.1400862069
45.0 0.16009204470000002 0.6993534483 0.042735042800000005 0.0926724138
20.0 0.2107166338 0.6346982758 0.0322156476 0.1314655173
9.0 0.2501643656 0.5193965517 0.0361604207 0.09913793100000001
48.0 0.4079552926 0.3362068966 0.16633793560000001 0.2629310345
38.0 0.5752794214 0.37931034490000004 0.0854700855 0.1982758621
0.0 0.7751479290000001 0.4773706896 0.3366206444 0.07543103450000001
49.0 0.6975673898 0.1918103448 0.0841551611 0.2715517241
2.0 0.7909270217000001 0.2650862069 0.0341880342 0.3577586206
13.0 0.8050624589 0.1993534483 0.008547008600000001 0.1918103448
9.0 0.8435239973 0.2230603448 0.0578566733 0.1530172414
38.0 0.929651545 0.27047413800000003 0.0867850099 0.2004310345
5.0 0.9825772518 0.3049568966 0.020381328 0.3599137931
46.0 0.7590401052 0.619612069 0.2136752136 0.2435344827
38.0 0.9424720578 0.6109913793 0.0848126233 0.1961206896
