42.0 0.0732052007 0.4241982507 0.1204070096 0.3352769679
40.0 0.1650650085 0.8250728863 0.032786885200000004 0.2623906706
45.0 0.2074618429 0.7536443149000001 0.0361786319 0.1020408163
18.0 0.2430751837 0.7215743440000001 0.0237422272 0.195335277
0.0 0.6124929338 0.6049562682 0.7252685133 0.07288629740000001
2.0 0.3247597512 0.31195335280000003 0.027699265100000002 0.37317784260000003
40.0 0.3603730922 0.3688046648 0.0491803279 0.3469387755
10.0 0.39966082540000003 0.2755102041 0.0203504805 0.026239067
20.0 0.4414923686 0.2594752186 0.0474844545 0.3206997085
5.0 0.47343131720000003 0.28279883380000004 0.0265686829 0.3440233236
2.0 0.5056529112 0.3192419825 0.0220463539 0.3819241982
7.0 0.7037874505 0.3265306122 0.3538722442 0.6297376093
19.0 0.6433013002 0.2419825072 0.042962125500000004 0.2857142857
14.0 0.6865460712 0.24489795920000001 0.0423968344 0.2740524782
40.0 0.7379875636000001 0.34548104960000003 0.0491803278 0.31778425650000003
9.0 0.7950819672 0.2201166181 0.053702656800000005 0.195335277
15.0 0.8462408140000001 0.2332361516 0.0384397965 0.2857142858
9.0 0.8923120407 0.2551020408 0.052572074600000004 0.2419825073
15.0 0.9468626343000001 0.2390670554 0.040700961 0.2915451895
5.0 0.9790842284000001 0.28279883380000004 0.028264556200000002 0.3440233236
20.0 0.5559638214 0.7069970846 0.0435274166 0.27113702630000003
19.0 0.5963821368000001 0.7725947522000001 0.0350480498 0.3148688046
40.0 0.6469756924 0.8323615160000001 0.0491803279 0.31778425650000003
10.0 0.6856981345000001 0.7609329446 0.0192198983 0.0233236152
16.0 0.7165065008 0.7026239067000001 0.029960429700000003 0.250728863
18.0 0.7563595252 0.7026239067000001 0.036178632 0.2390670554
