42.0 0.1427225624 0.2112299466 0.1639189826 0.4010695187
28.0 0.0240226095 0.734402852 0.0433349034 0.2424242425
45.0 0.0739519548 0.7174688057 0.046161092800000005 0.0802139038
4.0 0.165567593 0.5793226381000001 0.0871408384 0.1889483066
11.0 0.2110221385 0.7139037433000001 0.064060292 0.5008912656
18.0 0.25718323120000003 0.7664884136 0.0263777673 0.16755793230000002
50.0 0.4203956666 0.36452762920000004 0.2086669807 0.2655971479
15.0 0.5433349034 0.2736185383 0.023080546400000002 0.17290552580000002
28.0 0.6022138483 0.5561497326 0.0532265662 0.34581105170000004
9.0 0.6582666039 0.5080213903 0.0551106924 0.1461675579
47.0 0.8101742816 0.49732620320000004 0.1921808761 0.2139037433
20.0 0.9168629298000001 0.4376114082 0.0249646726 0.1265597148
28.0 0.9740932642000001 0.6960784314 0.049929345300000004 0.3012477718
