42.0 0.0971014493 0.47784810120000004 0.1550724638 0.1371308017
28.0 0.0217391304 0.8934599156 0.0289855073 0.1751054852
45.0 0.0576086956 0.8259493670000001 0.0384057971 0.0569620253
12.0 0.11268115940000001 0.8217299578 0.034057971 0.1455696202
9.0 0.15217391300000002 0.6666666667000001 0.0362318841 0.14345991560000002
0.0 0.6550724638000001 0.5126582278 0.6869565217 0.0253164557
21.0 0.3467391305 0.24683544300000002 0.0369565217 0.22784810130000002
9.0 0.40217391300000005 0.2753164557 0.0478260869 0.1835443038
10.0 0.4594202899 0.2974683544 0.0376811595 0.0337552743
14.0 0.5115942029 0.2848101266 0.046376811600000005 0.18143459920000002
50.0 0.6666666667000001 0.2710970464 0.1666666667 0.16244725740000002
18.0 0.8050724638000001 0.1139240506 0.0449275362 0.1476793249
28.0 0.8949275362 0.358649789 0.037681159400000004 0.1983122363
47.0 0.3384057971 0.7141350211 0.1869565218 0.1962025316
28.0 0.5065217392 0.7921940928000001 0.0405797101 0.2257383966
9.0 0.5583333334 0.7088607595 0.052898550700000005 0.2109704642
28.0 0.6119565218 0.773206751 0.0384057971 0.2004219409
46.0 0.745289855 0.7405063291 0.1601449275 0.2320675106
17.0 0.8884057971 0.5864978903 0.037681159400000004 0.1265822784
28.0 0.9768115942000001 0.7911392405000001 0.0347826087 0.22362869200000002
