42.0 0.0949134767 0.2 0.1394861038 0.307368421
39.0 0.0222863136 0.4715789474 0.024646040900000003 0.1768421053
45.0 0.0744625066 0.45789473680000004 0.0629260619 0.1157894737
1.0 0.1345044572 0.4684210526 0.0456213949 0.1326315789
0.0 0.5867855270000001 0.31157894740000003 0.6995280546 0.0378947369
15.0 0.6051389617 0.1568421053 0.0325117986 0.2505263158
7.0 0.4014158364 0.6336842106 0.37493445200000003 0.5852631579
39.0 0.3484530676 0.6621052632000001 0.0361824855 0.2084210527
16.0 0.3848977451 0.5494736843 0.0251704247 0.1852631579
9.0 0.4231777661 0.6378947369 0.0304142632 0.16842105270000002
17.0 0.4748295752 0.5852631579 0.0498164657 0.1515789474
41.0 0.5217619298 0.66 0.0398531725 0.2042105264
39.0 0.566072365 0.6505263158 0.0340849502 0.19368421060000002
9.0 0.611169376 0.6368421052000001 0.0340849502 0.1663157895
15.0 0.6497115889 0.6389473684 0.031463031 0.24631578950000002
7.0 0.8306240168 0.6610526316 0.3135815417 0.6484210526
39.0 0.8088620871000001 0.6736842106 0.033036182500000004 0.2231578947
21.0 0.8476664919 0.5221052632000001 0.026743576300000002 0.1936842105
9.0 0.8945988464 0.6389473684 0.0346093341 0.1705263158
19.0 0.9355007866 0.6178947369000001 0.0367068694 0.1957894737
39.0 0.9771893026 0.6421052631 0.0309386471 0.1810526315
