42.0 0.0310690424 0.0601233299 0.0354120267 0.1099691676
34.0 0.0077951002 0.1536485098 0.0084632517 0.0606372045
45.0 0.0211581292 0.1829393628 0.0187082405 0.0431654676
1.0 0.0394209354 0.16443987670000001 0.0129175946 0.0349434738
0.0 0.2719376392 0.30832476880000004 0.4111358574 0.2240493319
21.0 0.2555679288 0.20606372050000002 0.0153674833 0.1181911613
7.0 0.1249443207 0.3972250771 0.1590200446 0.24768756420000002
34.0 0.10489977730000001 0.2954779034 0.012026726000000001 0.0811921891
17.0 0.1240534521 0.2595066804 0.0227171492 0.085303186
9.0 0.1491091314 0.3263103802 0.022494432 0.0750256937
10.0 0.1674832962 0.3556012333 0.0124721604 0.0164439876
18.0 0.185857461 0.345323741 0.018485523400000002 0.10894141830000001
40.0 0.2018930958 0.39465570400000005 0.021603563500000002 0.14799588900000002
34.0 0.2218262806 0.3807810894 0.0129175947 0.0873586845
9.0 0.2412026726 0.38591983560000004 0.0231625836 0.06885919830000001
10.0 0.2621380846 0.42189105860000004 0.014253897500000001 0.0154162384
18.0 0.2799554566 0.4059609455 0.0187082405 0.1048304214
7.0 0.378285078 0.5770811922 0.1864142539 0.2661870504
34.0 0.3465478842 0.4696813977 0.015144766200000001 0.0945529291
17.0 0.3682628062 0.4254881809 0.026503340700000003 0.0924974306
9.0 0.3948775056 0.5010277492 0.0231625835 0.0811921891
10.0 0.4204899777 0.5308324769 0.0151447661 0.0215827338
21.0 0.4393095768 0.5354573484 0.0175946548 0.1192189106
34.0 0.4591314031 0.5472764646 0.014031180400000001 0.0955806783
0.0 0.7069042316 0.5765673176 0.4815144766 0.2918807811
7.0 0.5987750557 0.38746145940000004 0.20957683740000002 0.2404933196
34.0 0.5604677060000001 0.32476875650000003 0.0158129176 0.0883864337
15.0 0.5791759465 0.2687564234 0.0158129175 0.06885919830000001
9.0 0.6069042316000001 0.34840698870000003 0.0293986637 0.0842754368
10.0 0.6340757238 0.38180883860000003 0.018262806200000002 0.0195272353
20.0 0.6569042316 0.387975334 0.0247216036 0.161356629
40.0 0.679844098 0.4044193217 0.0202672606 0.1408016444
34.0 0.7050111359 0.41366906480000004 0.0175946548 0.1038026721
9.0 0.7330734966 0.428057554 0.0340757239 0.0935251799
7.0 0.8559020044000001 0.44655704 0.2097995545 0.2559095581
34.0 0.8236080178 0.47893114080000004 0.0187082405 0.10071942440000001
21.0 0.8435412026 0.43987667 0.0171492205 0.0945529291
9.0 0.8778396436 0.5210688592 0.0385300669 0.1048304214
10.0 0.9079064588 0.5519013361 0.0220489978 0.0205549846
20.0 0.9318485524000001 0.5483042138 0.025835189300000002 0.1634121274
34.0 0.9584632516 0.5770811922 0.0198218263 0.12435765680000001
7.0 0.574610245 0.7461459404 0.2022271715 0.3021582734
34.0 0.544766147 0.6181911614000001 0.016481069 0.1120246659
14.0 0.5603563474000001 0.5642343268000001 0.0133630289 0.0822199383
9.0 0.5851893096 0.6356628983 0.028730512200000002 0.0914696814
10.0 0.6122494432000001 0.6675231244000001 0.0169265034 0.0195272353
19.0 0.6358574610000001 0.6562178828 0.0200445434 0.1181911613
40.0 0.6572383074 0.7009249743 0.026726057900000003 0.1500513874
34.0 0.6831848552 0.704008222 0.018485523400000002 0.102774923
9.0 0.7092427617 0.7230215827 0.0322939866 0.0955806783
7.0 0.8639198218 0.8674203494 0.2663697105 0.2384378212
34.0 0.8013363029 0.7877697842 0.0195991092 0.1079136691
18.0 0.8214922049000001 0.7276464542000001 0.018485523400000002 0.0883864337
9.0 0.8538975501 0.8196300102 0.034298441 0.0894141829
10.0 0.8828507795 0.8617677286000001 0.0169265034 0.0174717369
17.0 0.9221603564 0.8622816033 0.0474387527 0.16032887980000002
34.0 0.963363029 0.9075025694000001 0.020267260500000002 0.12127440900000001
