42.0 0.0492992993 0.40524193550000004 0.0965965966 0.3911290322
25.0 0.1111111111 0.7862903226 0.022022022000000002 0.1693548387
45.0 0.1416416416 0.7540322581000001 0.033033033100000005 0.12096774190000001
0.0 0.213963964 0.7762096774 0.0625625625 0.0282258064
4.0 0.1936936937 0.6733870968 0.023023023 0.1290322581
20.0 0.1964464464 0.9072580645 0.0165165165 0.1774193548
47.0 0.3218218218 0.48991935480000004 0.1191191191 0.2540322581
16.0 0.3926426427 0.15725806450000002 0.0185185185 0.29838709680000003
25.0 0.44994995 0.5262096774 0.0280280281 0.2540322581
9.0 0.4837337338 0.44556451620000004 0.0265265265 0.3346774193
42.0 0.586086086 0.4778225806 0.1051051051 0.4879032258
25.0 0.6408908909000001 0.7762096774 0.0205205206 0.15725806450000002
45.0 0.6721721722 0.75 0.032032032 0.1129032258
0.0 0.7144644644 0.7943548387 0.0205205205 0.0483870968
4.0 0.7249749750000001 0.6693548387 0.0235235235 0.1532258064
14.0 0.7282282282 0.8991935484 0.023023023 0.1693548387
50.0 0.8443443444000001 0.44556451620000004 0.1071071071 0.3669354839
20.0 0.9234234234 0.1370967742 0.022022022000000002 0.2661290322
25.0 0.9837337338000001 0.5060483871 0.0275275275 0.2298387096
