42.0 0.1003363228 0.3807531381 0.1984304933 0.5355648536000001
30.0 0.2427130045 0.6569037657 0.0414798206 0.26778242680000003
45.0 0.2998878924 0.7489539749 0.0706278027 0.13389121340000001
0.0 0.4803811659 0.7635983263 0.0661434978 0.0376569037
4.0 0.43665919280000004 0.610878661 0.0997757848 0.2092050209
17.0 0.4562780269 0.8953974896 0.051569506800000005 0.2008368201
0.0 0.8183856502 0.4518828452 0.33632287 0.0334728034
47.0 0.7522421524 0.27615062760000003 0.2242152467 0.27615062760000003
30.0 0.9652466368 0.21966527200000002 0.0582959641 0.4142259414
48.0 0.7584080717 0.7573221757 0.1603139013 0.3347280335
30.0 0.9433856502 0.6757322176 0.0571748879 0.42259414230000003
