42.0 0.0847889374 0.4220430108 0.15356623 0.43010752690000004
35.0 0.2194323144 0.626344086 0.0443959243 0.2258064516
45.0 0.27401746720000003 0.7029569893000001 0.0502183407 0.12096774190000001
17.0 0.3395196506 0.6102150538000001 0.0443959243 0.3010752688
0.0 0.7227074235000001 0.6008064516 0.5283842795 0.120967742
27.0 0.5323871906000001 0.4072580645 0.0633187773 0.2338709678
35.0 0.594614265 0.19758064520000002 0.0480349345 0.25
9.0 0.6499272198 0.3494623656 0.037845706 0.1451612904
48.0 0.7605531296 0.3306451613 0.1120815139 0.2741935484
35.0 0.8839155750000001 0.3629032258 0.0458515284 0.2204301076
19.0 0.443231441 0.8172043011 0.0334788937 0.2903225806
15.0 0.49417758370000003 0.8346774193000001 0.0436681222 0.2822580645
35.0 0.5403930131 0.8427419355 0.0414847162 0.24462365590000001
14.0 0.5927947598000001 0.6478494624000001 0.0414847162 0.2311827957
9.0 0.6513828239 0.8104838710000001 0.037845706 0.1424731183
17.0 0.7070596797 0.8266129032 0.0473071325 0.3198924731
15.0 0.750363901 0.8037634409000001 0.0422125182 0.2419354839
35.0 0.7991266376 0.8198924731 0.0436681223 0.21505376340000001
9.0 0.8478893741 0.8198924731 0.037845706 0.1559139785
13.0 0.8962882096 0.8360215054 0.040029112000000006 0.2634408602
12.0 0.9556040757 0.7997311828 0.0494905386 0.20698924740000002
