42.0 0.124497992 0.459574468 0.2088353414 0.2085106383
25.0 0.2737617136 0.6595744680000001 0.0388219545 0.07659574470000001
45.0 0.3319946452 0.6510638298 0.0776439089 0.0638297872
1.0 0.4250334672 0.6276595744 0.060240963800000005 0.0468085107
0.0 0.7864792504 0.5159574468 0.4243641231 0.0234042554
0.0 0.8386880856000001 0.2659574468 0.31994645250000003 0.0212765958
43.0 0.688085676 0.1329787234 0.1044176707 0.2106382978
17.0 0.7724230254000001 0.1755319149 0.040160642600000004 0.08297872340000001
14.0 0.8340026774 0.17021276600000002 0.0642570281 0.1063829787
25.0 0.9350736278 0.1085106383 0.0307898259 0.0765957446
43.0 0.686746988 0.3808510638 0.0910307899 0.21276595750000002
14.0 0.7918340027 0.40957446810000003 0.06291834 0.1
16.0 0.8373493976 0.4021276596 0.033467202200000004 0.09787234040000001
21.0 0.9303882196000001 0.335106383 0.0214190093 0.09148936170000001
0.0 0.7958500669 0.7765957447 0.2797858099 0.0170212766
43.0 0.6874163320000001 0.6329787234 0.10307898260000001 0.19361702120000002
17.0 0.7751004016 0.6978723404 0.0428380188 0.0936170213
14.0 0.8319946452 0.6925531915 0.0629183401 0.1170212766
25.0 0.9330655958 0.6223404256 0.0294511379 0.07872340430000001
43.0 0.6994645248 0.8744680851000001 0.10307898260000001 0.1872340426
21.0 0.7751004016 0.9297872340000001 0.024096385600000002 0.1063829787
14.0 0.827309237 0.9234042553 0.0589022757 0.1021276596
12.0 0.9297188755 0.8436170213 0.0254350736 0.0872340426
