27.0 0.0870307168 0.89 0.0875995449 0.215
42.0 0.3418657566 0.2775 0.2810011377 0.33
39.0 0.2258248009 0.65375 0.055745165000000006 0.0975
45.0 0.2855517634 0.7037500000000001 0.06370875990000001 0.08750000000000001
13.0 0.3606370876 0.64375 0.03185438 0.1275
9.0 0.4197952218 0.5012500000000001 0.059158134300000005 0.0975
19.0 0.5927189988 0.28125 0.06370875990000001 0.2525
0.0 0.8395904437 0.395 0.3094425484 0.025
49.0 0.7502844141 0.20875000000000002 0.1422070534 0.28250000000000003
39.0 0.9192263936 0.28750000000000003 0.0796359499 0.19
16.0 0.7377701934 0.5650000000000001 0.0739476678 0.335
11.0 0.7935153584 0.7325 0.0967007963 0.34500000000000003
39.0 0.866894198 0.775 0.0796359499 0.195
