42.0 0.11556291390000001 0.5168674699 0.18741721860000002 0.3590361446
36.0 0.0685430464 0.8590361446 0.0430463577 0.1710843374
45.0 0.1195364238 0.8590361446 0.0443708609 0.0891566265
1.0 0.17483443710000002 0.8072289156 0.042384106000000005 0.1012048193
0.0 0.4430463576 0.5192771085 0.3443708609 0.11325301210000001
43.0 0.3178807947 0.2891566265 0.1311258278 0.32289156620000004
13.0 0.4301324503 0.3951807228 0.019205298000000003 0.2265060241
12.0 0.46523178810000004 0.37710843380000003 0.0523178808 0.19518072290000002
36.0 0.5688741722 0.24337349400000002 0.0834437086 0.26506024100000003
43.0 0.3625827814 0.7337349397 0.1543046357 0.3301204819
13.0 0.457615894 0.8240963856 0.0185430463 0.2265060241
12.0 0.49370860920000004 0.8156626506 0.0536423841 0.20963855420000002
17.0 0.5801324504 0.6120481928 0.0543046357 0.2554216867
0.0 0.8046357616 0.4325301205 0.3695364238 0.1373493976
43.0 0.7029801324 0.2072289156 0.1304635761 0.3036144579
13.0 0.7880794702 0.2951807228 0.0158940398 0.19518072290000002
14.0 0.8261589404 0.2831325302 0.0562913908 0.1855421687
18.0 0.9016556292000001 0.1265060241 0.0589403973 0.2337349398
43.0 0.7029801324 0.630120482 0.1172185431 0.3108433735
17.0 0.813576159 0.7000000000000001 0.0337748345 0.1855421686
16.0 0.859602649 0.7108433735 0.047682119200000005 0.2602409638
36.0 0.9221854304 0.5397590362 0.0589403973 0.2168674699
