42.0 0.0595708639 0.4945504088 0.11801242240000001 0.4114441417
23.0 0.1496329758 0.7983651226 0.0282326369 0.1689373297
45.0 0.1891586674 0.7724795640000001 0.039525691700000004 0.068119891
19.0 0.2346132129 0.7479564033 0.0333145116 0.1880108992
9.0 0.27018633540000003 0.5749318801000001 0.0265386788 0.1798365122
0.0 0.6533032185000001 0.6471389646 0.6911349520000001 0.1444141689
10.0 0.4251835122 0.44414168940000004 0.0248447205 0.0217983651
17.0 0.4672501412 0.46321525880000003 0.0491247883 0.1852861035
48.0 0.5838509317 0.4155313352 0.11970638060000001 0.2697547683
23.0 0.6778656126 0.4700272479 0.0310559007 0.1444141689
46.0 0.766798419 0.4822888283 0.1095426313 0.22888283380000002
12.0 0.8540372671 0.2547683924 0.023150762300000002 0.23705722070000002
23.0 0.9116318464000001 0.4782016348 0.026538678700000002 0.1553133515
2.0 0.3492377188 0.8010899182000001 0.014116318400000001 0.3215258855
18.0 0.3896103896 0.8119891008 0.0417843026 0.2670299728
9.0 0.4246188594 0.8228882834 0.0271033314 0.174386921
21.0 0.4528514964 0.7820163488 0.0225861095 0.2779291553
23.0 0.48193111240000003 0.8378746594 0.0242800677 0.144414169
47.0 0.5889328063 0.8760217984 0.1321287408 0.24795640330000002
23.0 0.7007340486 0.8365122616 0.023715415 0.1416893733
5.0 0.7340485602 0.8119891008 0.0225861095 0.3324250681
46.0 0.8297571993 0.8405994550000001 0.11801242240000001 0.21525885560000002
20.0 0.9189723320000001 0.6675749318 0.0355731225 0.1961852861
23.0 0.9833427442 0.8433242507 0.0299265952 0.1498637602
