42.0 0.1404145078 0.47108208960000003 0.27461139900000003 0.2630597015
37.0 0.321761658 0.6371268657 0.07150259070000001 0.11753731340000001
45.0 0.3984455958 0.619402985 0.0673575129 0.0559701493
1.0 0.4797927462 0.5951492538 0.0580310881 0.0597014925
0.0 0.7792746114 0.5083955224 0.4310880829 0.0391791045
0.0 0.7523316062000001 0.26212686560000004 0.3088082902 0.0130597015
21.0 0.6549222798000001 0.1781716418 0.0352331606 0.1287313433
12.0 0.7062176166 0.17164179100000002 0.048704663200000005 0.1343283582
14.0 0.7647668394 0.1791044776 0.0642487047 0.1231343284
37.0 0.8352331606000001 0.1828358209 0.0621761658 0.0858208956
14.0 0.8974093264 0.07462686560000001 0.0580310881 0.11194029850000001
20.0 0.9559585492 0.058768656700000005 0.03626943 0.11380597020000001
37.0 0.7378238342 0.44029850740000004 0.058031088 0.1007462687
16.0 0.8020725389000001 0.348880597 0.0455958549 0.1380597015
12.0 0.8528497410000001 0.34794776120000004 0.0455958549 0.13246268660000002
16.0 0.903626943 0.3367537313 0.045595855000000005 0.1212686567
0.0 0.8440414508 0.7294776119 0.2621761658 0.0447761194
21.0 0.8305699482000001 0.6389925373 0.0321243524 0.1361940298
14.0 0.7414507772000001 0.8619402985 0.0694300518 0.1343283582
7.0 0.8715025907 0.8470149254 0.16580310880000002 0.2537313433
39.0 0.9414507772 0.8554104478000001 0.0466321244 0.1399253731
