42.0 0.18086500660000002 0.4238921002 0.3433813893 0.2697495183
29.0 0.0458715596 0.6136801542 0.0550458715 0.1368015415
45.0 0.1664482306 0.6310211946000001 0.1363040629 0.0674373796
1.0 0.29161205770000004 0.6348747592 0.1009174312 0.0712909441
0.0 0.6618610748 0.521194605 0.43774574050000004 0.0443159923
0.0 0.7273918742000001 0.29576107900000004 0.5216251638 0.0674373796
43.0 0.6382699869 0.1560693642 0.1939711664 0.2119460501
19.0 0.753604194 0.2312138728 0.0314547837 0.0809248555
17.0 0.8132372215 0.22543352600000002 0.056356487600000005 0.0578034682
29.0 0.9102228047 0.18882466280000001 0.0484927916 0.1310211946
43.0 0.617955439 0.4055876686 0.1952817825 0.22928709060000002
14.0 0.7450851900000001 0.45183044320000004 0.0484927916 0.0789980732
16.0 0.8014416776000001 0.4691714836 0.035386631700000004 0.0867052023
14.0 0.8997378768000001 0.41425818880000004 0.0615989516 0.1156069364
0.0 0.6828309306 0.7736030828 0.4665792923 0.017341040500000002
43.0 0.5943643513 0.6319845857 0.1664482307 0.1811175337
17.0 0.7483617300000001 0.6820809248 0.057667103600000005 0.0539499037
21.0 0.7955439056 0.6955684008 0.0445609437 0.0886319846
29.0 0.8925294888 0.6396917149 0.0471821757 0.13872832370000002
43.0 0.5950196592 0.8901734104000001 0.1834862385 0.20809248560000002
19.0 0.7300131061 0.921965318 0.0393184797 0.0751445087
15.0 0.7706422019 0.9248554914 0.0314547837 0.09248554910000001
14.0 0.8787680210000001 0.859344894 0.0668414155 0.11946050100000001
