42.0 0.0667365479 0.47000000000000003 0.1292802236 0.30000000000000004
23.0 0.1593291405 0.7566666666 0.0237596087 0.10666666670000001
45.0 0.1918238994 0.7266666666 0.030048916800000002 0.046666666700000005
21.0 0.22536687630000002 0.735 0.018867924600000002 0.1766666666
9.0 0.2463312369 0.5133333333 0.018867924600000002 0.1
0.0 0.6652690426 0.5366666666000001 0.6666666667000001 0.0733333333
0.0 0.4482879106 0.2966666666 0.08455625430000001 0.0266666667
26.0 0.4598183088 0.20166666660000002 0.0251572327 0.1633333333
26.0 0.4482879106 0.4166666667 0.028651292800000002 0.18
23.0 0.4716981132 0.43 0.0251572327 0.1
2.0 0.5216631726000001 0.2816666667 0.023060796600000003 0.25
17.0 0.5541579315 0.2716666666 0.030747728800000002 0.1833333333
9.0 0.5887491264 0.275 0.0244584207 0.13
10.0 0.6139063592 0.28 0.0174703005 0.0333333334
21.0 0.640461216 0.2733333334 0.0258560447 0.2133333333
44.0 0.7334032146 0.3033333333 0.1041229909 0.18
14.0 0.8067784766 0.075 0.0244584207 0.13666666660000001
23.0 0.8710691824000001 0.3266666666 0.0314465409 0.1533333333
5.0 0.9056603774 0.2816666666 0.0195667365 0.2766666667
0.0 0.3420684835 0.7766666666 0.0747728861 0.0266666667
26.0 0.3756114605 0.6883333334 0.027253668800000002 0.1833333333
26.0 0.3609364081 0.885 0.025856044800000002 0.1633333334
23.0 0.3888888889 0.9233333334 0.028651292800000002 0.1133333333
2.0 0.4381551362 0.7483333333000001 0.0251572327 0.23
48.0 0.5272536688 0.7633333334 0.0943396227 0.2066666667
23.0 0.6243885395000001 0.8 0.034241789 0.1466666666
9.0 0.6596785464 0.7516666666 0.0251572327 0.1233333333
23.0 0.6953179595 0.8083333334 0.0377358491 0.1566666667
50.0 0.8099231307 0.7666666667 0.13417190780000002 0.24
18.0 0.8867924528000001 0.6183333333000001 0.0307477289 0.17
23.0 0.9570230608 0.7883333333 0.032844165 0.13
5.0 0.9895178198000001 0.74 0.0181691125 0.2466666666
