42.0 0.1212825279 0.3952095808 0.2388475836 0.43113772450000004
38.0 0.3034386617 0.616766467 0.0882899628 0.2874251497
45.0 0.4014869888 0.6676646706 0.0669144981 0.0838323353
1.0 0.4962825279 0.5808383234 0.0706319702 0.1137724551
0.0 0.8029739777 0.502994012 0.3605947956 0.0359281437
27.0 0.7286245353 0.371257485 0.0557620818 0.1976047904
38.0 0.8303903346 0.16616766460000001 0.1050185874 0.3083832335
38.0 0.6756505576 0.8368263473 0.08921933080000001 0.3023952096
9.0 0.7704460966000001 0.8083832336000001 0.0576208179 0.1856287425
13.0 0.8550185874 0.7994011976000001 0.0836431227 0.3413173652
17.0 0.9196096654 0.6452095808 0.062267658000000004 0.2784431137
