42.0 0.065532223 0.6843629344000001 0.1035481535 0.1833976834
28.0 0.0427226647 0.8725868726 0.0304127444 0.15057915060000002
45.0 0.07748008690000001 0.7944015444 0.026068066600000002 0.0444015444
13.0 0.1147719044 0.7750965251 0.0238957277 0.0868725868
0.0 0.5785662564 0.5415057915 0.7994207097 0.2876447876
0.0 0.24692252 0.3706563707 0.0883417813 0.0386100386
26.0 0.24837074580000001 0.2963320464 0.026068066600000002 0.1293436293
26.0 0.22664735700000002 0.4527027027 0.027516292600000002 0.1254826254
28.0 0.2722664736 0.5241312742 0.0419985518 0.1640926641
2.0 0.3287472846 0.31853281850000004 0.0144822592 0.166023166
27.0 0.3671252716 0.3465250965 0.034757422100000004 0.0907335907
28.0 0.4069514844 0.2364864864 0.034757422100000004 0.1254826255
9.0 0.45836350480000004 0.2953667954 0.0318609703 0.1081081081
10.0 0.5065170166 0.2750965251 0.0441708907 0.0250965251
14.0 0.5553946416000001 0.25772200770000003 0.037653874000000004 0.14864864860000002
48.0 0.6839246922000001 0.2249034749 0.11658218690000001 0.16023166020000001
28.0 0.8236784938 0.2673745174 0.0644460535 0.2258687259
10.0 0.8816075308 0.16023166020000001 0.0485155684 0.027027027000000002
18.0 0.942795076 0.1303088803 0.0579290369 0.14092664100000002
5.0 0.9898624186 0.0916988417 0.0159304851 0.1563706564
0.0 0.3175235337 0.7635135135000001 0.1281679942 0.048262548200000005
26.0 0.3055756698 0.6795366796 0.0246198407 0.1312741313
26.0 0.2860246198 0.8542471042 0.0275162925 0.1409266409
28.0 0.3352643012 0.9121621622 0.0463432295 0.16795366790000002
2.0 0.38776249100000004 0.7027027027 0.0123099203 0.1544401544
28.0 0.44605358440000004 0.8117760618000001 0.059377262900000005 0.2374517374
13.0 0.49058653150000003 0.6052123552 0.0253439536 0.0868725868
9.0 0.5398262129 0.6805019305000001 0.0325850832 0.1023166024
17.0 0.5912382332 0.667953668 0.0456191166 0.1660231661
28.0 0.6672700942 0.7567567568 0.0557566981 0.2548262549
20.0 0.7085445330000001 0.5347490348 0.0181028241 0.0926640927
9.0 0.7548877625 0.611003861 0.031136857400000002 0.1023166024
16.0 0.8023171615 0.5945945946 0.0405503258 0.15057915060000002
28.0 0.8743664012000001 0.694015444 0.0514120203 0.2528957529
19.0 0.9170890659000001 0.49034749040000003 0.018102824 0.1003861003
5.0 0.9674149168 0.5472972973 0.0173787111 0.194980695
