42.0 0.0494227994 0.2343049327 0.09451659450000001 0.1950672646
36.0 0.020562770600000002 0.39798206280000004 0.0165945166 0.0560538116
45.0 0.042207792200000004 0.3968609866 0.0223665224 0.0672645739
1.0 0.07756132760000001 0.3834080718 0.0295815296 0.0493273543
0.0 0.3546176046 0.40134529150000003 0.4004329004 0.18834080720000002
43.0 0.27164502160000004 0.1894618834 0.1118326119 0.3565022422
15.0 0.3676046176 0.2813901346 0.039682539600000004 0.11883408070000001
17.0 0.41089466090000004 0.3071748879 0.0541125542 0.12556053820000002
36.0 0.5057720058 0.24215246640000002 0.030303030300000002 0.1031390135
43.0 0.22582972580000002 0.5112107624000001 0.11399711400000001 0.34977578470000004
14.0 0.3322510822 0.6569506727000001 0.0699855699 0.1031390135
18.0 0.3964646464 0.6804932736 0.0454545455 0.1322869955
17.0 0.5147907648 0.5728699552000001 0.09307359300000001 0.15919282510000002
0.0 0.7756132756 0.5952914798 0.39826839820000004 0.2040358744
43.0 0.6854256854 0.3621076234 0.1500721501 0.40134529150000003
14.0 0.8077200578 0.4943946188 0.0873015873 0.1143497758
21.0 0.8665223665 0.5067264574 0.027417027400000002 0.1479820628
12.0 0.9693362194 0.4002242152 0.0598845599 0.1950672645
43.0 0.7005772005 0.7556053812 0.1385281385 0.42600896860000004
19.0 0.8091630592 0.8744394618 0.0281385281 0.16591928250000001
13.0 0.8383838384000001 0.9047085202 0.0230880231 0.16367713
36.0 0.9274891774 0.8150224215 0.0339105339 0.12331838560000001
