22.0 0.0427244582 0.55 0.0557275542 0.07021276600000001
42.0 0.1823529412 0.4755319149 0.1356037152 0.2957446808
41.0 0.12074303400000001 0.7478723404000001 0.0321981425 0.1127659574
45.0 0.1529411765 0.7180851064 0.0297213622 0.0659574468
0.0 0.22105263160000002 0.7042553192000001 0.0582043344 0.034042553100000005
4.0 0.220743034 0.655319149 0.0365325077 0.07659574470000001
17.0 0.227244582 0.8095744680000001 0.0520123839 0.1425531915
0.0 0.6563467492 0.4021276595 0.6699690402 0.1957446809
47.0 0.3832817338 0.4265957447 0.1362229103 0.2531914894
20.0 0.4743034056 0.18191489360000002 0.0260061919 0.1382978724
41.0 0.5609907120000001 0.3255319148 0.0569659443 0.1744680851
9.0 0.6123839009 0.2914893617 0.0421052632 0.15319148940000002
50.0 0.7278637771 0.29255319150000003 0.1356037152 0.2829787234
14.0 0.83374613 0.0670212766 0.017956656300000002 0.1170212766
41.0 0.9123839010000001 0.2127659574 0.048916408700000004 0.1574468085
19.0 0.640866873 0.5042553192 0.0495356037 0.21276595750000002
