42.0 0.10604900460000001 0.3014705882 0.205972435 0.4705882353
8.0 0.20903522200000002 0.7040441177 0.0428790199 0.32720588230000003
45.0 0.2909647779 0.7261029412000001 0.0474732007 0.0992647059
0.0 0.3790199081 0.7132352942 0.07810107200000001 0.0220588235
4.0 0.37633996940000003 0.5827205882000001 0.060490045900000004 0.2389705883
18.0 0.38093415 0.8584558823 0.0421133231 0.25367647050000003
10.0 0.4720520674 0.4117647059 0.0513016845 0.058823529400000005
0.0 0.7603369066 0.4669117647 0.39356814700000003 0.044117647
50.0 0.743108729 0.2058823529 0.18912710570000002 0.3823529411
8.0 0.9035222052 0.2426470588 0.0535987748 0.4117647059
10.0 0.617151608 0.6691176470000001 0.0689127105 0.0955882353
16.0 0.6841500766 0.6966911764 0.0482388974 0.4080882353
44.0 0.824272588 0.6709558824 0.1584992343 0.3051470589
8.0 0.9701378254 0.6819852942 0.0551301684 0.4080882353
