42.0 0.10591247670000001 0.48098434 0.07402234640000001 0.21029082770000002
39.0 0.019553072600000002 0.9161073826 0.019553072600000002 0.1275167785
45.0 0.03933892 0.8982102908 0.0135009311 0.0514541387
4.0 0.07611731840000001 0.7527964206000001 0.0386405959 0.1275167785
11.0 0.13058659220000002 0.7360178971 0.0702979516 0.2863534676
15.0 0.1587523278 0.9060402684000001 0.029795158300000003 0.16554809850000002
10.0 0.186452514 0.7472035794 0.014432029800000001 0.0134228188
0.0 0.6110335196000001 0.548098434 0.697858473 0.062639821
44.0 0.2932960894 0.2818791946 0.1033519553 0.1521252797
20.0 0.36941340780000004 0.0984340044 0.024674115400000002 0.16107382550000002
39.0 0.42644320300000005 0.2953020134 0.0260707635 0.1744966443
2.0 0.46601489760000003 0.2639821029 0.04283054 0.42953020140000003
14.0 0.5237430168 0.255033557 0.0512104283 0.2460850111
39.0 0.5656424581 0.2829977628 0.0270018622 0.1588366891
9.0 0.594273743 0.2718120806 0.023743016800000002 0.1543624161
2.0 0.6405959032 0.2606263982 0.0446927374 0.38702460850000003
10.0 0.6736499069 0.2751677852 0.018621974 0.0178970917
15.0 0.7125232774 0.2617449664 0.0405027933 0.2281879195
4.0 0.7800279329 0.2472035794 0.036778398500000004 0.1185682326
5.0 0.8596368715 0.24384787470000002 0.049813780200000005 0.3624161074
15.0 0.9006052142000001 0.0850111856 0.0321229051 0.16107382550000002
5.0 0.9564711360000001 0.2829977628 0.0544692737 0.4541387025
10.0 0.582867784 0.6722595078 0.0204841713 0.0201342282
14.0 0.625698324 0.6208053692000001 0.0502793296 0.2080536913
