42.0 0.187704918 0.5287878788 0.2803278689 0.3484848485
37.0 0.037704918000000004 0.7636363636 0.0655737705 0.1575757576
45.0 0.1401639344 0.7924242424 0.11639344260000001 0.1
1.0 0.2901639344 0.7075757576 0.0852459016 0.11818181820000001
0.0 0.7032786886 0.5166666667 0.4721311475 0.0212121212
20.0 0.5262295082 0.3424242424 0.062295082 0.2606060606
37.0 0.6270491804 0.3681818181 0.09344262290000001 0.2333333333
17.0 0.7098360656 0.1015151515 0.0491803279 0.1787878788
9.0 0.8295081968 0.36666666670000003 0.1081967213 0.22424242430000002
21.0 0.9581967213 0.3424242424 0.0737704918 0.2787878788
20.0 0.6147540983 0.7878787879 0.0754098361 0.23636363640000002
3.0 0.6672131148 0.8272727273 0.0262295082 0.303030303
37.0 0.7442622951000001 0.8181818182 0.0852459016 0.2121212121
13.0 0.8196721311 0.6363636364 0.0196721311 0.1939393939
6.0 0.8918032787 0.8272727273 0.0426229508 0.303030303
