42.0 0.15210991170000002 0.3951219512 0.2747791953 0.30243902440000003
35.0 0.048086359200000005 0.7792682927 0.0667320903 0.24634146340000002
45.0 0.13640824340000002 0.8365853658 0.07850834150000001 0.1365853659
1.0 0.25171737 0.7987804878 0.09322865550000001 0.0853658536
0.0 0.6898920510000001 0.5304878049 0.5103042198000001 0.060975609800000004
43.0 0.543670265 0.23536585370000002 0.2806673209 0.4463414634
17.0 0.7257114818 0.3926829268 0.046123650700000005 0.1804878049
20.0 0.7909715407 0.35121951220000003 0.0628066732 0.2146341464
12.0 0.9156035328000001 0.17926829260000002 0.07850834150000001 0.2804878049
43.0 0.5534838076 0.7073170732 0.2787046123 0.4
20.0 0.7551521099 0.8670731708 0.0716388616 0.2609756097
15.0 0.8110893032000001 0.837804878 0.0578999019 0.2121951219
13.0 0.9357212954 0.6621951220000001 0.0637880275 0.2902439025
