42.0 0.0561594203 0.2790697674 0.0998964804 0.41343669250000004
8.0 0.12603519670000002 0.5090439277000001 0.024327122200000002 0.18087855290000002
45.0 0.1780538302 0.5 0.0300207039 0.0801033592
15.0 0.2127329192 0.48191214470000004 0.0175983437 0.2093023256
0.0 0.3322981366 0.3669250646 0.1521739131 0.025839793200000002
17.0 0.3335921325 0.1937984496 0.0284679089 0.2583979328
8.0 0.28778467900000004 0.6046511628 0.0320910973 0.28423772610000003
9.0 0.3460144927 0.5452196382 0.0253623189 0.1447028423
20.0 0.3775879917 0.5387596899 0.024327122200000002 0.32299741600000004
0.0 0.6894409938 0.3953488372 0.6159420290000001 0.0620155038
17.0 0.6159420290000001 0.1485788114 0.0258799172 0.2609819121
9.0 0.6469979296 0.1447028424 0.0258799172 0.1291989664
16.0 0.6754658385 0.13695090440000002 0.018633540400000002 0.21188630490000002
8.0 0.724378882 0.1912144703 0.0326086956 0.2480620155
9.0 0.7841614907000001 0.1589147286 0.026915113900000003 0.14728682170000001
15.0 0.8157349896 0.1434108527 0.0248447205 0.2713178294
18.0 0.4399585922 0.6111111111 0.0248447205 0.2713178294
7.0 0.5714285714 0.6950904393 0.21842650100000002 0.5839793282
8.0 0.567805383 0.677002584 0.0351966874 0.2687338501
9.0 0.6260351967000001 0.6266149871000001 0.0274327122 0.142118863
20.0 0.6560559006000001 0.6085271318000001 0.024327122200000002 0.30749354
2.0 0.683747412 0.6459948320000001 0.0175983437 0.2894056847
14.0 0.7145445134 0.6330749354 0.031573498900000004 0.2428940568
9.0 0.7448240166 0.6279069768000001 0.0238095238 0.1447028423
7.0 0.864389234 0.6692506460000001 0.1997929607 0.5478036176000001
8.0 0.8737060041 0.6821705426 0.033126294 0.27390180880000004
9.0 0.9311594202000001 0.6201550388 0.0248447205 0.1343669251
18.0 0.9622153209000001 0.5956072352 0.0238095238 0.2506459949
5.0 0.9904244306000001 0.7015503876 0.0181159421 0.3953488372
