22.0 0.0406395736 0.44065281900000003 0.073284477 0.29970326410000003
42.0 0.1808794138 0.46587537100000004 0.1312458361 0.41543026710000003
23.0 0.2741505662 0.7121661721 0.043304463700000004 0.17804154300000002
45.0 0.31878747500000004 0.7062314540000001 0.0366422385 0.112759644
1.0 0.3707528315 0.7017804154 0.043304463700000004 0.1394658754
0.0 0.7105263158 0.53115727 0.5069953364 0.0415430267
43.0 0.5119920053 0.293768546 0.10459693540000001 0.409495549
14.0 0.5946035976 0.39762611280000004 0.0366422386 0.1305637983
14.0 0.6369087276000001 0.39910979220000004 0.0399733511 0.1335311573
23.0 0.7228514324 0.23738872400000002 0.0639573618 0.2136498517
43.0 0.8281145903 0.25222551930000003 0.1025982678 0.35608308600000005
13.0 0.8974017322000001 0.4020771514 0.0066622252 0.1810089021
12.0 0.9167221852 0.4050445104 0.0279813458 0.1869436202
20.0 0.9763491006 0.1884272998 0.0313124584 0.29970326410000003
43.0 0.5099933378 0.7195845697000001 0.10459693540000001 0.3768545994
14.0 0.59260493 0.8590504451000001 0.0366422385 0.1454005934
12.0 0.6255829447 0.8293768546 0.0239840106 0.1513353116
14.0 0.701865423 0.7270029674 0.0526315789 0.1958456973
43.0 0.8034643571000001 0.7284866469 0.1039307128 0.3649851632
13.0 0.8717521652 0.8575667656 0.0073284477 0.1839762611
17.0 0.8890739507000001 0.8353115727 0.0259826782 0.2047477744
23.0 0.9633577615000001 0.7047477745 0.0559626916 0.23442136500000002
