42.0 0.0920934412 0.2581967213 0.1823899371 0.3852459016
39.0 0.2412398922 0.5 0.060197664000000005 0.1256830602
45.0 0.29829290210000003 0.5765027322 0.0503144654 0.087431694
1.0 0.38634321660000004 0.5587431694 0.0718778077 0.150273224
0.0 0.7569631626000001 0.56284153 0.4339622642 0.2131147541
43.0 0.6217430369 0.2978142076 0.18867924530000002 0.5191256831000001
17.0 0.739442947 0.3647540984 0.0862533692 0.1830601093
14.0 0.808625337 0.3975409836 0.0754716981 0.2158469946
14.0 0.9451931716 0.2691256831 0.0988319856 0.3087431694
43.0 0.6078167115 0.730874317 0.1841868823 0.48907103830000004
16.0 0.7241689128000001 0.8674863388 0.0736747529 0.2158469946
19.0 0.7888589398 0.8743169399 0.0610961366 0.19672131140000002
18.0 0.9299191374 0.7581967213 0.0826594789 0.2923497268
