42.0 0.040138942500000004 0.1537867079 0.0795059822 0.2055641422
29.0 0.0227711308 0.3253477589 0.016981860300000002 0.1251931994
45.0 0.042261675000000005 0.3531684698 0.0219992281 0.054095826900000005
13.0 0.0648398302 0.3377125193 0.0084909302 0.0973724884
49.0 0.1319953686 0.2256568779 0.0432265534 0.2071097372
2.0 0.19027402540000002 0.2890262752 0.016981860300000002 0.2720247295
0.0 0.4089154766 0.38639876360000003 0.3940563489 0.1916537867
13.0 0.23485140870000001 0.1035548686 0.013508298 0.170015456
2.0 0.2535700502 0.1661514683 0.016981860300000002 0.2395672334
7.0 0.3898108838 0.1901081916 0.2462369741 0.3740340031
29.0 0.3705133154 0.15146831530000002 0.0301042069 0.1792890262
12.0 0.4021613277 0.1406491499 0.0185256658 0.10819165380000001
10.0 0.4280200695 0.2318392581 0.017753763000000002 0.0123647604
19.0 0.4635275956 0.2372488408 0.034735623300000004 0.2241112828
14.0 0.5021227325000001 0.2465224111 0.038595137 0.19319938180000001
10.0 0.5378232342 0.2828438949 0.0173678117 0.0092735704
13.0 0.5634890004 0.25425038640000003 0.0154380548 0.17156105100000002
5.0 0.5854882284 0.3253477589 0.0301042069 0.25811437400000004
16.0 0.33481281360000004 0.4513137558 0.0266306446 0.1761978362
29.0 0.3714781938 0.4806800618 0.0328058665 0.21329211750000002
10.0 0.40042454650000003 0.5301391036 0.0189116172 0.0092735703
14.0 0.43014280200000005 0.5224111283 0.034349672000000005 0.1885625966
21.0 0.4729834041 0.5170015456 0.0243149364 0.16537867080000002
0.0 0.7778849865 0.5726429675 0.3855654188 0.16537867080000002
7.0 0.7445001929 0.3763523957 0.2292551139 0.37248840800000005
29.0 0.7394828252000001 0.3469860896 0.0362794288 0.2055641422
16.0 0.7692010806 0.33075734160000003 0.020069471300000002 0.1174652241
10.0 0.7912003087 0.41576506960000004 0.0216132767 0.0123647605
13.0 0.8157082208 0.3902627511 0.0158240062 0.1901081917
12.0 0.8423388653 0.38562596600000004 0.0328058664 0.1870170016
9.0 0.8928984948 0.4505409582 0.0505596295 0.1808346213
14.0 0.9448089540000001 0.48608964450000003 0.0447703589 0.23338485320000002
7.0 0.7134311076000001 0.7805255024000001 0.2080277885 0.3678516229
29.0 0.7252026245000001 0.7333848532 0.0308761096 0.1931993817
13.0 0.7506754149 0.7210200928 0.0084909302 0.11282843890000001
10.0 0.7693940564 0.8091190108 0.018139714300000002 0.0108191654
20.0 0.8025858742 0.7751159196 0.031262061 0.1839258114
18.0 0.8452335006 0.8168469861000001 0.0316480124 0.19319938180000001
9.0 0.8932844462 0.8377125193 0.052875337700000004 0.1576506955
15.0 0.9380548051 0.8523956723 0.0335777692 0.19938176200000002
5.0 0.9878425318 0.6367851622 0.0243149363 0.2596599691
