42.0 0.0483675937 0.22033898300000002 0.0943168078 0.3898305085
33.0 0.11547763 0.6228813559 0.0193470375 0.1355932203
45.0 0.1451027812 0.6504237288 0.037484885100000004 0.11440677960000001
0.0 0.22611850060000002 0.6949152542 0.045949214 0.0254237288
4.0 0.219165659 0.5550847458 0.0429262394 0.21186440680000002
19.0 0.20949214030000002 0.8622881356000001 0.0223700121 0.25847457620000003
47.0 0.37243047160000003 0.5614406780000001 0.1680773882 0.5042372881
14.0 0.4839782346 0.1419491525 0.0259975816 0.1822033899
33.0 0.554413543 0.4766949152 0.0362756953 0.25847457630000004
9.0 0.6118500604 0.46610169490000003 0.0435308343 0.2627118644
46.0 0.7424425635 0.5741525424 0.1584038694 0.4194915254
16.0 0.8787787183 0.25847457630000004 0.047762998800000005 0.3305084746
33.0 0.977025393 0.5868644068000001 0.045949214 0.2669491526
