0.0 0.494100295 0.7188679245 0.9852507374 0.0716981132
27.0 0.0497787611 0.6179245283 0.052359882 0.0924528302
0.0 0.4948377581 0.3198113207 0.7315634218 0.0433962265
42.0 0.1474926254 0.1056603774 0.0840707965 0.1660377359
36.0 0.2234513274 0.20188679240000001 0.0383480826 0.1471698113
45.0 0.2898230088 0.1971698113 0.0825958703 0.1
12.0 0.3587758112 0.21698113200000002 0.040560472 0.1962264151
0.0 0.46792035400000004 0.1405660377 0.0656342183 0.0132075471
26.0 0.47640118000000004 0.0830188679 0.035398230100000004 0.12830188680000001
26.0 0.45796460180000004 0.2028301887 0.0309734513 0.10754716980000001
36.0 0.48820059 0.2037735849 0.0265486726 0.0981132076
49.0 0.5792772862000001 0.11415094340000001 0.0553097345 0.13773584900000002
2.0 0.6603982301 0.12830188680000001 0.034660767 0.1811320754
14.0 0.700221239 0.11981132080000001 0.0420353983 0.1452830189
9.0 0.7345132743 0.10188679240000001 0.0280235988 0.09811320750000001
21.0 0.7676991150000001 0.10754716980000001 0.028023598900000002 0.11320754720000001
36.0 0.7983038348 0.1226415094 0.027286135700000002 0.11320754720000001
5.0 0.8373893806 0.1311320754 0.0346607669 0.1905660377
42.0 0.2887168142 0.3820754717 0.0833333333 0.1528301886
36.0 0.3654129794 0.5018867924 0.0390855457 0.1471698113
45.0 0.4262536873 0.512264151 0.0766961652 0.1188679245
20.0 0.5055309734 0.4820754716 0.046460176900000004 0.16792452830000001
0.0 0.6076696165000001 0.42830188680000003 0.0648967552 0.0113207548
26.0 0.6120943952 0.3566037736 0.029498525100000002 0.10188679240000001
26.0 0.5955014750000001 0.5113207548 0.028761061900000003 0.11698113210000001
36.0 0.6283185841000001 0.5198113208 0.0265486726 0.1150943397
36.0 0.6799410029 0.408490566 0.0235988201 0.11132075470000001
14.0 0.38163716810000003 0.887735849 0.052359882 0.1830188679
27.0 0.4413716814 0.891509434 0.0553097345 0.0886792453
14.0 0.5040560472 0.7669811321000001 0.0553097346 0.1641509434
