22.0 0.0287270926 0.5189504373 0.0515106488 0.1516034986
42.0 0.1250619118 0.5189504373 0.0906389301 0.45481049560000003
30.0 0.18870728080000002 0.7857142857 0.027736503200000002 0.24781341110000002
45.0 0.2196631996 0.8090379009 0.0341753344 0.07288629740000001
0.0 0.2691926696 0.7930029154 0.061911837500000004 0.0233236151
4.0 0.2776126796 0.6924198251 0.0302129767 0.1778425656
14.0 0.2776126796 0.9008746356 0.023278850900000002 0.1749271137
10.0 0.3268945022 0.555393586 0.0168400198 0.0320699708
0.0 0.6877166914 0.5787172012 0.5988112927 0.0495626822
44.0 0.444774641 0.44606414 0.1129271917 0.2507288629
16.0 0.5203070828 0.2419825073 0.0282317979 0.2040816326
30.0 0.5775136206 0.37900874640000004 0.0356612184 0.2915451895
2.0 0.6163942546 0.2857142857 0.023278850900000002 0.361516035
14.0 0.6537890044 0.3483965014 0.0346706291 0.1953352769
30.0 0.6934125805 0.3804664723 0.0435859336 0.31195335280000003
9.0 0.7268449727 0.3002915452 0.025260029700000002 0.1982507288
2.0 0.7540861812 0.3644314869 0.0183259039 0.2740524781
14.0 0.7825656266000001 0.3440233236 0.0326894503 0.2157434402
4.0 0.8501733532 0.3950437318 0.0549777117 0.24781341110000002
5.0 0.92149579 0.304664723 0.028231798000000002 0.27113702630000003
15.0 0.9435364042000001 0.166180758 0.024764735000000003 0.139941691
5.0 0.9801882120000001 0.2186588922 0.0316988608 0.4256559767
17.0 0.6832590392 0.6953352770000001 0.0430906389 0.21282798830000002
