42.0 0.1042309387 0.3866525424 0.1018069634 0.3241525424
34.0 0.0260026444 0.8506355932 0.0370207139 0.15042372880000002
45.0 0.0705156456 0.8919491526000001 0.043190832900000004 0.0847457627
4.0 0.118995152 0.6779661017 0.0334949317 0.2627118644
11.0 0.1635081534 0.7817796610000001 0.037902159500000004 0.3855932204
14.0 0.1851035698 0.8781779661 0.0317320405 0.188559322
0.0 0.5989422653 0.5158898305 0.7430586162 0.0868644068
20.0 0.25760246800000003 0.26588983050000004 0.0392243279 0.311440678
47.0 0.38959894230000003 0.3368644068 0.1727633319 0.2923728814
19.0 0.5052886734 0.10593220340000001 0.026002644300000002 0.17796610170000002
34.0 0.5731599824 0.2870762712 0.047157338 0.2012711864
9.0 0.6264874394000001 0.279661017 0.0383428824 0.1822033899
18.0 0.6723226091000001 0.2595338983 0.0436315558 0.28601694920000004
50.0 0.8098281181 0.3177966102 0.1687968268 0.34322033900000004
19.0 0.8951079770000001 0.1006355932 0.0273248127 0.1716101695
34.0 0.9660643456 0.29555084740000004 0.051123843100000003 0.2139830509
19.0 0.6123843102000001 0.6112288136 0.0339356545 0.2648305085
