49.0 0.031037607600000003 0.3859934854 0.0475758949 0.24755700330000002
35.0 0.09152695970000001 0.41775244300000003 0.028092433200000003 0.17752443
22.0 0.1270956049 0.4617263844 0.0294517444 0.1547231271
0.0 0.5747621205 0.5390879479 0.8495695514 0.1433224756
42.0 0.2512460354 0.1433224756 0.0584503851 0.21824104230000002
41.0 0.30154055280000003 0.3786644951 0.028545537000000003 0.0960912052
45.0 0.3364295424 0.391693811 0.033076574500000004 0.0635179153
4.0 0.3896692342 0.2353420196 0.0607159039 0.1775244299
11.0 0.43837788860000004 0.33143322480000004 0.0258269143 0.3143322475
17.0 0.47100135940000004 0.4071661238 0.0267331219 0.1270358306
10.0 0.4932034436 0.3175895765 0.0167648392 0.0162866449
10.0 0.5405527865 0.1734527687 0.024467603100000002 0.024429967400000002
14.0 0.5690983235 0.1498371336 0.0326234708 0.1465798045
46.0 0.6701404622 0.15798045600000002 0.12052560030000001 0.2019543974
14.0 0.7349342999999999 0.06270358300000001 0.0253738106 0.1091205211
41.0 0.7970095152000001 0.1465798046 0.0389669234 0.1140065147
42.0 0.1943815133 0.5977198697 0.0616221115 0.20521172640000002
41.0 0.2408246488 0.8656351792 0.0267331219 0.1058631921
45.0 0.27820570910000003 0.8851791531000001 0.0362483008 0.0765472312
4.0 0.329632986 0.7312703583 0.0593565927 0.1954397394
11.0 0.3763026734 0.7899022802000001 0.0267331219 0.2247557003
14.0 0.399637517 0.9104234528 0.0235613956 0.1270358306
10.0 0.42115994560000003 0.8102605863 0.0158586316 0.014657980400000001
15.0 0.4748527413 0.6620521172 0.0389669234 0.1775244299
44.0 0.5792931582 0.664495114 0.1182600815 0.1921824104
19.0 0.6524694155 0.5936482084 0.0299048482 0.1286644951
41.0 0.717716357 0.6750814332 0.0480289987 0.1286644951
48.0 0.8094698686 0.6913680782 0.09107385600000001 0.18078175900000001
41.0 0.9009968282 0.7060260586 0.0521069325 0.1384364821
