42.0 0.0717086834 0.393581081 0.1109243697 0.5168918919000001
23.0 0.1708683474 0.7347972973 0.0291316527 0.1655405406
45.0 0.2075630252 0.7584459459 0.0397759104 0.09797297290000001
0.0 0.2526610644 0.7550675676 0.0358543417 0.0168918919
4.0 0.2661064426 0.6283783784 0.0235294118 0.2567567568
16.0 0.2722689076 0.8902027027 0.023529411700000002 0.2195945946
0.0 0.6593837535 0.5287162162 0.6296918768 0.0439189189
47.0 0.4358543418 0.3800675676 0.1568627451 0.34121621620000003
17.0 0.5571428572 0.125 0.044257703100000004 0.2364864864
23.0 0.6271708683 0.3682432432 0.0386554621 0.2364864865
9.0 0.6686274510000001 0.32432432440000003 0.034173669500000003 0.2297297297
47.0 0.7932773109 0.4408783784 0.16358543420000002 0.42229729730000004
15.0 0.8977591036 0.16047297300000002 0.0240896359 0.2128378378
23.0 0.9649859944 0.3631756756 0.037535014000000005 0.23310810810000002
18.0 0.6728291316 0.7111486487 0.0414565827 0.3412162163
