42.0 0.06950067480000001 0.6047745358000001 0.1363022942 0.34482758620000004
39.0 0.16093117410000002 0.7851458886 0.0330634278 0.15915119360000002
45.0 0.1933198381 0.7679045093 0.0330634278 0.0875331565
1.0 0.2479757085 0.7307692308 0.0452091768 0.09283819630000001
0.0 0.6521592442 0.5331564986 0.6255060729 0.1326259947
43.0 0.3960863698 0.3912466844 0.1336032389 0.3474801061
20.0 0.4956140351 0.4045092838 0.0357624832 0.198938992
19.0 0.5290148449000001 0.4164456233 0.031039136300000002 0.1803713528
39.0 0.6103238866 0.2824933687 0.0546558705 0.2095490716
43.0 0.7270580297 0.298408488 0.1356275304 0.3687002653
17.0 0.8387314440000001 0.3222811671 0.0296896086 0.198938992
13.0 0.8690958164 0.326259947 0.0229419703 0.2493368701
18.0 0.9369095816 0.1564986737 0.0479082321 0.2705570291
43.0 0.3970985155 0.7718832892 0.1261808367 0.3236074271
16.0 0.5020242915 0.7917771884 0.031039136300000002 0.1618037135
17.0 0.5408232118 0.8103448276 0.0276653171 0.1777188329
15.0 0.6103238866 0.6618037135 0.0479082321 0.225464191
43.0 0.7341430499 0.7533156498 0.1417004049 0.41379310350000004
14.0 0.8542510122 0.7506631299000001 0.0485829959 0.20159151190000002
13.0 0.8852901484000001 0.7374005305 0.0175438597 0.2068965518
39.0 0.9699730094000001 0.6445623342 0.0546558705 0.2387267904
