42.0 0.1060094531 0.41600000000000004 0.151249156 0.4266666666
29.0 0.0428764348 0.9013333334 0.0330857529 0.1866666667
45.0 0.09047940580000001 0.92 0.0472653612 0.0586666666
16.0 0.1461850102 0.8893333334 0.0357866307 0.22133333330000002
9.0 0.18298447 0.6946666666 0.0351114113 0.1093333333
44.0 0.3470627954 0.4866666666 0.20121539500000002 0.3013333333
29.0 0.5526671168 0.4626666666 0.0668467252 0.33333333330000003
9.0 0.6360567184 0.4146666666 0.0769750169 0.22133333330000002
10.0 0.704929102 0.41200000000000003 0.0648210669 0.0186666666
21.0 0.7859554356 0.4613333334 0.054017555700000004 0.4106666667
21.0 0.8602295746 0.2773333334 0.062120189000000006 0.4106666667
11.0 0.9074949358000001 0.5146666666 0.0756245779 0.6026666667
29.0 0.9652261985 0.4813333334 0.0587440918 0.30666666670000003
