42.0 0.141221374 0.3607427056 0.2802617231 0.4774535809
38.0 0.3238822246 0.5636604774 0.0937840785 0.17241379310000002
45.0 0.42311886590000003 0.6273209549000001 0.10905125410000001 0.15119363400000002
1.0 0.5556161396 0.6074270557 0.1014176663 0.100795756
0.0 0.8293347874 0.5716180371 0.2148309705 0.0450928382
15.0 0.7513631407 0.4350132626 0.054525627 0.1697612732
14.0 0.8162486368 0.45225464200000004 0.06870229010000001 0.17241379310000002
38.0 0.893129771 0.46816976120000003 0.0741548528 0.1618037135
17.0 0.9672846238 0.3222811671 0.0501635769 0.1458885942
18.0 0.7475463468 0.7864721485 0.06652126500000001 0.1777188329
3.0 0.7933478735 0.7957559682 0.011995638000000001 0.34482758620000004
38.0 0.8598691385 0.8116710875 0.0817884406 0.1697612732
17.0 0.9258451472 0.6843501326 0.0436205016 0.1644562334
6.0 0.9776444929 0.826259947 0.0076335878 0.33687002650000003
