42.0 0.0865009747 0.4244332494 0.11452241710000001 0.4256926952
39.0 0.0270467837 0.7833753148 0.031676413300000004 0.2317380353
45.0 0.07163742690000001 0.7947103274 0.0458089668 0.0881612091
0.0 0.1349902534 0.8035264484 0.0711500974 0.0201511335
4.0 0.1364522417 0.7115869018000001 0.0419103314 0.1687657431
14.0 0.13596491230000002 0.9017632242 0.014619883 0.1662468514
0.0 0.6176900584 0.4874055416 0.7402534113 0.0176322418
20.0 0.22807017540000002 0.2544080604 0.022417154 0.3123425693
47.0 0.3272417154 0.3198992444 0.11939571160000001 0.2670025189
17.0 0.4390838207 0.09823677580000001 0.053606237800000005 0.1863979849
39.0 0.5272904483 0.34005037790000003 0.044834308 0.31738035270000003
9.0 0.5782163742 0.2556675063 0.046296296300000005 0.19395466
10.0 0.6240253412 0.314861461 0.026803118900000002 0.030226700300000003
14.0 0.6593567252 0.2858942065 0.030214424900000002 0.29471032750000004
50.0 0.7899610136 0.2795969773 0.17446393770000002 0.3324937028
18.0 0.9083820663000001 0.1158690176 0.0253411306 0.22166246850000002
39.0 0.9749025341 0.3312342569 0.0423976608 0.3047858942
14.0 0.6081871345000001 0.6775818640000001 0.030214425000000003 0.3073047859
