42.0 0.1666666667 0.4903100775 0.2854864434 0.3294573644
29.0 0.0725677831 0.7732558140000001 0.0590111642 0.1511627907
45.0 0.1323763955 0.7344961240000001 0.060606060600000004 0.1046511628
1.0 0.2376395534 0.722868217 0.08612440190000001 0.11240310070000001
0.0 0.6866028708 0.5155038759 0.5821371611 0.023255813900000002
12.0 0.509569378 0.3333333334 0.0781499202 0.3410852713
29.0 0.6108452951000001 0.3527131783 0.08612440190000001 0.2868217054
13.0 0.7017543859 0.09302325580000001 0.044657097300000004 0.16279069770000001
9.0 0.8149920256000001 0.29457364340000003 0.08612440190000001 0.21705426360000002
20.0 0.9385964912 0.3158914728 0.1132376395 0.3294573643
19.0 0.5781499202 0.7829457364 0.0972886763 0.4108527132
3.0 0.6834130782000001 0.7596899225 0.0526315789 0.4186046512
29.0 0.7519936204000001 0.8313953489 0.0909090909 0.2829457365
12.0 0.8413078150000001 0.6395348837 0.0462519936 0.1937984496
6.0 0.9298245614 0.7248062016 0.0510366826 0.3720930233
