0.0 0.5009623316 0.5837438424 0.9964256255 0.0295566503
42.0 0.0834478966 0.2807881774 0.051965906000000006 0.23645320190000002
30.0 0.1245532032 0.4199507389 0.0181468243 0.2044334976
45.0 0.14888644480000002 0.4704433498 0.0239208139 0.1133004927
12.0 0.1732196866 0.3657635468 0.0120978829 0.1551724138
14.0 0.2053890569 0.2623152709 0.0203464394 0.18965517240000002
21.0 0.2244982128 0.24753694580000002 0.0145724498 0.2438423646
2.0 0.2408578499 0.2512315271 0.0104481716 0.408866995
50.0 0.29172394830000004 0.3115763547 0.060489414400000004 0.23399014780000002
2.0 0.3450646137 0.3103448276 0.0104481716 0.2807881774
16.0 0.35977453940000004 0.2733990148 0.0195215837 0.2019704434
30.0 0.3799835029 0.3017241379 0.017047016800000002 0.1945812808
5.0 0.39785537530000004 0.29802955670000003 0.009348364000000001 0.27586206890000003
0.0 0.43744844650000003 0.33743842360000004 0.0439923014 0.0147783251
26.0 0.4275501787 0.2142857143 0.014297498 0.1871921182
26.0 0.4199890019 0.4630541872 0.0145724498 0.19704433500000001
30.0 0.43524883140000004 0.4667487685 0.0137475941 0.1551724138
47.0 0.4862524058 0.315270936 0.051416002200000005 0.1970443349
2.0 0.5427550178 0.2709359606 0.0082485565 0.22660098520000002
19.0 0.559114655 0.25615763550000004 0.0189716799 0.2216748769
30.0 0.5784987627 0.3115763546 0.0159472092 0.2093596059
5.0 0.5963706352 0.34113300500000004 0.0082485565 0.3325123153
9.0 0.6124553203 0.27586206900000004 0.0156722574 0.1083743843
46.0 0.6597470443 0.30295566500000004 0.054165521 0.2019704434
2.0 0.7063513885 0.27955665020000003 0.0087984602 0.2389162561
17.0 0.7200989826 0.251231527 0.0153973055 0.2118226601
30.0 0.7405828980000001 0.29064039410000003 0.020071487500000002 0.18226600980000002
5.0 0.7561176794000001 0.3337438424 0.0087984602 0.3226600985
0.0 0.7918614242 0.3435960592 0.0324443223 0.022167487700000002
26.0 0.7860874347 0.2130541872 0.014297498 0.18965517240000002
26.0 0.7775639263 0.43719211820000003 0.013747594200000001 0.1600985222
30.0 0.7937860874 0.4544334976 0.013747594200000001 0.1354679803
48.0 0.8430024746 0.2820197044 0.045092108900000004 0.2389162561
2.0 0.8905691504000001 0.3041871921 0.009348364000000001 0.2733990148
17.0 0.9039043168 0.2438423646 0.0156722573 0.2019704433
30.0 0.9232884246 0.2955665024 0.0186967281 0.18719211830000002
5.0 0.9399230134000001 0.3226600985 0.0090734121 0.3103448276
5.0 0.95765741 0.2586206896 0.0159472093 0.4384236453
42.0 0.4547704152 0.7315270936 0.049491339 0.2167487684
30.0 0.4979378608 0.8842364532 0.0181468243 0.1921182266
45.0 0.5210338191 0.933497537 0.0225460544 0.09852216750000001
14.0 0.5515534782 0.8780788177000001 0.0208963431 0.2290640394
21.0 0.5844102282 0.7192118226 0.0162221612 0.2512315271
