42.0 0.1055045872 0.7064846416 0.1926605505 0.47781569970000004
24.0 0.22935779820000002 0.8156996587 0.0316930775 0.3549488054
45.0 0.29566305260000003 0.8293515359 0.0842368641 0.10238907850000001
10.0 0.3665554629 0.7747440273 0.030859049200000002 0.0341296928
1.0 0.4457881568 0.7116040956 0.047539616400000005 0.1399317406
27.0 0.5638031693000001 0.5204778157000001 0.051709758200000004 0.2354948806
24.0 0.6105087573 0.20477815700000002 0.0283569642 0.300341297
48.0 0.7572977482000001 0.4180887372 0.1384487073 0.31058020480000004
24.0 0.8840700584000001 0.32423208200000003 0.036697247700000005 0.4300341297
9.0 0.9270225188000001 0.3395904436 0.0391993328 0.2832764505
12.0 0.9766472060000001 0.2849829352 0.0400333612 0.3720136519
