42.0 0.0737265416 0.6855345912 0.1331546023 0.3836477988
39.0 0.1836461126 0.9088050314 0.022341376200000002 0.1761006289
45.0 0.235031278 0.8883647799000001 0.0554066131 0.0786163522
10.0 0.3002680965 0.8647798742 0.035746202000000005 0.0251572327
1.0 0.3856121537 0.8176100629 0.054512958 0.1194968554
0.0 0.7100089366 0.6886792452 0.3780160857 0.0188679245
7.0 0.7421805183 0.3238993711 0.4316353888 0.572327044
20.0 0.6858802502 0.462264151 0.029490616600000002 0.23270440250000002
18.0 0.72743521 0.43553459120000004 0.0321715818 0.1981132076
39.0 0.763181412 0.4968553459 0.0285969616 0.1698113208
14.0 0.7944593387000001 0.2720125786 0.025022341400000002 0.21069182390000002
10.0 0.8489722967000001 0.4544025157 0.037533512000000005 0.022012578600000002
16.0 0.8963360143 0.4559748428 0.0411081322 0.2201257861
18.0 0.6331546024 0.8254716982 0.0312779267 0.2169811321
39.0 0.6675603217 0.8553459120000001 0.025022341400000002 0.1509433963
10.0 0.7042001787000001 0.8238993710000001 0.0321715818 0.0188679245
14.0 0.744414656 0.8144654088000001 0.0214477211 0.2012578616
15.0 0.7993744415 0.8333333334 0.050938337800000004 0.2389937107
