42.0 0.13211223700000002 0.2819148936 0.1831644583 0.2477203648
36.0 0.2634450506 0.39513677810000003 0.0498830865 0.1246200608
45.0 0.32891660170000003 0.4635258358 0.06391270460000001 0.0911854103
1.0 0.41932969600000003 0.447568389 0.0701480904 0.0835866261
0.0 0.7533125487 0.4924012158 0.429462198 0.1306990882
0.0 0.790335152 0.27355623100000004 0.41309431020000004 0.11854103340000001
43.0 0.6558846454 0.1193009118 0.1208106001 0.22340425530000002
15.0 0.7724084178 0.174012158 0.0530007794 0.0957446809
14.0 0.8226812159 0.18237082070000002 0.055339049200000004 0.094224924
36.0 0.9337490257000001 0.1360182371 0.0530007794 0.1170212766
43.0 0.6445830086000001 0.36322188450000004 0.12782540920000002 0.2462006079
18.0 0.7595479346 0.405775076 0.050662509700000004 0.1124620061
20.0 0.8183943882 0.42249240120000003 0.0436477007 0.10334346500000001
19.0 0.9255650818000001 0.37613981760000004 0.0693686672 0.11094224920000001
0.0 0.7583787996 0.7545592705 0.4442712393 0.1778115502
43.0 0.6317225253000001 0.5889057750000001 0.1286048324 0.2477203647
14.0 0.7486360094000001 0.650455927 0.0600155885 0.1155015197
20.0 0.8113795791 0.6588145897000001 0.0452065472 0.1018237082
36.0 0.9056897896 0.6200607903 0.0514419329 0.1215805471
43.0 0.6328916602 0.8305471124 0.12159002340000001 0.2629179331
14.0 0.7486360094000001 0.8981762918 0.0537802027 0.11854103340000001
14.0 0.8651597818000001 0.8541033435000001 0.0623538581 0.1155015197
