42.0 0.0815217391 0.4284274194 0.15409207160000002 0.29233870970000003
41.0 0.023976982100000002 0.5756048387 0.0377237852 0.1028225806
45.0 0.0594629156 0.5816532258 0.0319693094 0.058467742
1.0 0.11061381070000001 0.5443548387 0.0485933504 0.060483871
0.0 0.436061381 0.4747983871 0.4347826087 0.0786290322
43.0 0.28804347820000004 0.2711693548 0.1592071611 0.4818548387
19.0 0.3970588236 0.29838709680000003 0.040920716100000004 0.14919354840000001
14.0 0.43702046040000003 0.29838709680000003 0.037723785100000004 0.125
41.0 0.5444373402 0.1320564516 0.0645780051 0.1713709678
43.0 0.3053069054 0.7157258064 0.155370844 0.4879032259
21.0 0.41592071610000003 0.7631048387 0.0364450128 0.1592741936
16.0 0.4568414322 0.7782258065000001 0.0377237852 0.1935483871
13.0 0.5358056266 0.6179435484 0.0421994884 0.21975806450000002
0.0 0.7816496164000001 0.466733871 0.36253196930000003 0.0665322581
43.0 0.6902173913 0.2661290322 0.14002557540000002 0.46774193550000004
19.0 0.8132992327 0.30745967750000003 0.0396419437 0.1552419355
14.0 0.8593350384 0.3044354839 0.0447570333 0.125
17.0 0.9632352942 0.1068548388 0.06713554990000001 0.1693548387
43.0 0.7228260870000001 0.7066532258 0.1681585677 0.4778225806
13.0 0.8235294118 0.7862903226 0.0358056266 0.1774193548
16.0 0.8539002557 0.75 0.0274936061 0.1572580646
41.0 0.9488491049000001 0.5725806452000001 0.0601023018 0.1693548387
