42.0 0.1007838746 0.393982808 0.1399776036 0.5300859599000001
40.0 0.022116461400000002 0.7908309456 0.0397536394 0.2979942693
45.0 0.0599104144 0.7865329512 0.0436730123 0.12893982810000001
0.0 0.1284994401 0.7851002866 0.0341545352 0.0286532951
4.0 0.1374580067 0.6575931232000001 0.054311310200000004 0.1919770774
18.0 0.1321388578 0.8968481375 0.0291153416 0.1719197708
50.0 0.3138297872 0.38252149 0.1976483763 0.6045845272
14.0 0.4557670773 0.1404011461 0.0302351624 0.22922636100000002
40.0 0.5307950728 0.5702005731 0.0447928332 0.44699140400000004
9.0 0.5856662934 0.4484240688 0.0571108622 0.2779369627
47.0 0.7430011198 0.5716332378 0.17581187010000002 0.4326647564
21.0 0.8670212766000001 0.2693409742 0.0352743561 0.2693409742
40.0 0.9624860022 0.6604584528 0.059350503900000004 0.4441260745
