42.0 0.0802139038 0.4235588972 0.1521093285 0.43609022550000004
29.0 0.2046939988 0.6203007519 0.0445632798 0.328320802
45.0 0.2504456328 0.7393483709 0.0481283422 0.11528822050000001
0.0 0.367201426 0.7305764411 0.0974450386 0.022556391000000002
4.0 0.334224599 0.6503759398 0.0600118835 0.2280701755
14.0 0.3377896613 0.8395989975 0.0243612596 0.1804511278
0.0 0.702020202 0.5225563910000001 0.5638740345000001 0.022556391000000002
48.0 0.5062388592 0.37092731830000003 0.118835413 0.27067669180000004
21.0 0.587641117 0.17543859650000002 0.0368389781 0.260651629
29.0 0.6717171718 0.3107769423 0.043374925700000004 0.3458646617
9.0 0.7067736186 0.3107769423 0.0267379679 0.25062656650000004
44.0 0.8095662507 0.38972431080000003 0.1229946524 0.2330827068
16.0 0.8986928104 0.1691729323 0.0326797385 0.2882205514
29.0 0.9622697564 0.2957393484 0.036244801 0.3258145363
14.0 0.7159833630000001 0.6629072682 0.033273915700000004 0.2431077694
