42.0 0.0778186274 0.4309815951 0.1409313725 0.3650306748
39.0 0.16421568620000002 0.6886503068000001 0.026960784300000002 0.1503067485
45.0 0.1988357843 0.7223926381 0.0361519608 0.11349693250000001
0.0 0.25367647060000004 0.6855828220000001 0.0698529412 0.033742331300000004
4.0 0.2542892157 0.5613496932 0.0404411764 0.2208588957
14.0 0.2637867647 0.7944785276 0.0349264706 0.16564417180000002
0.0 0.6697303922000001 0.4493865031 0.5808823529 0.20552147240000002
16.0 0.3664215686 0.2285276074 0.0343137255 0.2852760736
46.0 0.48498774510000003 0.2469325154 0.1427696078 0.2116564417
39.0 0.5962009804 0.24539877300000001 0.047794117600000005 0.2208588957
9.0 0.6360294118 0.17791411040000002 0.0404411765 0.17791411040000002
10.0 0.6749387255 0.1901840491 0.018995098000000002 0.0306748466
17.0 0.7077205882000001 0.1303680982 0.0379901961 0.2484662577
44.0 0.8348651961 0.20398773 0.1488970588 0.3159509203
39.0 0.9724264706 0.1426380368 0.0514705882 0.2116564417
15.0 0.534007353 0.7484662577000001 0.0459558823 0.3374233129
39.0 0.5787377451 0.7315950920000001 0.0410539216 0.1809815951
9.0 0.621629902 0.6779141104 0.0398284313 0.1533742331
10.0 0.6608455882000001 0.7162576688000001 0.0177696079 0.033742331300000004
14.0 0.7034313726 0.6855828221 0.0514705883 0.21779141100000002
0.0 0.762254902 0.7515337423 0.058823529400000005 0.0368098159
4.0 0.7742034314 0.5812883436 0.048406862700000004 0.2177914111
14.0 0.7886029412000001 0.8650306748000001 0.0404411765 0.1901840491
