42.0 0.07520120720000001 0.1891385768 0.13128772630000002 0.3707865168
38.0 0.1677565392 0.5056179776 0.0538229376 0.1310861423
45.0 0.2162977868 0.5533707865 0.0402414487 0.054307116100000004
4.0 0.30005030180000003 0.4250936329 0.0809859155 0.1985018727
11.0 0.3480885312 0.5290262172 0.0633802817 0.3501872659
17.0 0.379527163 0.6095505618 0.037726358200000004 0.1891385768
0.0 0.7190643863 0.5730337078000001 0.5165995976000001 0.2846441947
18.0 0.4751006036 0.3211610487 0.0367203219 0.17041198500000002
44.0 0.5580985916 0.3782771536 0.0980885311 0.1573033708
38.0 0.6642354125000001 0.4447565543 0.0477867203 0.1142322098
9.0 0.7107645875 0.4372659176 0.0402414487 0.11797752800000001
10.0 0.7422032193 0.4784644195 0.0196177062 0.0168539326
21.0 0.7706237424 0.5018726592 0.030181086500000003 0.1797752809
50.0 0.8677062374000001 0.5346441948 0.1267605634 0.2191011236
38.0 0.9698189135 0.6151685393 0.0442655936 0.1179775281
20.0 0.5814889336 0.7556179775 0.032193159 0.1853932584
38.0 0.6242454728 0.7911985019000001 0.0492957747 0.1179775281
9.0 0.6687625754000001 0.7949438202 0.0387323943 0.1329588015
10.0 0.7029678068 0.8249063671 0.0206237425 0.0205992509
16.0 0.7318913481 0.8239700375000001 0.0311871228 0.1872659176
4.0 0.7884808853 0.7294007491000001 0.0669014084 0.2003745319
11.0 0.8332494970000001 0.7949438202 0.040744466800000004 0.1966292135
16.0 0.8506036217 0.9007490636000001 0.030181086500000003 0.19101123590000002
