42.0 0.0808580858 0.45413870240000004 0.1247524752 0.3400447427
29.0 0.0349834984 0.7125279642 0.0198019801 0.17225950780000002
45.0 0.0755775578 0.75950783 0.048184818500000004 0.0604026846
1.0 0.1214521452 0.7337807606000001 0.029042904300000002 0.0715883669
0.0 0.3801980198 0.4988814318 0.33795379540000003 0.0134228188
43.0 0.3257425742 0.25615212530000003 0.1313531353 0.4049217002
15.0 0.4178217822 0.3422818792 0.026402640300000002 0.196868009
17.0 0.4623762376 0.3579418344 0.0468646865 0.1789709173
29.0 0.5478547855 0.1800894854 0.0343234324 0.3243847875
43.0 0.2772277227 0.7315436242000001 0.12673267330000001 0.4295302013
14.0 0.39636963700000005 0.8232662192 0.0706270627 0.2013422819
21.0 0.4544554455 0.8131991052 0.0389438944 0.2080536913
14.0 0.5689768977 0.6700223714 0.093729373 0.26621923940000003
0.0 0.7904290429 0.5055928412 0.3240924092 0.0223713647
43.0 0.7432343234000001 0.2617449664 0.14257425740000002 0.4161073825
13.0 0.8316831683 0.3523489933 0.0356435644 0.23042505600000002
21.0 0.8772277228 0.3646532438 0.0409240924 0.2237136465
16.0 0.9699669967000001 0.192393736 0.0508250826 0.27740492170000003
43.0 0.7174917492 0.7237136466 0.11353135310000001 0.36465324390000003
19.0 0.8353135314 0.8803131991 0.0508250825 0.2080536912
21.0 0.8887788779 0.8534675616 0.0389438944 0.2080536913
29.0 0.9729372938 0.6689038032 0.0356435643 0.3131991051
