42.0 0.0974426808 0.4111111112 0.1543209877 0.1288888889
40.0 0.046296296300000005 0.6844444444000001 0.0555555556 0.1955555555
45.0 0.098324515 0.5911111111 0.057319224 0.0844444444
15.0 0.1649029982 0.5811111112 0.0423280423 0.1311111111
0.0 0.6631393298 0.4522222222 0.6243386244 0.06444444440000001
44.0 0.3641975308 0.1988888889 0.2045855379 0.1933333334
2.0 0.5604056438 0.1522222222 0.0432098765 0.2333333333
17.0 0.6287477954 0.17111111110000002 0.0564373898 0.2
40.0 0.7019400353 0.27222222220000003 0.0705467372 0.2377777778
5.0 0.7619047619 0.1488888888 0.045855379200000004 0.23111111110000002
0.0 0.8346560846000001 0.18 0.0555555555 0.0311111112
17.0 0.8337742504000001 0.0744444444 0.037918871300000004 0.1222222223
14.0 0.835978836 0.24444444440000002 0.0423280423 0.1155555555
0.0 0.9484126984000001 0.17444444450000002 0.1014109348 0.024444444500000002
14.0 0.9400352734 0.09444444440000001 0.0440917107 0.1266666667
40.0 0.9501763668000001 0.2711111111 0.0643738977 0.1777777778
50.0 0.3593474427 0.7166666667 0.1895943562 0.15777777780000002
2.0 0.5414462081 0.6766666666000001 0.049382716 0.2244444445
14.0 0.6053791887000001 0.7155555555 0.057319224 0.1733333333
40.0 0.6834215168000001 0.8377777778000001 0.0776014109 0.2844444444
5.0 0.7433862434 0.6588888889 0.052910052900000004 0.2022222222
0.0 0.8108465608000001 0.71 0.052028218700000003 0.0333333334
14.0 0.8192239858 0.6255555556 0.0405643739 0.1133333333
19.0 0.8227513228000001 0.7733333334 0.059964726700000005 0.1244444445
0.0 0.9056437390000001 0.7011111111 0.0617283951 0.02
19.0 0.9329805996 0.6155555556 0.052910052900000004 0.1111111111
40.0 0.9409171076 0.8133333333 0.0564373898 0.2
