42.0 0.18558282210000002 0.4460580912 0.3251533742 0.5684647303
36.0 0.036809816 0.8796680498 0.0582822085 0.1908713693
45.0 0.1035276074 0.8858921162000001 0.0720858895 0.0705394191
10.0 0.1940184049 0.8713692946 0.053680981600000004 0.0331950208
1.0 0.3266871166 0.8568464731000001 0.1012269939 0.1618257261
27.0 0.5467791411 0.5850622407 0.1457055214 0.24066390040000002
10.0 0.652607362 0.20954356840000002 0.0567484663 0.0290456431
14.0 0.7170245398 0.2219917012 0.0690184049 0.24481327800000002
20.0 0.7967791412 0.234439834 0.07822085890000001 0.24481327800000002
36.0 0.865797546 0.20954356840000002 0.0567484662 0.1784232365
