42.0 0.0766852196 0.539748954 0.11626468770000001 0.27196652720000003
39.0 0.0408163265 0.7520920502 0.025974026 0.14435146440000002
45.0 0.0680272108 0.7437238494 0.029684601100000003 0.0648535565
1.0 0.1032776747 0.6987447699 0.0296846012 0.0543933054
0.0 0.3116883117 0.5428870293 0.35003092140000003 0.0648535565
43.0 0.23222016080000002 0.34414225940000004 0.11440940020000001 0.32845188280000004
19.0 0.343537415 0.39121338910000003 0.0401978973 0.17991631800000002
16.0 0.3967223253 0.3974895398 0.0439084724 0.1924686193
39.0 0.4836116264 0.2730125523 0.0519480519 0.2280334728
43.0 0.2479901051 0.7855648535 0.1311069883 0.39958158990000003
13.0 0.3605442177 0.7928870293 0.04576376 0.1924686192
16.0 0.413729128 0.8347280334 0.049474335200000004 0.2050209205
20.0 0.5009276438 0.6380753138 0.04576376 0.2510460251
0.0 0.7625231911 0.48012552300000005 0.436611008 0.0523012552
43.0 0.6468769326 0.26464435140000003 0.1657390228 0.3368200837
20.0 0.7699443414 0.33995815900000004 0.0445269017 0.20711297080000002
13.0 0.8203463204 0.3054393306 0.053803339500000005 0.2092050209
21.0 0.9223871367 0.1506276151 0.0711193568 0.27615062760000003
43.0 0.6453308596 0.7060669456 0.1614100186 0.39958159
13.0 0.7900432901000001 0.7573221757 0.0513296227 0.2343096234
14.0 0.8639455782000001 0.7824267782000001 0.059369202200000006 0.2384937239
39.0 0.9610389610000001 0.6652719666 0.07050092770000001 0.3054393305
