42.0 0.0732550104 0.5281954887 0.1299239807 0.484962406
33.0 0.1503109882 0.7612781955 0.0145127851 0.1616541354
45.0 0.18210089840000002 0.7180451128 0.0338631652 0.1503759398
0.0 0.25224602630000004 0.7481203008 0.044229440200000004 0.0225563909
4.0 0.25224602630000004 0.6654135338 0.0331720801 0.13533834590000002
19.0 0.25639253630000003 0.8703007518 0.0276434002 0.17669172930000002
46.0 0.4253628196 0.48308270680000004 0.1554941258 0.2894736842
18.0 0.5255701451 0.1654135338 0.0352453352 0.2105263158
33.0 0.604008293 0.49624060150000004 0.0234968901 0.2105263158
9.0 0.6482377332 0.4398496241 0.0497581203 0.2781954887
44.0 0.7919834139 0.5225563909000001 0.1548030407 0.3383458647
14.0 0.895300622 0.1710526316 0.0407740152 0.2293233083
33.0 0.9754664824 0.5206766918 0.0214236351 0.24436090230000002
