42.0 0.0901639345 0.42605633800000003 0.1366120219 0.3591549296
39.0 0.022882513700000003 0.6643192488 0.0280054645 0.1455399061
45.0 0.0898224044 0.6643192488 0.049863388 0.042253521100000004
1.0 0.1420765028 0.6490610328 0.0355191257 0.0680751173
0.0 0.5601092896000001 0.5070422535 0.7650273224 0.032863849800000004
43.0 0.3172814208 0.2546948357 0.168715847 0.46244131460000004
14.0 0.4269125683 0.38145539910000004 0.0396174864 0.10563380280000001
13.0 0.4682377049 0.3744131456 0.0334699454 0.1572769953
39.0 0.5457650273 0.20539906100000002 0.046448087400000004 0.2652582159
43.0 0.7438524590000001 0.2112676057 0.1666666666 0.4037558685
19.0 0.8490437158 0.367370892 0.0286885245 0.1431924883
20.0 0.8866120218 0.33802816900000004 0.0259562841 0.1643192488
13.0 0.9668715847 0.2241784038 0.038934426200000004 0.2042253521
43.0 0.31181693990000003 0.7253521127 0.1482240437 0.4084507042
20.0 0.4258879782 0.8497652582 0.0239071039 0.1830985916
17.0 0.462431694 0.8415492958 0.032786885200000004 0.1103286385
21.0 0.5484972678 0.7042253521 0.0382513661 0.2488262911
43.0 0.6786202186 0.7323943662 0.1454918033 0.4366197184
15.0 0.7971311476 0.8638497652 0.023224043700000002 0.1361502347
13.0 0.8309426230000001 0.8755868544000001 0.030737704900000003 0.1596244131
39.0 0.93715847 0.7230046948000001 0.0819672131 0.2910798122
