42.0 0.08845155710000001 0.3362720403 0.09818339100000001 0.41057934500000004
36.0 0.0116782007 0.9005037783000001 0.0216262976 0.1435768262
45.0 0.0417387543 0.9332493702 0.0307093426 0.0881612091
4.0 0.0992647059 0.6486146096000001 0.0748269896 0.2896725441
11.0 0.1634948097 0.7682619647000001 0.03633218 0.44332493700000003
14.0 0.18317474050000002 0.8916876574 0.0203287197 0.161209068
47.0 0.2997404844 0.4156171285 0.1531141869 0.3727959698
15.0 0.38040657440000003 0.1523929471 0.020328719800000002 0.19395466
36.0 0.44593425600000003 0.34382871540000004 0.0449826989 0.2594458438
9.0 0.49437716260000003 0.3010075566 0.0493079585 0.2090680101
42.0 0.6325692042000001 0.3236775818 0.1111591695 0.3954659949
36.0 0.5458477509 0.8841309824 0.0216262976 0.1410579345
45.0 0.5739619378 0.9244332494 0.027681660900000002 0.0957178841
4.0 0.6358131488000001 0.6171284634 0.0778546713 0.2670025189
11.0 0.7080449827 0.7279596978 0.044117647 0.3828715365
16.0 0.7233996540000001 0.895465995 0.017733564 0.1687657431
50.0 0.8248269896 0.362720403 0.1392733564 0.3727959698
14.0 0.9156574394 0.1322418136 0.0207612457 0.16876574300000002
36.0 0.9768598616 0.3539042821 0.0402249135 0.274559194
