42.0 0.044824599400000005 0.26020408170000003 0.0861844954 0.41156462590000004
30.0 0.09982676480000001 0.5561224490000001 0.0142919013 0.2210884354
45.0 0.1216977046 0.6173469387 0.0199220442 0.0646258503
0.0 0.1448679082 0.6207482993 0.0272845388 0.0238095238
4.0 0.1611087051 0.5340136054 0.0251190992 0.1836734694
16.0 0.161758337 0.7551020408 0.0168904287 0.2108843538
48.0 0.2676483326 0.32482993200000004 0.0926808142 0.5
18.0 0.3304460806 0.14455782320000002 0.0259852751 0.2346938775
30.0 0.38501515810000003 0.3724489796 0.0346470334 0.49319727890000004
9.0 0.4287570377 0.34183673470000003 0.045041143400000004 0.2551020408
42.0 0.5283672586 0.2942176871 0.1100043309 0.4659863946
30.0 0.6030749242 0.6411564626 0.0194889562 0.2823129252
45.0 0.6234300563 0.6700680272 0.020355132 0.061224489800000004
0.0 0.7018189692 0.6921768708 0.0437418797 0.030612244900000002
4.0 0.6751840624000001 0.5918367346 0.033780857500000004 0.2380952381
21.0 0.6803811174000001 0.8112244898000001 0.022520571700000002 0.22789115640000002
47.0 0.8137721958 0.46088435380000004 0.1394543093 0.43197278910000003
14.0 0.8899956691 0.1802721088 0.0216543958 0.2585034013
30.0 0.9599393677 0.3486394558 0.0437418796 0.4591836735
