42.0 0.0566194838 0.4389920424 0.1057452123 0.3421750663
29.0 0.1538301416 0.6180371352 0.0395503747 0.2175066313
45.0 0.190674438 0.7029177719 0.029975020800000002 0.058355437600000004
1.0 0.23542880940000002 0.6366047746 0.0370524563 0.1273209549
7.0 0.5320566194 0.5291777188 0.5120732723 0.8355437666000001
17.0 0.3288925895 0.17639257300000002 0.0208159866 0.1671087533
29.0 0.4073688592 0.43633952260000003 0.0595337219 0.31034482750000003
14.0 0.4560782681 0.3037135278 0.045378851000000005 0.2254641909
9.0 0.501457119 0.4310344828 0.0220649459 0.22015915120000001
14.0 0.5518318068 0.4323607427 0.0628642798 0.2970822282
29.0 0.6215653622 0.4442970822 0.0591174022 0.32095490720000003
12.0 0.6586178185 0.324933687 0.0199833472 0.299734748
9.0 0.6852622814 0.4469496021 0.0208159867 0.24137931040000002
14.0 0.7373022481 0.4456233422 0.064113239 0.3236074271
18.0 0.7964196503000001 0.4628647215 0.0457951707 0.3846153846
9.0 0.8399250624 0.44031830240000003 0.0187343881 0.2334217506
10.0 0.870316403 0.5278514589000001 0.020399667 0.0424403183
19.0 0.9098667776 0.4814323608 0.0395503747 0.36339522550000003
29.0 0.9637801832 0.42970822280000004 0.0549542048 0.30238726790000003
