42.0 0.1287978864 0.23563218400000002 0.2311756936 0.29885057470000004
30.0 0.2721268164 0.6206896552 0.0449141348 0.18390804600000002
45.0 0.31241743720000004 0.6350574712 0.0488771467 0.17816091950000001
10.0 0.3778071334 0.6350574712 0.039630118900000004 0.0402298851
1.0 0.4815059446 0.5718390804 0.0673712021 0.1321839081
3.0 0.6321003963 0.3103448276 0.0515191546 0.45977011500000003
30.0 0.6684280053 0.3275862069 0.0634081902 0.28735632180000004
10.0 0.7291941876 0.3620689655 0.0581241744 0.0689655172
17.0 0.7965653897 0.3706896552 0.0449141348 0.3390804598
6.0 0.8322324967 0.3189655172 0.026420079200000002 0.408045977
9.0 0.8844121532 0.3620689655 0.059445178300000005 0.29885057470000004
30.0 0.9517833554 0.36781609200000004 0.059445178300000005 0.2643678161
