42.0 0.11973807300000001 0.3292682926 0.2263797942 0.3780487805
23.0 0.2736202058 0.6493902439 0.0439663236 0.16463414640000001
45.0 0.33629560340000003 0.675304878 0.060804490200000005 0.0701219513
1.0 0.41159962580000004 0.625 0.057998129100000004 0.1036585366
0.0 0.7521047708 0.47256097560000004 0.4733395697 0.0243902439
14.0 0.7072029934 0.306402439 0.0804490177 0.32012195120000003
23.0 0.7689429374000001 0.362804878 0.0654817587 0.2621951219
16.0 0.8348924228 0.12195121960000001 0.055191768 0.2256097561
14.0 0.5771749298000001 0.7423780488 0.0748362956 0.32012195120000003
23.0 0.644059869 0.7789634146000001 0.0664172123 0.2347560975
13.0 0.6852198316 0.6097560976 0.0084190832 0.2134146341
9.0 0.7385406922000001 0.7225609756 0.0664172123 0.16463414640000001
21.0 0.8030869972 0.7454268292 0.045837231000000006 0.3384146341
3.0 0.8391019644000001 0.7606707317 0.0074836295 0.4237804878
23.0 0.8863423760000001 0.7606707317 0.0664172123 0.2103658536
19.0 0.9420018709 0.6204268292 0.0411599626 0.2347560975
6.0 0.9943872778 0.7606707317 0.0074836296000000005 0.4237804878
