19.0 0.051774076700000005 0.29702970300000003 0.0760318609 0.47524752470000003
11.0 0.0890658943 0.4900990099 0.052136133200000004 0.5841584158
15.0 0.13396089790000001 0.5214521452 0.059377262800000004 0.4422442244
42.0 0.283128168 0.44884488440000003 0.1578566256 0.4092409241
39.0 0.3982621289 0.8151815181000001 0.0405503258 0.21122112210000002
45.0 0.4478638668 0.798679868 0.047067342500000005 0.11221122110000001
1.0 0.4971035482 0.7508250826 0.039826212900000005 0.0891089109
0.0 0.7918175236 0.597359736 0.35553946410000004 0.0396039604
39.0 0.6180304128 0.3795379538 0.047067342500000005 0.2574257426
44.0 0.7657494569000001 0.41254125420000004 0.1614771904 0.3102310231
16.0 0.897538016 0.1419141914 0.0441708907 0.2574257426
11.0 0.9181752353 0.26567656770000003 0.037653874000000004 0.46534653470000004
39.0 0.9594496742 0.43894389440000003 0.0579290369 0.2904290429
19.0 0.791455467 0.7904290429 0.052136133300000005 0.35973597360000004
