42.0 0.0443279314 0.4795081968 0.08388941850000001 0.34699453550000003
35.0 0.11177311720000001 0.8442622951000001 0.0195424213 0.174863388
45.0 0.140848427 0.8729508196 0.030028598700000003 0.0628415301
4.0 0.188036225 0.6789617486 0.0510009533 0.43442622950000004
11.0 0.246663489 0.7513661202 0.0586272641 0.3715846994
16.0 0.2707340324 0.8838797814 0.0238322212 0.2213114754
0.0 0.6530028599000001 0.5368852459 0.6825548141000001 0.0573770492
19.0 0.3384175405 0.34153005470000003 0.0285986654 0.2295081967
46.0 0.4230219256 0.38114754100000003 0.10438512870000001 0.2540983606
19.0 0.4997616778 0.18306010920000002 0.0224022879 0.1530054645
35.0 0.5602955196 0.3196721312 0.0376549095 0.2568306011
9.0 0.6055767398 0.3169398908 0.0462345091 0.2131147541
10.0 0.6491897045 0.3155737705 0.0333651096 0.046448087400000004
18.0 0.6863679695 0.2841530054 0.0257387988 0.32786885250000003
47.0 0.7855100096000001 0.356557377 0.1248808389 0.3032786885
14.0 0.8963298380000001 0.1092896175 0.030028598700000003 0.2021857924
35.0 0.9744995234 0.2677595628 0.0481410867 0.2896174863
15.0 0.6279790276 0.6489071038 0.0500476645 0.281420765
