0.0 0.515625 0.519138756 0.8355978260000001 0.1148325359
42.0 0.11684782610000001 0.30263157900000004 0.1820652174 0.1842105263
39.0 0.2683423913 0.4748803828 0.0557065218 0.1459330144
45.0 0.3471467391 0.4784688996 0.09918478260000001 0.1052631579
21.0 0.4429347826 0.4306220096 0.0733695652 0.1626794258
9.0 0.4979619565 0.2751196172 0.0611413044 0.0909090909
13.0 0.6650815218 0.2009569378 0.0665760869 0.2296650718
12.0 0.745923913 0.15430622 0.1005434783 0.2081339713
21.0 0.8675271739 0.1519138756 0.12092391300000001 0.22248803820000002
42.0 0.1039402174 0.7571770335 0.1779891304 0.2177033492
39.0 0.2567934783 0.9102870814 0.0516304348 0.1315789473
45.0 0.3396739131 0.9306220096000001 0.0896739131 0.1004784689
20.0 0.4368206522 0.8827751196 0.0638586957 0.1531100478
9.0 0.5020380435 0.7320574162 0.066576087 0.0813397129
7.0 0.7900815217 0.7368421052 0.3057065217 0.5167464115
40.0 0.9578804348000001 0.711722488 0.0815217391 0.2751196173
