42.0 0.18664047150000002 0.5256410256 0.32220039300000003 0.3653846154
29.0 0.0677799607 0.7676282052000001 0.049115913600000005 0.1634615385
45.0 0.1404715128 0.7980769230000001 0.08447937130000001 0.06410256410000001
1.0 0.2691552063 0.7483974359000001 0.090373281 0.09935897440000001
0.0 0.7220039293 0.5544871795 0.4616895874 0.025641025600000002
21.0 0.6542239686 0.34294871800000004 0.1178781925 0.2756410257
13.0 0.7495088408 0.3317307692 0.0216110019 0.2467948718
29.0 0.8418467584 0.3541666666 0.0726915521 0.2980769231
13.0 0.909626719 0.14743589740000002 0.0117878193 0.1474358975
19.0 0.5992141454000001 0.7996794872 0.1139489194 0.2788461538
3.0 0.7092337918 0.7964743590000001 0.0275049115 0.30448717950000004
29.0 0.7956777996000001 0.7948717948 0.090373281 0.2948717949
17.0 0.884086444 0.6602564102 0.0746561886 0.1538461539
6.0 0.9744597250000001 0.8044871794 0.0157170923 0.31410256410000004
