42.0 0.0975274726 0.5303030303 0.1749084249 0.5681818182
28.0 0.2065018315 0.8503787879 0.0283882784 0.2386363636
45.0 0.2509157509 0.7424242424 0.0494505494 0.06818181820000001
12.0 0.3072344322 0.7102272728 0.0430402931 0.2765151515
9.0 0.35027472530000003 0.4867424242 0.041208791200000004 0.1477272727
27.0 0.47390109890000004 0.45833333340000004 0.0558608058 0.2954545455
47.0 0.5663919414 0.2670454546 0.1163003663 0.2462121213
28.0 0.6794871794 0.3295454545 0.0293040293 0.25
49.0 0.7559523809 0.20265151520000002 0.055860805900000005 0.23863636370000002
2.0 0.8337912088 0.21590909090000002 0.0302197802 0.32575757580000003
21.0 0.8663003663000001 0.1496212121 0.0293040294 0.24621212120000002
9.0 0.9120879121000001 0.20833333340000001 0.042124542200000004 0.1666666667
28.0 0.951007326 0.33333333330000003 0.0283882784 0.2575757576
5.0 0.9816849817000001 0.2443181818 0.0238095238 0.35984848480000003
