42.0 0.1283333333 0.3786885246 0.14 0.31803278690000003
29.0 0.0195833334 0.8278688524000001 0.0291666667 0.1606557377
45.0 0.0733333333 0.8836065574 0.065 0.1081967213
15.0 0.15583333330000002 0.8655737705000001 0.035 0.2295081968
9.0 0.20125 0.631147541 0.0458333334 0.1475409836
0.0 0.6162500000000001 0.462295082 0.7641666666 0.1114754099
14.0 0.6166666666 0.13770491810000002 0.0516666667 0.2295081967
11.0 0.6491666666 0.2540983606 0.028333333300000003 0.2327868853
29.0 0.6629166666 0.3229508196 0.0308333333 0.2327868853
10.0 0.3391666667 0.5836065574 0.05 0.045901639300000005
14.0 0.3975 0.5901639344 0.0533333334 0.25573770490000003
44.0 0.5316666667000001 0.6377049181000001 0.1116666667 0.1868852459
29.0 0.6783333334 0.6278688524 0.0416666667 0.2459016393
46.0 0.7933333334 0.6983606557 0.11833333330000001 0.2163934426
29.0 0.9191666666 0.6262295082 0.0383333333 0.19672131140000002
