42.0 0.0474842767 0.4707692308 0.0924528302 0.24615384610000002
36.0 0.112264151 0.6846153846 0.0232704403 0.1015384616
45.0 0.13930817610000001 0.68 0.0333333334 0.08615384620000001
0.0 0.1937106918 0.6846153846 0.0389937107 0.0215384616
4.0 0.1968553459 0.5876923077 0.0314465409 0.1046153846
19.0 0.2037735849 0.7769230769000001 0.021383647800000002 0.16923076920000002
0.0 0.6380503144 0.5138461538 0.7238993711 0.1538461539
0.0 0.3427672956 0.2953846154 0.0503144654 0.0246153846
26.0 0.3283018868 0.2 0.027672956000000002 0.1292307692
26.0 0.3210691824 0.3769230769 0.028301886800000002 0.1261538462
36.0 0.34842767300000005 0.3876923077 0.0251572327 0.1046153846
2.0 0.3955974843 0.2584615384 0.0352201258 0.38153846150000004
44.0 0.48836477980000004 0.29230769230000003 0.10377358490000001 0.1661538462
36.0 0.5871069182 0.26 0.0358490566 0.1261538462
9.0 0.6163522012 0.2384615384 0.0264150943 0.1630769231
10.0 0.6550314466 0.22 0.0308176101 0.0338461538
15.0 0.6924528302 0.2030769231 0.042767295600000005 0.2338461538
46.0 0.7940251572 0.2476923077 0.1062893082 0.15076923080000001
36.0 0.9 0.2307692308 0.0389937106 0.1353846154
5.0 0.9408805032 0.2138461538 0.0389937107 0.4215384615
0.0 0.4333333334 0.7307692308 0.08427672950000001 0.027692307700000002
26.0 0.4616352201 0.6307692308 0.028930817600000002 0.1169230769
26.0 0.4544025157 0.8184615384 0.029559748400000002 0.1292307693
36.0 0.4817610063 0.8307692308 0.022641509400000003 0.11076923080000001
2.0 0.5380503145000001 0.7292307692000001 0.0421383648 0.4430769231
36.0 0.5666666666 0.7107692308 0.0314465409 0.1292307692
9.0 0.6000000000000001 0.6969230769 0.027672956000000002 0.16923076920000002
10.0 0.6383647799000001 0.6846153846 0.030188679200000002 0.04
18.0 0.676100629 0.6584615385 0.0402515723 0.24
0.0 0.7408805032 0.7169230769 0.0490566037 0.0246153846
4.0 0.7396226415 0.6215384616 0.040251572400000005 0.1169230769
20.0 0.7449685534 0.8461538462 0.0295597485 0.2276923077
5.0 0.8075471698000001 0.716923077 0.0389937107 0.4430769231
