49.0 0.0271591526 0.4750297265 0.0445410103 0.12960761
25.0 0.10076045630000001 0.5 0.030961434000000003 0.07491082040000001
22.0 0.1447582835 0.4768133175 0.0472569256 0.0451843044
0.0 0.5828354155000001 0.5558858501 0.690928843 0.036860879900000004
42.0 0.3506246605 0.1581450654 0.1330798479 0.14744351960000002
28.0 0.2612710484 0.3816884661 0.024986420500000002 0.109393579
45.0 0.3025529604 0.3781212842 0.040195545900000004 0.0404280618
0.0 0.3593155893 0.3739595719 0.0363932645 0.0107015458
4.0 0.36447582840000003 0.3263971462 0.041281912000000004 0.0630202141
17.0 0.366376969 0.42152199760000003 0.0277023357 0.07966706300000001
10.0 0.41716458440000004 0.25980975030000003 0.0152091255 0.0059453032
0.0 0.536121673 0.1801426873 0.10755024440000001 0.0154577884
26.0 0.5320478001 0.0772889417 0.0602933188 0.14744351960000002
26.0 0.5100488864 0.26337693230000003 0.0651819663 0.1486325803
28.0 0.5692558392 0.32936979780000003 0.0434546442 0.1878715815
46.0 0.7072243346 0.14803805 0.1379684954 0.1082045185
28.0 0.8639326453 0.1848989298 0.0450841934 0.1890606421
42.0 0.27403585 0.657550535 0.1265616513 0.1450653983
28.0 0.18875611080000002 0.8894173602000001 0.0266159696 0.1165279429
45.0 0.2243346008 0.8864447087 0.0336773493 0.0392390012
0.0 0.28272677890000003 0.8912009512 0.0809342748 0.013079667100000001
4.0 0.2897881586 0.8513674198000001 0.041825095 0.0642092747
14.0 0.2892449755 0.938763377 0.0298750679 0.0820451843
10.0 0.3413905486 0.7859690844 0.014665942400000001 0.0118906064
0.0 0.4527430744 0.7164090368 0.1298207496 0.0154577883
26.0 0.4584464965 0.626040428 0.061922868000000006 0.17241379310000002
26.0 0.43373166760000004 0.8204518431000001 0.0635524172 0.1878715815
28.0 0.4880499728 0.8567181926 0.0374796307 0.1747919144
10.0 0.5491580663 0.7021403092 0.020640956000000002 0.008323424500000001
21.0 0.5999456817000001 0.724137931 0.061379685 0.20927467300000002
47.0 0.7637153721000001 0.7306777646 0.1988049973 0.1438763377
20.0 0.8682781098000001 0.5933412604 0.0298750679 0.11890606420000001
28.0 0.9663226508 0.7568370987 0.0543183053 0.1700356718
