42.0 0.0516214428 0.755023184 0.0727994705 0.20247295210000002
39.0 0.1163136996 0.9312210201000001 0.0268034415 0.13137557960000001
45.0 0.1454334878 0.9319938176 0.0327597617 0.0927357032
4.0 0.1968894772 0.7588871716000001 0.0549305096 0.1978361669
11.0 0.23080741230000001 0.8160741886 0.013567174000000001 0.34312210200000004
14.0 0.267868961 0.8392581144 0.0301125083 0.1112828439
10.0 0.293514229 0.7318392581000001 0.029781601600000002 0.0664605873
21.0 0.3466247518 0.4760432767 0.0301125083 0.15455950540000002
11.0 0.36267372600000003 0.6159196290000001 0.0086035738 0.3755795981
19.0 0.39444076770000003 0.5494590418 0.025148908 0.1561051005
47.0 0.4875909993 0.5494590417 0.1075446724 0.2735703246
16.0 0.5433487756000001 0.3191653786 0.0231634679 0.1004636785
39.0 0.594804765 0.4095826893 0.0373924553 0.1607418856
2.0 0.6318663137 0.3469860896 0.0473196558 0.1561051005
14.0 0.6661151555 0.36707882540000003 0.0344142952 0.1561051005
39.0 0.700694904 0.35162287480000004 0.0327597617 0.17156105100000002
9.0 0.7308074124 0.32612055640000004 0.0294506949 0.15455950540000002
2.0 0.7729980145 0.2897990726 0.0410324289 0.1931993817
10.0 0.8100595632 0.3013910356 0.0370615486 0.0803709429
16.0 0.8459629384 0.2387944358 0.030774321700000003 0.1561051005
4.0 0.8954334878 0.23338485320000002 0.0476505625 0.18238021640000002
5.0 0.9437458636 0.1870170015 0.0238252813 0.21947449770000002
21.0 0.9592984778 0.0564142195 0.0172071476 0.0973724884
5.0 0.9862673726000001 0.1576506955 0.0248180014 0.22874806800000003
