42.0 0.0659770115 0.2149681528 0.11632183900000001 0.17197452230000002
30.0 0.028965517200000002 0.3439490445 0.0266666667 0.0923566879
45.0 0.0563218391 0.36863057320000003 0.0271264368 0.0684713375
18.0 0.0940229885 0.36783439490000003 0.031724138 0.0955414012
0.0 0.4027586206 0.40286624200000004 0.4211494253 0.1337579618
21.0 0.19494252880000001 0.1377388535 0.0395402299 0.18949044580000002
2.0 0.2268965517 0.1847133758 0.028045977000000003 0.24522293
30.0 0.2809195402 0.1664012739 0.0542528736 0.1640127388
10.0 0.3124137931 0.20143312100000002 0.0206896552 0.0175159236
16.0 0.34229885060000004 0.2022292994 0.028045977000000003 0.1464968153
5.0 0.38459770120000003 0.2101910828 0.030804597700000002 0.2229299364
7.0 0.5193103448 0.29140127390000004 0.2303448276 0.3312101911
30.0 0.535862069 0.25477707 0.0547126437 0.1528662421
9.0 0.5689655172 0.2882165605 0.0234482759 0.0987261146
17.0 0.6103448276 0.29617834400000004 0.0455172414 0.1273885351
13.0 0.2337931034 0.546178344 0.0225287357 0.1592356687
9.0 0.26 0.5700636942 0.022528735600000002 0.1114649681
10.0 0.29149425290000003 0.5859872612 0.022988505700000002 0.0159235669
14.0 0.3264367816 0.5923566879000001 0.034022988500000004 0.143312102
7.0 0.44459770120000003 0.6449044586 0.1977011495 0.3630573248
30.0 0.48 0.6210191083000001 0.0514942528 0.1560509554
9.0 0.5172413793 0.6632165605 0.0248275862 0.1130573248
21.0 0.5581609196 0.6385350318 0.0404597701 0.1624203821
0.0 0.8232183908 0.5549363058 0.34988505740000003 0.10987261150000001
17.0 0.6903448275 0.36783439490000003 0.0436781609 0.1242038216
9.0 0.732183908 0.3837579618 0.0216091954 0.10191082800000001
7.0 0.8365517242 0.37261146500000003 0.17701149430000002 0.31528662420000003
30.0 0.8756321839000001 0.4267515924 0.046436781600000004 0.1656050955
9.0 0.9163218391 0.4625796178 0.0248275862 0.11624203820000001
21.0 0.9535632184 0.4482484076 0.0377011494 0.1767515923
15.0 0.6809195402 0.7117834395 0.035862069 0.1337579618
9.0 0.711954023 0.7237261146 0.022528735600000002 0.1130573249
7.0 0.8340229885 0.8025477707 0.207816092 0.3757961784
30.0 0.8593103448 0.7380573248000001 0.0496551724 0.1449044586
9.0 0.8956321839 0.7882165605 0.0220689656 0.1114649682
18.0 0.9466666666 0.7826433121 0.059770114900000004 0.1640127388
