42.0 0.0962047661 0.2809917356 0.1747572816 0.3801652893
36.0 0.0604589586 0.6349862259 0.0379523389 0.1239669422
45.0 0.1023830538 0.6198347108000001 0.0441306267 0.09366391190000001
12.0 0.1557811121 0.5826446281000001 0.041482789000000006 0.21212121220000002
0.0 0.6518093557 0.3746556474 0.6787290380000001 0.044077135
18.0 0.5878199471000001 0.1845730028 0.0635481023 0.3415977961
36.0 0.6553398058000001 0.24793388430000002 0.06619594 0.1873278236
7.0 0.5564872022 0.5812672176 0.5233892321 0.4077134986
19.0 0.53309797 0.7672176309000001 0.0829655781 0.3278236915
36.0 0.6120917917 0.8264462810000001 0.06619594 0.1983471074
9.0 0.6879964696 0.7892561983 0.0661959399 0.1900826447
16.0 0.7616946160000001 0.7603305786 0.07590467790000001 0.36914600550000004
10.0 0.8583406884 0.8016528926 0.06972639010000001 0.044077135
18.0 0.9218887908000001 0.7465564738 0.0573698146 0.3305785124
