49.0 0.0535055351 0.4137577002 0.0745387453 0.227926078
40.0 0.1645756458 0.5308008213000001 0.0413284133 0.2607802875
22.0 0.2361623616 0.4219712526 0.0767527675 0.11704312110000001
0.0 0.6605166052 0.4804928131 0.6760147601000001 0.0410677618
42.0 0.4284132841 0.10369609860000001 0.0966789668 0.1416837783
29.0 0.5062730628000001 0.26591375770000003 0.0265682657 0.137577002
45.0 0.5398523985 0.27412731 0.0376383764 0.0390143737
0.0 0.604797048 0.2905544148 0.0479704797 0.014373716600000001
4.0 0.6092250922 0.2320328542 0.0302583025 0.0616016427
19.0 0.6103321033 0.3737166324 0.038376383800000004 0.1355236139
10.0 0.6638376384 0.1457905544 0.0184501845 0.0164271047
48.0 0.7778597786 0.1314168378 0.10332103320000001 0.1478439425
29.0 0.8800738008000001 0.0995893224 0.0317343173 0.1540041068
42.0 0.35055350560000004 0.6498973306 0.1062730627 0.1868583162
29.0 0.4180811808 0.7700205339 0.024354243600000002 0.1232032854
45.0 0.4527675277 0.7864476386 0.0361623616 0.0328542094
0.0 0.5180811808 0.8110882957000001 0.038376383800000004 0.0205338809
4.0 0.5184501845 0.7566735113 0.027306273000000002 0.06776180700000001
14.0 0.5239852398 0.9065708419 0.0339483395 0.1457905544
10.0 0.5734317343 0.6540041068 0.0177121771 0.0102669404
10.0 0.6487084870000001 0.6447638604 0.0265682657 0.0164271047
19.0 0.6922509225 0.6201232032 0.0457564576 0.1930184805
44.0 0.8088560886 0.6611909651 0.1136531365 0.1396303902
15.0 0.8970479705000001 0.5420944558 0.024354243600000002 0.1355236139
29.0 0.9704797048 0.6427104722 0.038376383800000004 0.1930184805
