42.0 0.1508078994 0.4110738255 0.2333931777 0.2651006712
23.0 0.027827648200000003 0.6761744966000001 0.0484739677 0.1107382551
45.0 0.1005385996 0.6543624161 0.0610412927 0.0805369128
1.0 0.20736086180000002 0.5973154362 0.0700179533 0.0671140939
0.0 0.7208258528 0.4916107382 0.4362657092 0.0436241611
43.0 0.5583482944 0.20469798660000002 0.24775583480000002 0.3825503356
18.0 0.7342908438 0.3825503356 0.046678635600000004 0.1275167785
18.0 0.7953321364 0.3909395973 0.0430879713 0.1308724832
13.0 0.9721723519000001 0.21644295300000002 0.044883303400000005 0.1711409396
43.0 0.565529623 0.6610738255 0.2692998205 0.37583892620000003
15.0 0.7387791742 0.8909395973 0.0484739677 0.1510067114
16.0 0.7881508079 0.8825503356000001 0.0323159784 0.16107382550000002
19.0 0.9649910234 0.7248322148 0.06642728910000001 0.21476510070000002
