42.0 0.0496575343 0.2440191388 0.09794520550000001 0.3157894737
39.0 0.1393835616 0.6459330144000001 0.028082191700000002 0.2009569378
45.0 0.1787671233 0.6531100478 0.0452054794 0.1196172249
0.0 0.245890411 0.6985645933 0.0547945205 0.057416268000000006
4.0 0.2452054794 0.6052631579000001 0.0315068493 0.1483253588
19.0 0.247260274 0.8732057416000001 0.0260273973 0.2057416268
47.0 0.40479452060000004 0.4928229665 0.1328767123 0.3540669856
17.0 0.5068493151 0.1698564593 0.036986301400000005 0.23444976080000002
39.0 0.5914383562000001 0.5861244019 0.037671232900000004 0.2440191388
9.0 0.6407534246000001 0.5598086124 0.0321917809 0.2488038277
46.0 0.7726027397 0.6531100478 0.1424657534 0.4066985645
17.0 0.8739726027 0.3564593301 0.0397260274 0.2727272727
39.0 0.973630137 0.8014354067 0.043150685 0.2822966508
