42.0 0.2128883774 0.4322916666 0.2209436133 0.2673611111
40.0 0.059263521300000004 0.8342013889000001 0.0632911392 0.2135416666
45.0 0.1438434982 0.7821180556 0.10817031070000001 0.08854166670000001
16.0 0.2704257768 0.7734375 0.0598388953 0.1197916666
9.0 0.3521288838 0.609375 0.09205983890000001 0.0972222222
0.0 0.7232451094 0.49305555560000003 0.4223245109 0.0208333333
49.0 0.5863060990000001 0.1840277777 0.1369390103 0.23611111110000002
40.0 0.7646720368000001 0.3498263889 0.0678941312 0.3072916666
14.0 0.8642117376 0.1050347222 0.080552359 0.1545138889
12.0 0.9522439586 0.1588541667 0.0771001151 0.1753472222
7.0 0.7905638665 0.75 0.36823935560000004 0.4861111112
40.0 0.8878020714 0.7812500000000001 0.0747986191 0.30555555560000003
