42.0 0.0555258943 0.7420382166 0.0993059263 0.3184713376
37.0 0.14682327820000002 0.9363057324 0.0170848905 0.1146496815
45.0 0.1671115857 0.9219745223 0.021356113200000002 0.0796178344
17.0 0.1972770956 0.8996815286000001 0.021890016 0.1178343949
9.0 0.2159636946 0.694267516 0.021890016 0.12101910830000001
0.0 0.6633742659 0.5 0.6721836626000001 0.28662420380000003
10.0 0.45301655100000005 0.38853503180000004 0.019754404700000002 0.0382165605
18.0 0.47624132410000003 0.4203821656 0.021356113200000002 0.1974522293
50.0 0.5531233315 0.3455414013 0.0950347037 0.23248407640000002
37.0 0.6422851041000001 0.31528662420000003 0.0202883076 0.14649681520000002
48.0 0.7095568606 0.24681528660000002 0.0726107849 0.20063694270000001
16.0 0.7554725040000001 0.0748407643 0.0170848906 0.1305732484
37.0 0.8040576615 0.2388535032 0.0192205018 0.152866242
47.0 0.3392952482 0.8646496815 0.0955686065 0.1878980892
13.0 0.3881473572 0.7006369427 0.006406834 0.127388535
37.0 0.43326214630000004 0.8455414012 0.0229578216 0.1687898089
9.0 0.462092899 0.8025477707 0.0304324613 0.152866242
2.0 0.48878804060000003 0.7324840764 0.015483182100000001 0.3121019108
18.0 0.5160170849 0.7914012739 0.021890016 0.1815286624
37.0 0.5357714896 0.7611464968 0.019754404700000002 0.1337579618
50.0 0.6265349706000001 0.6958598726 0.1105178857 0.2006369426
37.0 0.7050186866 0.6847133758 0.019754404700000002 0.152866242
9.0 0.7314468766000001 0.6719745222 0.026695141500000002 0.17197452230000002
12.0 0.7616123866000001 0.6512738854 0.0186865991 0.1496815287
5.0 0.7813667912000001 0.5939490446 0.026161238700000002 0.3789808917
50.0 0.8566470903000001 0.5605095542 0.0838227443 0.1910828025
13.0 0.9191137213 0.423566879 0.005872931200000001 0.1337579618
37.0 0.9602242392 0.5366242038 0.0208222104 0.14331210190000002
