0.0 0.5013901761 0.5739957717 0.9916589434 0.057082452400000004
42.0 0.12326227990000001 0.1765327696 0.1445783132 0.2050739957
23.0 0.2298424467 0.4154334038 0.0352177942 0.0909090909
45.0 0.28452270620000003 0.4090909091 0.0722891566 0.0359408034
14.0 0.34800741430000004 0.43234672300000004 0.0361445783 0.0655391121
9.0 0.3938832252 0.29915433410000003 0.0352177942 0.1078224101
0.0 0.5569972196 0.3160676532 0.0852641335 0.019027484100000002
26.0 0.5333642262 0.243128964 0.028730305900000003 0.1310782241
26.0 0.5134383688 0.37209302320000004 0.0240963855 0.1057082453
23.0 0.5454124189 0.4027484143 0.025023169600000002 0.0782241015
13.0 0.610287303 0.3181818182 0.0361445783 0.12473572940000001
12.0 0.6566265061000001 0.3086680761 0.0361445783 0.1606765328
20.0 0.6955514366000001 0.3192389007 0.0231696015 0.1522198731
49.0 0.781742354 0.30655391120000003 0.0658016682 0.1691331924
23.0 0.8864689527 0.3583509514 0.0342910102 0.0866807611
19.0 0.9170528267 0.2642706131 0.0268767378 0.067653277
42.0 0.21223354960000002 0.6257928118 0.124189064 0.2156448203
23.0 0.3276181649 0.8520084567 0.030583873900000003 0.09302325580000001
45.0 0.38044485640000003 0.8393234673000001 0.0658016683 0.0338266385
16.0 0.4392956442 0.8509513742 0.020389249300000002 0.0909090909
9.0 0.4800741428 0.7272727272 0.0389249305 0.1141649049
0.0 0.6269694162 0.7198731501000001 0.07321594070000001 0.0190274842
26.0 0.6153846154 0.6490486258 0.029657089900000003 0.11416490480000001
26.0 0.5973123262000001 0.7959830867000001 0.0268767377 0.12473572940000001
23.0 0.6302131604 0.8139534884 0.029657089900000003 0.0803382664
7.0 0.766450417 0.7811839324000001 0.1816496757 0.4038054969
40.0 0.8382761816000001 0.7684989429 0.0435588507 0.20507399580000002
