42.0 0.1247346072 0.4573412698 0.2133757962 0.2797619047
40.0 0.0451167728 0.7123015873 0.043524416100000005 0.1428571428
45.0 0.1077494692 0.6775793651 0.0690021232 0.045634920600000003
19.0 0.1788747346 0.6597222223 0.0477707006 0.16071428570000001
10.0 0.2239915074 0.5654761905 0.042462845000000006 0.019841269800000002
0.0 0.648089172 0.43452380960000003 0.6804670913 0.0912698413
40.0 0.48991507430000003 0.3055555555 0.1072186836 0.2658730159
16.0 0.5700636943 0.11904761900000001 0.059447983 0.1269841269
9.0 0.6767515924 0.25099206350000003 0.09447983010000001 0.1369047619
21.0 0.7829087049 0.1964285714 0.08811040340000001 0.24603174600000002
7.0 0.6709129512 0.7033730159 0.6199575371 0.5773809524
40.0 0.644373673 0.7847222222 0.1082802548 0.2757936508
10.0 0.7653927814 0.7371031746000001 0.09554140130000001 0.0337301588
18.0 0.8779193206 0.6607142857 0.1125265392 0.32936507940000004
