42.0 0.1499330656 0.5831202046 0.2945113788 0.19948849100000002
39.0 0.0428380188 0.7250639386000001 0.0455153949 0.06393861890000001
45.0 0.10040160640000001 0.7122762148 0.0642570281 0.084398977
1.0 0.1894243642 0.6726342711000001 0.0602409639 0.0664961636
0.0 0.6593038822 0.5716112532000001 0.6492637216 0.0383631714
43.0 0.5180722892 0.3989769821 0.2623828648 0.3069053708
13.0 0.6813922356000001 0.40792838880000004 0.016064257000000002 0.1918158567
12.0 0.7623828648000001 0.4181585678 0.1057563588 0.2429667519
15.0 0.9531459170000001 0.2378516624 0.09370816600000001 0.3171355498
43.0 0.530789826 0.800511509 0.25033467200000004 0.23017902810000002
15.0 0.7369477912 0.8606138108 0.0763052209 0.22250639390000002
19.0 0.8239625167 0.8734015346 0.0843373494 0.2531969309
13.0 0.9672021419000001 0.70971867 0.0281124498 0.27877237850000003
