42.0 0.1093855504 0.2273838631 0.18230925050000002 0.37652811740000003
39.0 0.0344361918 0.619804401 0.052667116800000004 0.2518337408
45.0 0.0945307224 0.6540342298 0.054017555700000004 0.1638141809
14.0 0.17319378800000002 0.5953545232 0.0587440918 0.24205378970000002
0.0 0.6380823768 0.5342298288 0.7238352465 0.0464547677
14.0 0.396353815 0.1797066015 0.06752194460000001 0.3349633252
9.0 0.46185010130000004 0.271393643 0.063470628 0.2347188264
47.0 0.6455097907 0.28239608800000005 0.20661715060000002 0.3349633252
39.0 0.8122889939 0.3019559902 0.06482106680000001 0.3007334963
16.0 0.2940580688 0.6369193154 0.0681971641 0.2811735942
9.0 0.3710330858 0.7139364304 0.0735989197 0.2249388753
10.0 0.43416610400000005 0.7286063570000001 0.0418636057 0.0488997555
17.0 0.48784605000000003 0.7371638142 0.0465901418 0.2762836186
46.0 0.648885888 0.8056234719 0.20256583390000002 0.369193154
20.0 0.8082376772000001 0.630806846 0.0459149223 0.25916870410000004
39.0 0.9051316678 0.8166259169000001 0.068197164 0.34718826410000003
