42.0 0.0952051637 0.4966139954 0.0880590134 0.1941309255
23.0 0.009681881 0.9458239278 0.0175195943 0.1038374718
45.0 0.0315813739 0.9356659142 0.020746888 0.0835214447
4.0 0.0806823421 0.7539503386 0.049792531200000004 0.2347629796
11.0 0.1240202858 0.7889390519 0.0424158599 0.34537246050000003
18.0 0.15099124020000002 0.8939051918 0.019824804 0.1218961625
46.0 0.2508068234 0.5 0.12263716000000001 0.2189616252
14.0 0.3296449977 0.3216704289 0.02120793 0.1422121896
23.0 0.3898109728 0.5158013544 0.0382664822 0.2009029346
9.0 0.4260027662 0.565462754 0.0276625173 0.10609480810000001
42.0 0.5645458736 0.4051918735 0.1028123559 0.2415349887
23.0 0.47372060860000004 0.9221218962000001 0.022591055800000003 0.1151241535
45.0 0.49953895800000003 0.9187358916 0.025357307500000002 0.1038374717
4.0 0.5636237898 0.7133182844 0.07146150300000001 0.27539503390000003
11.0 0.6097279852 0.7494356659 0.0373443983 0.4514672686
16.0 0.6588289534 0.8781038375 0.021207929900000002 0.13544018060000002
44.0 0.7969110189 0.4198645599 0.1885661596 0.2979683973
21.0 0.9057169202 0.1681715576 0.030889810900000002 0.1376975169
23.0 0.9753342554000001 0.3905191874 0.0465652374 0.2167042889
