42.0 0.1456953642 0.3757961784 0.2569536424 0.2611464969
29.0 0.2966887418 0.5796178344 0.0397350993 0.1210191082
45.0 0.3516556292 0.5923566879000001 0.0463576159 0.0573248408
1.0 0.4258278146 0.5541401274000001 0.0490066225 0.050955414000000004
0.0 0.7165562914 0.4681528662 0.421192053 0.0636942675
0.0 0.8059602649000001 0.2388535032 0.3086092716 0.0636942675
43.0 0.7165562914 0.12101910830000001 0.1430463576 0.229299363
20.0 0.8039735100000001 0.1671974522 0.0344370861 0.1114649681
13.0 0.8344370860000001 0.17197452230000002 0.0344370861 0.10191082800000001
29.0 0.9158940398000001 0.1194267516 0.0251655629 0.1050955414
43.0 0.6801324504 0.31050955420000004 0.1178807947 0.19426751590000002
17.0 0.7894039735 0.3757961784 0.042384106000000005 0.0891719745
15.0 0.8350993378 0.37738853510000003 0.0384105961 0.0987261147
15.0 0.917218543 0.3136942675 0.0357615894 0.0859872612
0.0 0.738410596 0.7229299363 0.3695364238 0.012738853500000001
43.0 0.6774834437 0.6003184714 0.1258278146 0.20063694270000001
13.0 0.7801324504 0.6449044586 0.0397350993 0.1050955414
12.0 0.8231788079 0.6464968152 0.0357615894 0.09554140130000001
29.0 0.901986755 0.5859872612 0.0291390729 0.10828025470000001
43.0 0.6549668874 0.8503184714 0.1258278146 0.1974522293
17.0 0.7688741722 0.8789808918 0.051655629200000004 0.0891719745
18.0 0.8079470199000001 0.8885350318 0.0397350993 0.09554140130000001
16.0 0.8993377484 0.8105095542 0.031788079500000004 0.0987261147
