22.0 0.030669145000000002 0.24662813100000003 0.0557620818 0.11175337190000001
42.0 0.154275093 0.3439306358 0.12639405210000002 0.4104046243
39.0 0.23094795540000002 0.5953757226 0.0250929368 0.1271676301
45.0 0.2664962826 0.6319845857 0.0329925651 0.0847784201
4.0 0.3313197026 0.4113680154 0.0687732342 0.17919075140000001
11.0 0.404972119 0.5173410405000001 0.0618029739 0.34104046250000003
21.0 0.4261152416 0.6184971099000001 0.0195167286 0.11175337190000001
0.0 0.7221189591 0.48940269750000004 0.5 0.1541425818
0.0 0.5167286246 0.2350674374 0.0789962825 0.042389210000000004
26.0 0.5197490706 0.1454720616 0.0255576208 0.1445086705
26.0 0.5044144982000001 0.3082851638 0.0255576209 0.13872832370000002
39.0 0.5297397770000001 0.3227360308 0.023234200700000002 0.1175337187
2.0 0.5666821561000001 0.2552986512 0.0116171004 0.2100192679
48.0 0.6315055762 0.22350674380000002 0.07342007440000001 0.2080924855
39.0 0.7053903346 0.2408477842 0.0260223048 0.16955684000000001
9.0 0.7418680298 0.2302504817 0.0218401487 0.1175337186
10.0 0.7681226766 0.25240847780000003 0.0250929368 0.015414258200000001
21.0 0.7936802974 0.2369942197 0.0195167286 0.1464354528
47.0 0.8724442379 0.2842003853 0.09990706320000001 0.1599229287
39.0 0.9663104089000001 0.2919075144 0.030204461000000002 0.15221579970000002
5.0 0.9886152416 0.3159922928 0.007899628300000001 0.2157996147
0.0 0.593866171 0.7350674374 0.0752788104 0.0366088632
26.0 0.5975836432 0.6560693642000001 0.022304832700000003 0.1522157996
26.0 0.5873605948 0.8179190752000001 0.0278810409 0.1560693641
39.0 0.6112918216000001 0.8246628131 0.023698884700000002 0.11946050100000001
2.0 0.6461431227000001 0.760115607 0.0106877323 0.2215799615
39.0 0.6775092936 0.7206165703 0.0343866171 0.1772639692
9.0 0.7072490706 0.6917148363000001 0.0204460967 0.11175337190000001
10.0 0.7328066914 0.7244701348 0.022304832700000003 0.0231213873
14.0 0.7657992565 0.7129094412 0.029739777000000002 0.15799614650000002
4.0 0.8164498142000001 0.5809248554 0.0604089219 0.1907514451
11.0 0.873605948 0.6743737958 0.037174721200000004 0.2581888247
15.0 0.8998605948 0.7427745665000001 0.030204461000000002 0.14836223510000002
5.0 0.9196096654 0.8034682081000001 0.009293680300000001 0.2736030828
