22.0 0.032163742700000005 0.325 0.0438596492 0.16176470580000002
42.0 0.1666666667 0.3147058823 0.1286549707 0.3235294117
39.0 0.1027046784 0.5838235294 0.0211988304 0.1264705882
45.0 0.13559941520000002 0.5661764706 0.0372807018 0.0617647059
0.0 0.20504385960000002 0.5852941176 0.0475146199 0.023529411700000002
4.0 0.20540935670000002 0.5117647059 0.0365497076 0.11764705880000001
14.0 0.2108918129 0.6867647059 0.0372807017 0.13235294120000002
0.0 0.6498538012 0.3823529412 0.682748538 0.058823529400000005
48.0 0.37902046780000004 0.16029411770000002 0.1293859649 0.2970588235
39.0 0.5135233918000001 0.2132352941 0.0445906433 0.21470588240000002
9.0 0.557383041 0.18823529420000001 0.040204678300000005 0.25294117650000003
10.0 0.6056286550000001 0.18823529420000001 0.029970760200000002 0.0470588235
15.0 0.6531432748 0.1823529412 0.0416666667 0.2470588235
44.0 0.7920321637000001 0.22352941180000002 0.1615497076 0.1941176471
39.0 0.9364035088 0.2132352941 0.039473684200000005 0.21470588240000002
39.0 0.5127923976000001 0.7397058824 0.038742690100000005 0.2264705883
9.0 0.5639619883 0.705882353 0.043128655 0.25294117650000003
10.0 0.6092836258000001 0.7044117647 0.0285087719 0.044117647
15.0 0.6549707602 0.7264705882 0.0380116959 0.2823529412
0.0 0.6896929824 0.75 0.0328947369 0.0352941176
4.0 0.7214912281 0.6558823530000001 0.0453216374 0.14705882350000002
17.0 0.7277046784 0.8764705882 0.0285087719 0.2
