42.0 0.10742609950000001 0.3590785908 0.128334535 0.2845528456
32.0 0.0194664744 0.6937669377 0.024513338200000002 0.1680216802
45.0 0.06308579660000001 0.6571815718 0.051189617900000005 0.10569105690000001
0.0 0.14491708720000002 0.659891599 0.0547945205 0.0189701897
4.0 0.1431146359 0.5325203252 0.0410958904 0.1436314364
15.0 0.151405912 0.7452574526 0.028839221300000002 0.1300813008
0.0 0.6070656092 0.38482384820000004 0.7728911319 0.054200542000000004
15.0 0.2833453496 0.1273712737 0.0490266763 0.2384823848
48.0 0.39906272530000003 0.1300813008 0.1016582552 0.2222222222
32.0 0.525594809 0.19647696480000001 0.0317231435 0.2140921409
9.0 0.5670511896 0.1341463414 0.031002163000000003 0.1436314363
10.0 0.6222062004000001 0.1490514905 0.0519105984 0.0379403794
18.0 0.6888968998 0.15989159890000001 0.0713770728 0.2222222222
47.0 0.8330930065000001 0.1693766938 0.14491708720000002 0.2195121951
32.0 0.9776496034000001 0.2100271002 0.0403749099 0.23035230350000002
14.0 0.4664744052 0.7303523035 0.0533525594 0.2140921409
32.0 0.5133381399 0.7872628726 0.030281182400000002 0.2086720867
9.0 0.5544340303 0.7425474255000001 0.0288392214 0.162601626
10.0 0.6124729632 0.7344173442 0.05407354 0.027100271000000002
15.0 0.6633020908 0.7154471545000001 0.0461427541 0.2330623306
0.0 0.7307137708 0.7588075881 0.0857966835 0.027100271000000002
4.0 0.7454938716 0.6002710028 0.0547945205 0.19783197830000002
16.0 0.7516222062 0.8550135502 0.0425378514 0.1653116531
