42.0 0.1352040816 0.33016877640000003 0.2132653061 0.2552742616
35.0 0.2515306122 0.506329114 0.0540816327 0.1054852321
45.0 0.3020408163 0.5242616034 0.0551020408 0.0443037975
1.0 0.3765306122 0.5105485232 0.053061224500000004 0.05907173
0.0 0.7469387755 0.4947257384 0.506122449 0.1202531646
0.0 0.6969387756000001 0.2278481012 0.2857142857 0.046413502100000004
43.0 0.6224489796 0.1244725738 0.12244897960000001 0.2447257384
18.0 0.7209183674 0.1455696202 0.0316326531 0.0970464135
20.0 0.7642857143 0.12341772150000001 0.0387755102 0.0738396624
35.0 0.8734693878 0.0959915612 0.0693877551 0.1202531646
43.0 0.6301020408 0.34388185660000004 0.1275510204 0.2362869199
14.0 0.7275510204000001 0.3829113924 0.030612244900000002 0.0611814346
14.0 0.7647959183 0.38818565400000005 0.0316326531 0.0632911392
20.0 0.8596938776 0.3122362869 0.0377551021 0.0801687764
0.0 0.7290816326 0.7668776372 0.44795918370000004 0.12869198310000002
43.0 0.593367347 0.6118143459000001 0.1214285715 0.2405063291
15.0 0.6928571428 0.6592827004 0.030612244900000002 0.082278481
19.0 0.7387755102 0.6445147679000001 0.0408163266 0.0611814346
35.0 0.8520408163000001 0.6181434599 0.061224489800000004 0.10970464140000001
43.0 0.6382653061 0.8639240506 0.14387755100000002 0.2468354431
14.0 0.7234693878 0.9314345992 0.030612244900000002 0.0654008439
20.0 0.8234693878 0.8713080169 0.0428571429 0.09282700420000001
