0.0 0.500200642 0.5909090909 0.9947833065 0.0110192838
42.0 0.157905297 0.1522038568 0.1127608347 0.2052341597
23.0 0.1258025682 0.3388429752 0.027688603500000002 0.0661157024
45.0 0.158105939 0.335399449 0.032905297 0.0454545455
17.0 0.1926163724 0.3044077135 0.0168539326 0.0661157024
0.0 0.31942215090000003 0.2369146006 0.0971107544 0.013774104700000001
26.0 0.3174157304 0.1163911846 0.0545746389 0.20247933880000002
26.0 0.27909309800000004 0.33333333330000003 0.0533707865 0.19008264460000002
23.0 0.33105939 0.42079889800000003 0.0385232745 0.1033057851
15.0 0.3964686998 0.2196969697 0.036918138100000004 0.1611570248
14.0 0.4500401284 0.2203856749 0.047752809 0.1652892562
44.0 0.5621990369000001 0.2541322314 0.1292134832 0.1336088154
2.0 0.6591091493 0.2575757576 0.0132423756 0.1707988981
16.0 0.6865971108000001 0.26790633610000003 0.0264847512 0.1639118458
23.0 0.7215088282000001 0.30234159780000003 0.0321027287 0.0840220386
5.0 0.7558186196000001 0.2899449036 0.0188603531 0.1859504132
50.0 0.8430979133000001 0.2796143251 0.1195826645 0.1404958678
2.0 0.930176565 0.3106060606 0.0128410915 0.1694214876
23.0 0.955658106 0.3450413223 0.0292937399 0.0840220386
5.0 0.9861556982 0.3168044078 0.0132423756 0.1597796143
42.0 0.4684991974 0.6928374656 0.0951043339 0.1790633609
23.0 0.4367977528 0.8767217631 0.022070626000000003 0.0537190082
45.0 0.4658908507 0.8725895317000001 0.028089887600000002 0.039944903600000005
16.0 0.4953852328 0.8471074380000001 0.0156500803 0.085399449
0.0 0.5985152488000001 0.7603305785000001 0.1015248796 0.0082644628
26.0 0.602728732 0.6473829201 0.047351524900000004 0.2066115702
26.0 0.580658106 0.8746556474 0.056179775300000005 0.21487603300000002
23.0 0.6225922954 0.9352617080000001 0.038924558500000005 0.0991735537
15.0 0.6785714286 0.7307162534 0.035313001600000005 0.1501377411
23.0 0.7162921348 0.767906336 0.0313001605 0.0867768595
