42.0 0.072437078 0.3438356165 0.1227747084 0.4301369863
39.0 0.1657458564 0.6287671233000001 0.0429711479 0.23835616440000001
45.0 0.2130141191 0.6643835616 0.0503376304 0.1452054795
0.0 0.269490485 0.6356164384 0.0712093309 0.0273972603
4.0 0.296193984 0.5301369863000001 0.0583179865 0.1561643836
15.0 0.29189686930000003 0.7383561644000001 0.021485573900000002 0.1726027397
0.0 0.7074892572 0.4287671233 0.5702885206 0.0410958904
15.0 0.4162062615 0.197260274 0.0319214242 0.2191780822
48.0 0.5260896256 0.24794520550000002 0.12400245550000001 0.3150684932
39.0 0.6212400246 0.2753424658 0.0368324125 0.22739726030000001
9.0 0.6635972990000001 0.2095890411 0.0319214241 0.1561643836
10.0 0.7013505218 0.2479452054 0.0288520564 0.0301369863
20.0 0.7326580724 0.2452054794 0.030079803500000002 0.3095890411
44.0 0.8456108042 0.2657534246 0.1332105586 0.2301369863
39.0 0.9643953346 0.2890410959 0.0392879067 0.2438356164
15.0 0.5638428484 0.6369863014 0.0337630448 0.2109589041
39.0 0.6065070595000001 0.7273972603000001 0.0417434009 0.2328767123
9.0 0.6454880295000001 0.6684931507 0.0337630448 0.1753424658
10.0 0.6798649478000001 0.695890411 0.0251688152 0.0328767123
21.0 0.7173112339000001 0.6698630137 0.036218539 0.2547945206
0.0 0.788213628 0.7342465754 0.0626151013 0.0219178083
4.0 0.7925107428 0.6438356164 0.05893186 0.1643835617
16.0 0.7915899325 0.8726027397 0.0300798036 0.23835616440000001
