42.0 0.2312703583 0.470046083 0.23018458200000003 0.3502304147
32.0 0.3702497286 0.7903225807 0.030401737300000002 0.1428571429
45.0 0.4185667752 0.7235023041 0.0532030401 0.1382488479
1.0 0.48697068400000004 0.6728110599 0.0445168295 0.11059907840000001
0.0 0.7909880564 0.4953917051 0.3963083605 0.069124424
43.0 0.6878393051 0.2603686636 0.12486427800000001 0.2811059908
21.0 0.8067318133 0.3064516129 0.049945711100000005 0.2258064516
19.0 0.8534201954 0.3225806452 0.041259500500000004 0.25806451610000003
14.0 0.9614549403 0.198156682 0.0749185668 0.3225806452
43.0 0.6900108578 0.797235023 0.1357220413 0.2857142857
14.0 0.8056460369 0.8548387097 0.0521172638 0.2626728111
14.0 0.8626492942 0.8594470046 0.0510314875 0.262672811
20.0 0.9614549403 0.6820276498000001 0.055374592800000004 0.29493087560000003
