42.0 0.1027777778 0.4600840336 0.1228395062 0.2857142857
37.0 0.0098765432 0.9180672269000001 0.0160493827 0.1008403362
45.0 0.036111111200000004 0.9474789916 0.0290123457 0.1008403362
4.0 0.100617284 0.7300420168 0.0753086419 0.2415966386
11.0 0.17530864200000001 0.7542016806 0.0617283951 0.3193277311
14.0 0.2212962963 0.9012605042 0.025308642000000003 0.18067226900000002
0.0 0.6151234568 0.4768907563 0.7228395062 0.0462184874
48.0 0.33179012350000003 0.3088235294 0.1216049383 0.268907563
15.0 0.424691358 0.1964285714 0.0271604938 0.1575630252
37.0 0.5043209876 0.3025210084 0.035802469100000005 0.20588235300000002
9.0 0.5555555556 0.2710084034 0.0493827161 0.1848739496
47.0 0.7092592592 0.3014705882 0.1629629629 0.20378151260000002
20.0 0.8163580246000001 0.1029411764 0.0339506173 0.1344537815
37.0 0.9058641976 0.2079831933 0.043827160500000004 0.1890756302
19.0 0.5861111111 0.5556722689 0.0388888889 0.25420168060000004
