42.0 0.0625594672 0.2703296704 0.09562321600000001 0.2769230769
36.0 0.0168886774 0.5714285714 0.0223596575 0.11428571430000001
45.0 0.0558991436 0.5472527472000001 0.0461465271 0.09230769230000001
19.0 0.1025214082 0.5175824176 0.0233111322 0.16923076920000002
0.0 0.2088487155 0.31208791210000003 0.09990485260000001 0.013186813200000001
19.0 0.2195528068 0.1659340659 0.029019980900000002 0.2439560439
36.0 0.170076118 0.4879120879 0.028068506200000003 0.1362637362
10.0 0.2105137964 0.467032967 0.0337773549 0.032967033
17.0 0.263320647 0.4417582418 0.052806850600000003 0.2329670329
0.0 0.6750713606000001 0.343956044 0.6412940057000001 0.054945054900000005
17.0 0.5316365366 0.1868131868 0.052806850600000003 0.2769230769
9.0 0.5792102760000001 0.16593406600000002 0.0337773549 0.1648351649
10.0 0.6244053282 0.18461538460000002 0.0366317793 0.039560439600000004
16.0 0.6660323502000001 0.178021978 0.0333016175 0.32087912090000004
36.0 0.7009990485 0.22747252750000002 0.029019981 0.1736263736
10.0 0.7442911513 0.17472527470000002 0.037583254 0.0285714286
18.0 0.7806850619 0.1505494506 0.027592768700000003 0.29230769230000003
17.0 0.3489533778 0.6351648352 0.0518553759 0.22857142860000002
7.0 0.4876308278 0.6648351648 0.21313035200000002 0.6395604395000001
36.0 0.504757374 0.6923076923 0.0323501427 0.1494505494
9.0 0.544719315 0.6417582418000001 0.0371075167 0.1538461539
16.0 0.5839676498 0.6252747253000001 0.0299714557 0.2747252747
2.0 0.6229781161 0.6681318681 0.0271170314 0.4879120879
21.0 0.651998097 0.6417582418000001 0.0299714557 0.2593406593
9.0 0.6836346336 0.6483516484 0.0342530923 0.1626373627
7.0 0.8104186489 0.6516483516 0.2078972408 0.6175824175
36.0 0.8334919124 0.6868131868 0.030447193100000002 0.1428571428
9.0 0.8701236918 0.6285714285 0.0313986679 0.1362637363
14.0 0.9219790676 0.6219780220000001 0.043767840100000004 0.2593406593
5.0 0.9643196956000001 0.6615384616000001 0.030447193100000002 0.4703296703
