42.0 0.1260869566 0.43831775700000003 0.2193236715 0.2822429906
8.0 0.2574879227 0.5841121495 0.035748792200000004 0.1327102804
45.0 0.3463768116 0.6084112150000001 0.0492753624 0.035514018700000004
1.0 0.45169082120000004 0.591588785 0.06859903390000001 0.07289719630000001
0.0 0.7618357488 0.4962616822 0.4608695652 0.035514018700000004
0.0 0.7710144928 0.24205607480000002 0.20483091790000002 0.0280373832
43.0 0.6758454106 0.11962616820000001 0.1342995169 0.2205607477
21.0 0.7618357488 0.1495327102 0.041545893800000004 0.1457943925
15.0 0.7971014493 0.1560747664 0.038647343 0.1028037383
8.0 0.8739130434 0.0934579439 0.0338164251 0.1607476636
43.0 0.6801932367 0.3869158878 0.1333333334 0.2429906543
21.0 0.7608695652 0.4 0.031884058 0.14579439260000002
14.0 0.8 0.4121495327 0.042512077200000005 0.09906542060000001
21.0 0.8830917874 0.3121495328 0.0309178744 0.13084112150000002
0.0 0.7497584541000001 0.7626168224000001 0.347826087 0.029906542100000003
43.0 0.6623188406 0.6429906542 0.12077294690000001 0.2205607476
21.0 0.7565217392 0.6654205608 0.0367149759 0.1345794393
14.0 0.7966183575 0.6906542056 0.0473429952 0.10654205600000001
8.0 0.8777777778 0.6177570094 0.0357487923 0.1626168225
43.0 0.6594202898 0.8775700934 0.1111111111 0.2261682243
15.0 0.7603864734 0.8981308411000001 0.0405797101 0.1140186916
15.0 0.7966183575 0.885046729 0.031884058 0.09532710280000001
16.0 0.884057971 0.823364486 0.0347826087 0.09532710280000001
