42.0 0.0862068966 0.6700251889000001 0.1087533157 0.19647355160000002
40.0 0.1727453581 0.8627204030000001 0.0179045093 0.1234256927
45.0 0.1893236074 0.7871536524 0.0232095491 0.0277078086
14.0 0.2231432361 0.7745591940000001 0.0205570292 0.0982367759
0.0 0.6346153846 0.5667506298 0.7188328912 0.1410579345
0.0 0.3086870027 0.3904282115 0.032493368700000004 0.0201511335
26.0 0.3206233422 0.29848866500000004 0.0205570292 0.11335012600000001
26.0 0.31432360740000004 0.4534005038 0.0185676393 0.1057934509
40.0 0.3395225464 0.5050377834 0.0159151194 0.11838790930000001
27.0 0.3769893899 0.34760705280000004 0.0232095491 0.1007556675
40.0 0.39920424400000004 0.26826196480000003 0.014588859400000001 0.11838790930000001
9.0 0.4310344828 0.3324937028 0.019893899200000002 0.0957178841
12.0 0.4631962864 0.31234256920000003 0.028514588900000002 0.1511335013
0.0 0.5228779841 0.3136020151 0.048408488000000006 0.0226700252
26.0 0.5202254642 0.23047858940000002 0.024535809000000002 0.11335012600000001
26.0 0.5122679045 0.38539042830000003 0.0205570292 0.1057934509
40.0 0.5394562334 0.4496221662 0.0179045093 0.1234256927
46.0 0.6445623342 0.2896725441 0.1047745358 0.12090680100000001
40.0 0.75 0.3186397985 0.025198939 0.17884130980000001
9.0 0.7702254642 0.2166246852 0.0218832892 0.0906801007
10.0 0.7950928382 0.2115869018 0.014588859400000001 0.0201511335
14.0 0.826259947 0.1914357683 0.0331564987 0.13602015110000001
0.0 0.8856100796 0.19647355160000002 0.0961538462 0.0352644837
26.0 0.8919098143 0.10957178840000001 0.025198939 0.11335012600000001
26.0 0.8862732096 0.2670025189 0.0245358091 0.12090680100000001
40.0 0.9137931034000001 0.3337531486 0.0172413793 0.12846347600000002
19.0 0.9578912467 0.1435768262 0.036472148600000004 0.1460957178
0.0 0.4303713528 0.7581863980000001 0.0464190982 0.0201511335
26.0 0.401193634 0.7015113350000001 0.023872679100000002 0.11838790930000001
26.0 0.3948938992 0.8413098237000001 0.023209549000000003 0.1158690176
40.0 0.4171087533 0.9156171285 0.0172413793 0.1385390428
40.0 0.4612068966 0.8362720403 0.0218832891 0.1712846348
13.0 0.473143236 0.6284634760000001 0.0112732095 0.1133501259
9.0 0.5069628648 0.7292191436000001 0.0232095491 0.0931989924
0.0 0.5785809018 0.725440806 0.0444297083 0.0201511335
26.0 0.5583554376000001 0.6423173804 0.0212201591 0.1108312343
26.0 0.5527188329 0.8161209068 0.0205570292 0.12090680100000001
40.0 0.5802387268 0.8652392947 0.0159151194 0.11335012600000001
13.0 0.6137267904 0.6876574308000001 0.013925729500000001 0.1410579345
40.0 0.6445623342 0.7770780856 0.023872679 0.1637279597
13.0 0.6568302388 0.5780856424 0.0125994695 0.11838790930000001
9.0 0.6886604774 0.6775818640000001 0.020557029100000002 0.0906801008
0.0 0.7400530504 0.6863979849 0.0437665782 0.0176322418
26.0 0.7450265252 0.5831234257 0.0218832892 0.11335012600000001
26.0 0.7427055703000001 0.7455919396 0.025198939 0.1057934509
40.0 0.7702254641 0.814861461 0.0179045093 0.1284634761
13.0 0.8033819629000001 0.6347607052 0.013925729500000001 0.1410579345
12.0 0.8401856764000001 0.6272040302 0.0371352785 0.15617128460000002
40.0 0.8720159151 0.7128463476 0.023872679 0.1511335012
12.0 0.8932360742000001 0.5025188917 0.023872679100000002 0.11335012600000001
