42.0 0.0737507525 0.4614395887 0.1210114389 0.4293059126
29.0 0.1592414208 0.6568123393 0.0282962071 0.177377892
45.0 0.2025888019 0.6812339332 0.047561709800000004 0.051413881700000004
14.0 0.2426249248 0.7030848329 0.0252859723 0.08997429300000001
9.0 0.2703190849 0.5064267352 0.0240818784 0.1388174807
0.0 0.648705599 0.5295629820000001 0.5785671283 0.0462724936
0.0 0.44852498500000004 0.2814910026 0.0638169777 0.0231362468
26.0 0.4545454545 0.1799485861 0.0192655027 0.1593830334
26.0 0.4400963275 0.40231362460000003 0.0216736906 0.16709511570000002
29.0 0.46237206500000005 0.38560411310000003 0.0252859723 0.17480719800000002
2.0 0.5141481036000001 0.2480719794 0.0228777845 0.21850899740000002
12.0 0.545755569 0.2519280206 0.0282962071 0.2416452442
9.0 0.5794701986 0.23393316200000003 0.031908488900000004 0.19537275070000001
10.0 0.619807345 0.262210797 0.0282962071 0.0154241645
14.0 0.6523178808 0.2712082262 0.0319084888 0.1208226221
46.0 0.7507525586 0.2326478149 0.1059602649 0.21850899740000002
21.0 0.8214930764 0.10539845760000001 0.0186634557 0.1542416452
29.0 0.8859121012000001 0.21850899740000002 0.041541240300000004 0.2467866324
5.0 0.9202287778 0.2596401028 0.0186634557 0.2776349614
0.0 0.4039735099 0.7686375322 0.0541842264 0.0205655527
26.0 0.39223359420000004 0.6709511568000001 0.0186634558 0.1696658098
26.0 0.3771824203 0.8997429306 0.0198675497 0.1799485862
29.0 0.4030704395 0.8881748072000001 0.029500301000000003 0.1928020566
2.0 0.4545454545 0.764781491 0.0264900663 0.2544987146
48.0 0.5397350994 0.7043701800000001 0.09452137270000001 0.2776349615
29.0 0.6369656833 0.6953727506 0.044551475 0.2287917737
9.0 0.6785069235 0.7313624678 0.0385310054 0.2030848329
29.0 0.7176399759000001 0.6940874036 0.0385310054 0.2262210796
47.0 0.8121613486 0.7429305912 0.0963275136 0.1902313625
12.0 0.8853100542000001 0.6311053984 0.0234798314 0.17737789210000002
29.0 0.9527393137000001 0.6940874036 0.047561709800000004 0.2262210796
5.0 0.9834437086000001 0.7763496144 0.0198675496 0.3136246786
