42.0 0.10628742520000001 0.609223301 0.20059880230000002 0.24757281550000002
39.0 0.032185628800000005 0.7766990291 0.040419161700000004 0.0873786408
45.0 0.0980538923 0.7912621359 0.0853293413 0.058252427200000005
1.0 0.1961077844 0.7633495146 0.0628742515 0.0800970874
0.0 0.628742515 0.6844660194000001 0.5988023952 0.072815534
14.0 0.4580838324 0.3458737864 0.11976047910000001 0.20631067960000002
7.0 0.7567365269 0.35436893210000003 0.44161676650000004 0.6310679611000001
39.0 0.9041916168 0.4199029126 0.0778443114 0.1893203884
15.0 0.9715568862 0.27427184460000004 0.0419161677 0.1165048543
39.0 0.44236526940000004 0.8082524272 0.08233532930000001 0.1796116505
9.0 0.5553892216 0.802184466 0.1227544911 0.177184466
10.0 0.6669161676 0.7985436894 0.09131736530000001 0.0242718447
20.0 0.7522455090000001 0.8070388349000001 0.0553892216 0.2111650485
37.0 0.8450598802 0.8434466020000001 0.0853293413 0.1868932039
39.0 0.9528443114 0.8519417476000001 0.08233532930000001 0.1650485437
