42.0 0.09143621760000001 0.25 0.1739518287 0.302690583
37.0 0.2355040143 0.4966367713 0.039250669 0.10538116600000001
45.0 0.2899197146 0.5381165919 0.06422836750000001 0.08968609870000001
20.0 0.3537020517 0.4966367713 0.047279215000000006 0.1502242152
9.0 0.4023193577 0.36995515700000003 0.0410347904 0.09865470850000001
0.0 0.736396075 0.49215246640000004 0.40588760030000004 0.15919282510000002
49.0 0.5619982159 0.1984304932 0.089206066 0.1726457399
7.0 0.8273862622 0.2174887892 0.3184656557 0.4215246637
19.0 0.8501338091 0.2275784754 0.062444246200000005 0.2264573991
37.0 0.9143621766000001 0.2668161435 0.058876003600000004 0.14349775780000001
49.0 0.5468331846 0.6804932736 0.0820695807 0.16816143490000002
7.0 0.7859054416 0.745515695 0.27118644070000003 0.45067264570000004
15.0 0.7274754684 0.5538116592 0.0544157003 0.16591928250000001
16.0 0.8371989295000001 0.7466367713000001 0.0508474576 0.24215246640000002
37.0 0.9099018733 0.7713004484 0.062444246200000005 0.1390134529
