42.0 0.076275152 0.4029255319 0.1347683669 0.4122340426
38.0 0.018249883 0.7805851064 0.0318203088 0.1675531915
45.0 0.051006083300000005 0.8218085106 0.0290126346 0.1329787234
0.0 0.1001403837 0.8231382978 0.0608329434 0.0186170213
4.0 0.1043518952 0.6994680851 0.037435657500000004 0.1489361702
15.0 0.10762751520000001 0.9162234042 0.0224613944 0.1675531915
0.0 0.5514740290000001 0.5997340426000001 0.8895648105 0.1675531915
19.0 0.2056621432 0.295212766 0.039775386 0.3617021277
46.0 0.3416003744 0.29122340420000004 0.1731399157 0.3271276595
21.0 0.42746841360000004 0.130319149 0.0219934487 0.1914893617
38.0 0.4976602714 0.28457446810000003 0.054749649000000004 0.2978723404
9.0 0.5561534862 0.3284574468 0.0463266262 0.2313829788
10.0 0.6031820309 0.32313829790000004 0.0271408516 0.0345744681
17.0 0.6455311184 0.3191489362 0.036967711800000004 0.2819148936
47.0 0.7683668694 0.3257978724 0.1544220871 0.36968085110000004
14.0 0.8518951802 0.12234042560000001 0.0248011231 0.1968085107
38.0 0.9227889564 0.3045212766 0.053345811900000005 0.3218085106
20.0 0.5732335049 0.7114361702 0.0477304632 0.3962765958
