42.0 0.0910714286 0.5290697674 0.16964285710000002 0.42441860470000004
32.0 0.2040178571 0.8343023255 0.0241071429 0.2151162791
45.0 0.2446428571 0.7441860466 0.05 0.0988372093
12.0 0.3017857143 0.7529069768000001 0.0339285714 0.16279069770000001
9.0 0.3433035714 0.6002906977 0.0473214286 0.2180232558
27.0 0.46964285720000004 0.5072674419000001 0.0571428571 0.2238372093
49.0 0.5330357143000001 0.3255813953 0.0571428572 0.2034883721
2.0 0.6227678572 0.3851744186 0.0419642857 0.2529069768
13.0 0.6459821428 0.35465116280000003 0.0151785715 0.1744186046
9.0 0.6732142857 0.36918604650000003 0.05 0.2093023256
32.0 0.7107142857000001 0.40988372100000003 0.021428571400000002 0.19186046510000002
50.0 0.8013392857 0.1177325582 0.1508928572 0.2238372093
32.0 0.9406249999999999 0.23546511620000002 0.024107142800000002 0.2034883721
5.0 0.9825892858 0.3270348838 0.029464285700000002 0.2877906977
