49.0 0.0530191458 0.3767123288 0.086892489 0.2767123288
41.0 0.192562592 0.3849315068 0.058173784900000004 0.1726027397
22.0 0.2610456554 0.3767123288 0.0360824742 0.0904109589
0.0 0.6277614139000001 0.5876712328 0.6487481591 0.2931506849
42.0 0.425994109 0.19452054800000002 0.1053019146 0.2136986301
31.0 0.49558173780000003 0.3602739727 0.0250368189 0.0904109589
45.0 0.528718704 0.3684931506 0.0353460972 0.0684931507
0.0 0.5942562592 0.3835616438 0.0471281296 0.038356164400000003
4.0 0.5935198822000001 0.3287671233 0.030927835 0.09315068500000001
19.0 0.5975699558 0.4452054794 0.028718704 0.0904109589
10.0 0.6520618556000001 0.24794520550000002 0.0154639175 0.0246575342
0.0 0.734167894 0.2876712329 0.0574374079 0.038356164400000003
26.0 0.747790869 0.201369863 0.0257731959 0.106849315
26.0 0.7293814433 0.3780821918 0.0228276878 0.1260273972
31.0 0.7529455081 0.405479452 0.0228276878 0.0876712329
47.0 0.8497790869 0.3232876712 0.0810014728 0.1534246575
31.0 0.9396170840000001 0.3767123288 0.0265095729 0.10684931510000001
42.0 0.34793814440000004 0.6493150685 0.09646539030000001 0.1808219178
31.0 0.42746686300000003 0.8493150684 0.028718704 0.1095890411
45.0 0.4620765832 0.8342465754 0.0360824742 0.0630136987
0.0 0.5309278350000001 0.8520547946 0.0486008837 0.0328767123
4.0 0.5305596466 0.7904109589 0.0346097201 0.0849315068
17.0 0.5349779087000001 0.9136986301000001 0.028718704 0.101369863
10.0 0.5916789396000001 0.7041095890000001 0.0169366716 0.0219178083
0.0 0.6837260678 0.7342465754 0.0272459499 0.0219178083
26.0 0.6885125184 0.6616438356000001 0.025036818800000003 0.1342465754
26.0 0.6723122238 0.8246575342 0.0250368189 0.1369863013
31.0 0.6951399116 0.8424657534000001 0.0235640648 0.0849315068
10.0 0.7426362298 0.7410958904 0.019882179700000002 0.0246575342
17.0 0.7757731959 0.7602739726000001 0.0360824742 0.1232876712
47.0 0.8538291605 0.7821917808000001 0.0758468336 0.1561643836
15.0 0.9256259205 0.691780822 0.0176730486 0.0904109589
31.0 0.9819587628 0.8287671233 0.0272459499 0.106849315
