42.0 0.0891167192 0.484375 0.1750788643 0.41250000000000003
32.0 0.029574132500000003 0.8671875 0.0291798108 0.18437499999999998
45.0 0.0733438486 0.7671874999999999 0.048895899 0.09687499999999999
1.0 0.1194794953 0.7359375 0.0260252366 0.08437499999999999
0.0 0.4282334385 0.5390625 0.4085173502 0.078125
43.0 0.358044164 0.21875000000000003 0.1719242902 0.35625
19.0 0.4672712934 0.34375000000000006 0.046529968500000005 0.18125000000000002
32.0 0.5634858044000001 0.3421875 0.041798107200000004 0.29062499999999997
43.0 0.3217665615 0.7171875 0.1608832808 0.409375
19.0 0.4467665616 0.8265625 0.0528391167 0.21562499999999998
17.0 0.5047318612 0.8484375 0.06624605680000001 0.146875
13.0 0.5930599369 0.6421875 0.011041009400000001 0.228125
0.0 0.7961356467 0.5140625 0.4029968454 0.053125
43.0 0.7582807571 0.24843749999999998 0.1443217666 0.359375
13.0 0.8367507887000001 0.3671875 0.0063091483 0.159375
13.0 0.8541009464 0.3890625 0.0078864353 0.190625
14.0 0.9357255520000001 0.20937499999999998 0.0575709779 0.24375000000000002
43.0 0.7223974764000001 0.6953125 0.1340694007 0.340625
18.0 0.832807571 0.8 0.045741324900000005 0.21875000000000003
21.0 0.8820977918 0.7625000000000001 0.0402208202 0.225
32.0 0.9688485804 0.7546875 0.035488959 0.24687499999999998
