22.0 0.030330882400000002 0.42699724520000004 0.053308823500000005 0.08815427
42.0 0.146752451 0.435261708 0.11335784310000001 0.3636363636
39.0 0.2383578432 0.7727272727000001 0.0355392157 0.2451790634
45.0 0.2843137255 0.7809917355 0.0514705882 0.0964187328
4.0 0.35692401960000003 0.5509641873000001 0.058210784300000006 0.303030303
11.0 0.399509804 0.655647383 0.033088235300000005 0.47382920110000004
14.0 0.44117647060000004 0.7438016529 0.0392156862 0.1928374656
0.0 0.7463235294 0.4104683196 0.506127451 0.0716253443
44.0 0.6335784313 0.26170798900000003 0.17156862750000001 0.2369146006
39.0 0.7971813726 0.2493112948 0.0514705883 0.2727272727
10.0 0.8455882353 0.2327823692 0.0416666666 0.0413223141
21.0 0.8952205882000001 0.1584022038 0.049019607900000005 0.2396694215
7.0 0.6960784314 0.7052341598 0.3370098039 0.5730027548000001
48.0 0.7215073529 0.6749311294 0.15257352940000002 0.2920110193
39.0 0.8409926470000001 0.717630854 0.048406862700000004 0.27272727280000003
10.0 0.8939950980000001 0.7079889807 0.0416666667 0.027548209400000002
15.0 0.9506740196000001 0.7134986226000001 0.059436274500000004 0.2534435262
