42.0 0.1072555205 0.24351585020000002 0.2082018928 0.4293948127
40.0 0.2613038907 0.5634005764000001 0.07886435330000001 0.3314121037
45.0 0.3364879074 0.5878962536 0.1009463723 0.1959654178
14.0 0.43480546800000003 0.5259365994 0.0725552051 0.2910662824
0.0 0.7613038906 0.5345821326 0.4100946373 0.1700288185
18.0 0.7655099895 0.3256484149 0.0630914826 0.2766570605
7.0 0.6929547844 0.6916426513 0.2586750789 0.4207492796
39.0 0.7870662461 0.8069164266000001 0.08727655100000001 0.24783861670000001
9.0 0.8512092534 0.7838616714000001 0.0704521556 0.1613832853
14.0 0.9300736068000001 0.8040345822 0.07465825450000001 0.2881844381
