22.0 0.0185950413 0.378338279 0.028174305 0.1454005935
42.0 0.10649887300000001 0.3887240356 0.09128474830000001 0.4391691394
36.0 0.1630353118 0.7329376854 0.022539444000000002 0.2433234421
45.0 0.2013523666 0.765578635 0.0390683697 0.1483679525
0.0 0.2513148009 0.7640949555000001 0.0323065364 0.0207715134
4.0 0.2513148009 0.6602373887 0.0255447032 0.1928783383
14.0 0.2524417731 0.8976261128 0.0127723516 0.1928783383
10.0 0.2905709992 0.4391691394 0.016904583100000002 0.0296735905
0.0 0.3544327573 0.5014836795000001 0.013148009 0.0178041543
14.0 0.350864012 0.34718100890000003 0.0157776108 0.23738872400000002
18.0 0.3533057851 0.6587537092 0.024417731 0.2611275964
47.0 0.445529677 0.4243323442 0.0984222389 0.3145400594
16.0 0.5270473329 0.20919881310000002 0.0293012773 0.3115727003
36.0 0.5845229151 0.4554896142 0.0323065364 0.32344213650000003
2.0 0.6170172802 0.4792284866 0.015401953400000001 0.4480712167
18.0 0.6427498122 0.3649851632 0.0285499624 0.3323442136
36.0 0.6857625845 0.4287833828 0.0371900826 0.2878338279
9.0 0.7285875282000001 0.412462908 0.0447032307 0.2611275964
2.0 0.7638993238 0.4866468843 0.0138993238 0.44510385760000004
10.0 0.7871900826 0.4510385757 0.0244177311 0.0474777448
20.0 0.8196844478 0.3798219584 0.030052592000000003 0.39762611270000003
4.0 0.8844853494 0.46735905040000003 0.051465063900000003 0.3353115727
5.0 0.9406461307 0.46735905040000003 0.015026296000000001 0.5014836795000001
15.0 0.9618707738000001 0.1839762611 0.025169045900000003 0.24925816020000002
5.0 0.9924868520000001 0.4777448071 0.0127723516 0.5400593472
