42.0 0.1419624217 0.42298288510000004 0.2526096034 0.37652811740000003
24.0 0.3162839248 0.5770171149000001 0.0626304801 0.1760391198
45.0 0.39039665970000004 0.6479217604 0.0751565762 0.0782396088
10.0 0.4639874739 0.6124694376 0.028183716 0.012224938900000001
21.0 0.5287056367 0.6393643032 0.0782881002 0.32518337410000003
10.0 0.5824634656000001 0.4413202934 0.025052192100000002 0.0122249388
0.0 0.8444676409 0.5122249388 0.27139874740000003 0.0317848411
27.0 0.8235908142 0.3716381418 0.0668058456 0.2004889976
24.0 0.8982254697000001 0.1625916871 0.0594989562 0.2176039119
24.0 0.7505219206 0.7872860636 0.0668058455 0.1809290953
9.0 0.8241127348 0.8080684596000001 0.0803757829 0.1638141809
12.0 0.9070981210000001 0.7848410758000001 0.0668058455 0.24938875300000002
20.0 0.9692066806 0.6711491442 0.044885177400000004 0.2909535453
