42.0 0.1580882352 0.3671586716 0.2843137255 0.5055350554
41.0 0.3517156863 0.7878228782000001 0.068627451 0.2619926199
45.0 0.4246323529 0.8431734318 0.06740196080000001 0.1365313653
12.0 0.5128676471 0.7250922510000001 0.0625 0.2841328413
0.0 0.8014705882000001 0.5608856089 0.37254901960000003 0.051660516600000005
3.0 0.6593137255 0.2601476015 0.017156862800000002 0.4907749078
41.0 0.7120098039 0.2361623616 0.0759803922 0.295202952
10.0 0.8026960784 0.2656826568 0.0514705882 0.0590405904
14.0 0.8988970588 0.2287822878 0.10416666670000001 0.3468634686
6.0 0.9607843138000001 0.2601476015 0.0196078431 0.4907749078
41.0 0.7181372549 0.7398523986000001 0.0833333334 0.2693726937
10.0 0.8002450980000001 0.7896678967 0.049019607900000005 0.0590405904
14.0 0.9013480392000001 0.7656826568 0.10661764700000001 0.3653136531
