42.0 0.19440654840000002 0.4152334152 0.2987721692 0.25061425060000003
39.0 0.0409276944 0.5773955774 0.0572987722 0.1228501228
45.0 0.10504774900000001 0.5614250614 0.0736698499 0.08599508600000001
10.0 0.2046384721 0.5810810811 0.0627557981 0.036855036800000004
1.0 0.3117326057 0.558968059 0.0777626194 0.08599508600000001
0.0 0.7019099590000001 0.4496314496 0.5115961801 0.0343980344
16.0 0.5886766712 0.23464373460000001 0.1623465212 0.2874692875
13.0 0.7094133697 0.2665847666 0.0409276944 0.3464373464
39.0 0.7919508868 0.29606879610000003 0.1159618008 0.19410319410000001
15.0 0.8697135062 0.12776412780000002 0.0723055935 0.1818181818
18.0 0.5839017735 0.6031941032 0.18008185540000002 0.2776412776
3.0 0.7107776262000001 0.633906634 0.051841746200000004 0.34889434890000004
39.0 0.8021828104000001 0.6437346438 0.1118690314 0.1670761671
13.0 0.8594815825000001 0.5356265356000001 0.0272851296 0.16216216220000002
6.0 0.9515688950000001 0.6769041769 0.0968622101 0.42997543
