42.0 0.1728323699 0.4069400631 0.2832369943 0.2429022082
39.0 0.0497109826 0.6182965300000001 0.08786127170000001 0.1419558359
45.0 0.1693641618 0.6474763407 0.11907514450000001 0.0804416404
1.0 0.2959537572 0.6143533123 0.09248554910000001 0.070977918
0.0 0.7329479769 0.5181388012 0.5109826590000001 0.0488958991
0.0 0.7265895954 0.2681388012 0.4520231214 0.050473186100000005
43.0 0.6219653179 0.153785489 0.2011560694 0.2728706625
18.0 0.7722543352 0.2018927445 0.0462427745 0.094637224
13.0 0.823699422 0.20189274440000002 0.038150289000000004 0.0694006309
39.0 0.9433526012000001 0.1695583596 0.0739884393 0.1372239748
43.0 0.6323699422 0.3824921136 0.21734104040000002 0.2413249211
13.0 0.7734104046 0.4447949526 0.0439306358 0.07886435330000001
21.0 0.8213872832 0.45899053630000003 0.0450867052 0.1041009464
17.0 0.9289017341 0.3793375395 0.0658959538 0.10567823350000001
0.0 0.7219653179000001 0.7744479495000001 0.44971098260000003 0.018927444800000002
43.0 0.5947976878 0.665615142 0.2138728323 0.2681388013
13.0 0.7445086706 0.6995268139 0.0416184971 0.0804416404
15.0 0.7947976878 0.6876971609 0.0497109827 0.072555205
39.0 0.9260115607 0.6490536278 0.0832369942 0.1309148265
43.0 0.612716763 0.8769716088 0.2312138728 0.214511041
13.0 0.7445086706 0.9424290221 0.0416184971 0.0804416404
15.0 0.8 0.9298107256 0.0624277456 0.0741324921
17.0 0.9023121388 0.8675078864 0.0566473989 0.11356466870000001
