42.0 0.1291423002 0.4442724458 0.2251461988 0.3746130031
36.0 0.2607212476 0.7198142415000001 0.0516569201 0.1517027864
45.0 0.3230994152 0.7461300310000001 0.0711500974 0.0866873065
1.0 0.40594541910000004 0.7244582043000001 0.0555555556 0.11764705880000001
0.0 0.7495126705 0.5619195047000001 0.4951267057 0.0340557275
15.0 0.5657894737 0.3452012384 0.053606237800000005 0.2445820434
49.0 0.6812865497 0.3823529412 0.089668616 0.3126934984
36.0 0.7997076024 0.3962848298 0.0575048733 0.2229102167
16.0 0.8762183236000001 0.17956656340000002 0.0623781676 0.21671826630000002
7.0 0.7124756335 0.7894736842000001 0.2027290448 0.4148606811
39.0 0.8143274854 0.8869969040000001 0.0614035088 0.2012383901
