42.0 0.0645526614 0.303630363 0.1279728199 0.3894389439
36.0 0.1359003397 0.6105610561 0.0260475651 0.1650165016
45.0 0.1718573046 0.6369636964000001 0.0424688561 0.1584158416
0.0 0.24178935440000002 0.6353135314 0.0543601359 0.0231023103
4.0 0.24178935440000002 0.4900990099 0.0453001133 0.201320132
14.0 0.2409399774 0.7442244224 0.0254813137 0.1947194719
48.0 0.3921291053 0.3333333334 0.1319365798 0.4158415841
15.0 0.4875424688 0.11881188120000001 0.0237825595 0.18481848180000002
36.0 0.5631370329000001 0.3778877888 0.0469988675 0.33333333330000003
9.0 0.6217440544 0.3250825082 0.0577576444 0.3531353135
44.0 0.7811438278 0.3514851485 0.1840317101 0.3267326732
21.0 0.8878822197 0.1254125412 0.020385051 0.1914191419
36.0 0.9671574179 0.3333333334 0.0520951302 0.27062706270000003
