42.0 0.0615623384 0.252688172 0.1179513709 0.45161290330000003
30.0 0.141489912 0.5336021505 0.0222452147 0.2177419355
45.0 0.1722710812 0.5954301075 0.0289705122 0.0672043011
21.0 0.2071908949 0.5524193548 0.029487842700000003 0.2016129033
14.0 0.27961717540000003 0.32392473120000004 0.04500776 0.3198924731
0.0 0.418003104 0.4852150538 0.2038282462 0.0940860215
48.0 0.35721676150000004 0.21505376340000001 0.0719089498 0.2849462365
2.0 0.43869632700000005 0.30510752690000004 0.0155199173 0.3413978494
19.0 0.46999482670000003 0.2365591398 0.031557165000000005 0.1935483871
30.0 0.5023279876 0.2836021506 0.025866528700000002 0.2661290323
5.0 0.5310398344 0.310483871 0.017071908900000002 0.2876344086
17.0 0.4138644594 0.6276881721 0.035178479000000006 0.23387096770000002
30.0 0.447749612 0.6384408602 0.031557165000000005 0.2553763441
0.0 0.63062597 0.5551075269 0.1614071392 0.07795698920000001
30.0 0.639679255 0.4072580645 0.0253491981 0.2553763441
47.0 0.6145887221 0.7486559140000001 0.0941541645 0.2284946236
30.0 0.6989136058000001 0.7311827957 0.021727884200000002 0.2634408602
0.0 0.856699431 0.6465053763 0.25866528710000003 0.1317204301
16.0 0.8554061045 0.5107526882 0.028453181600000002 0.2365591398
50.0 0.7995344025000001 0.7728494624000001 0.100879462 0.27688172040000003
2.0 0.878427315 0.8198924731 0.0175892395 0.31182795700000004
21.0 0.9045525090000001 0.7970430107 0.0263838593 0.24462365590000001
30.0 0.9366270046 0.8225806452000001 0.0263838593 0.2741935484
5.0 0.9635281946 0.8508064516 0.0139679255 0.2930107527
