42.0 0.1146677472 0.5386904762 0.21636953 0.44642857140000003
24.0 0.2386547812 0.7514880952 0.052674230200000005 0.3482142857
45.0 0.2945705025 0.8377976191000001 0.052674230100000004 0.1339285715
10.0 0.3642625607 0.7872023809 0.047811993500000004 0.0327380953
1.0 0.44570502430000003 0.7217261905 0.050243111800000004 0.0922619048
0.0 0.7666126418 0.6577380952 0.4635332253 0.0416666667
7.0 0.7629659644 0.3125 0.3914100487 0.5416666666000001
24.0 0.7325769854 0.42113095240000004 0.053484602900000004 0.3363095238
14.0 0.7937601297 0.26488095240000004 0.059157212300000005 0.2916666667
9.0 0.8585899513 0.40625000000000006 0.047811993500000004 0.1577380952
14.0 0.9153160454 0.38988095240000004 0.046191248000000004 0.2321428572
16.0 0.6697730956 0.8303571429000001 0.057536466800000005 0.2380952381
24.0 0.7390599676 0.8333333333 0.051863857400000005 0.32738095240000004
9.0 0.7949756888 0.8333333333 0.050243111800000004 0.17261904760000002
12.0 0.85089141 0.8303571429000001 0.043760129700000004 0.25
