42.0 0.0450152594 0.2093373494 0.0808748728 0.2048192772
39.0 0.0139877924 0.3358433735 0.0269582909 0.0873493976
45.0 0.039674466000000005 0.3478915662 0.029501525900000002 0.0421686747
1.0 0.0783316378 0.32906626510000003 0.0284842319 0.0496987952
0.0 0.5473041709 0.4028614458 0.7497456765 0.22740963860000002
18.0 0.4956765006 0.13253012050000001 0.0462868769 0.19277108440000001
9.0 0.5445066124 0.1423192771 0.0462868769 0.11596385540000001
0.0 0.5996948118000001 0.20406626500000002 0.04069176 0.0135542169
15.0 0.6037639878000001 0.109186747 0.030518820000000002 0.1521084338
39.0 0.6050356052 0.2831325302 0.0422177009 0.1265060241
7.0 0.3402848423 0.4804216868 0.3825025432 0.3734939759
0.0 0.3840284842 0.6980421686 0.2136317396 0.0677710843
39.0 0.2939979654 0.5986445783000001 0.034587996 0.1129518072
15.0 0.3242624618 0.5489457831 0.021871820900000002 0.125
9.0 0.3598677518 0.5918674699 0.028992879000000003 0.0843373494
39.0 0.39852492370000003 0.6280120482 0.036113937000000006 0.12349397590000001
9.0 0.4369277722 0.6069277108000001 0.032553407900000005 0.0813253012
17.0 0.475584944 0.6347891566 0.0417090539 0.13403614460000002
39.0 0.3677517802 0.8433734939 0.0417090539 0.1355421687
15.0 0.3949643947 0.7718373494 0.023906409 0.12198795180000001
9.0 0.5391658189 0.6641566265000001 0.043743641900000005 0.1054216868
7.0 0.77543235 0.5978915663000001 0.4084435401 0.42771084340000004
0.0 0.8504577823 0.8140060240000001 0.2400813836 0.08283132530000001
39.0 0.7561037639 0.6965361446 0.0442522889 0.1280120482
20.0 0.7868769074 0.640060241 0.022380468 0.1265060241
9.0 0.8301119024 0.6890060241 0.0356052899 0.09487951800000001
10.0 0.8741098678 0.7228915662000001 0.0401831129 0.0271084337
14.0 0.9140386572 0.7221385543000001 0.0386571719 0.1581325301
39.0 0.969989827 0.7522590362 0.043743641900000005 0.1400602409
39.0 0.8316378434 0.9337349398 0.039674465900000004 0.12349397590000001
16.0 0.8728382502 0.8697289156 0.032553407900000005 0.10391566270000001
