42.0 0.0675209462 0.2605820106 0.1113849187 0.41005291
31.0 0.0214391326 0.664021164 0.024149827500000002 0.1693121693
45.0 0.053967471700000005 0.6851851852 0.039921143400000005 0.1798941799
0.0 0.1274026614 0.6865079365 0.0409068506 0.0238095238
4.0 0.11927057660000001 0.6031746032 0.043371118800000004 0.2169312169
16.0 0.11705273540000001 0.7764550265 0.0152784623 0.1507936508
47.0 0.27994085760000004 0.3492063492 0.18728437650000002 0.40740740740000003
14.0 0.3896007886 0.1428571428 0.0320354855 0.1957671957
31.0 0.4549038936 0.3478835979 0.0384425825 0.298941799
9.0 0.5157713159 0.2857142858 0.0576638738 0.2857142857
42.0 0.644898965 0.2447089948 0.1414489896 0.3888888889
31.0 0.5749137506 0.7089947090000001 0.022178413 0.1798941799
45.0 0.609659931 0.7513227514 0.040413997 0.2169312169
0.0 0.6712666338000001 0.7261904762 0.0473139478 0.0291005291
4.0 0.6757023164 0.5925925926 0.0453425332 0.18518518520000002
20.0 0.6791522918 0.8597883598 0.0325283391 0.2328042328
48.0 0.8021192706 0.2685185185 0.1286347955 0.4206349206
19.0 0.8957614588 0.10846560840000001 0.024149827500000002 0.2010582011
31.0 0.9709216362 0.3518518518 0.0542138985 0.3068783069
