12.0 0.061728395000000005 0.40267175580000003 0.08289241630000001 0.42366412210000004
42.0 0.19576719580000002 0.4580152672 0.1181657848 0.3282442748
28.0 0.3108465608 0.8740458015 0.0220458553 0.20610687020000001
45.0 0.3536155203 0.7595419847 0.0476190476 0.0992366412
10.0 0.41402116400000005 0.7385496184 0.0291005291 0.0190839695
1.0 0.48500881840000004 0.7576335878 0.052910052900000004 0.1641221374
49.0 0.6164021164 0.463740458 0.0811287478 0.3320610687
3.0 0.7314814815 0.4503816794 0.0132275132 0.534351145
28.0 0.7813051147000001 0.7270992366 0.052910052900000004 0.4389312977
13.0 0.8099647266000001 0.1965648855 0.0079365079 0.24809160300000002
9.0 0.8611111111 0.4370229008 0.0537918872 0.24045801530000002
15.0 0.9320987654 0.41603053440000004 0.0634920635 0.41221374050000004
6.0 0.9885361552 0.40267175580000003 0.0141093474 0.46946564890000003
