42.0 0.09219330860000001 0.3667883212 0.1799256505 0.6021897810000001
37.0 0.2185873606 0.8321167884 0.0416356878 0.2700729927
45.0 0.2791821561 0.8868613138 0.063197026 0.1897810219
13.0 0.3308550186 0.8047445256 0.0163568773 0.3686131387
9.0 0.3513011152 0.5291970803 0.024535316 0.2554744526
10.0 0.4546468402 0.4452554744 0.052788104100000004 0.0656934307
13.0 0.5 0.4160583942 0.0126394052 0.5328467153
20.0 0.5553903346 0.3430656935 0.0698884758 0.5109489051
44.0 0.7434944238000001 0.45620437960000004 0.2200743494 0.48905109490000004
37.0 0.9550185874 0.4616788322 0.0498141264 0.4124087591
