42.0 0.0626609442 0.6273712738 0.11502145920000001 0.2466124661
40.0 0.038626609400000005 0.7777777778 0.0171673819 0.0975609756
45.0 0.0643776824 0.7371273713000001 0.025751073000000003 0.0487804878
17.0 0.0995708154 0.7222222222 0.022317596500000002 0.0948509485
0.0 0.5712446352 0.6653116532000001 0.8386266094 0.1327913279
2.0 0.22703862660000002 0.3048780488 0.026609442 0.2195121951
40.0 0.2635193133 0.4647696477 0.0309012876 0.1924119242
10.0 0.3042918455 0.340108401 0.0317596566 0.0243902439
14.0 0.3557939914 0.364498645 0.035193133 0.1327913279
5.0 0.4055793991 0.3184281842 0.026609442100000002 0.24119241190000001
2.0 0.4519313304 0.2994579946 0.0317596567 0.2140921409
7.0 0.6553648069 0.2032520325 0.3510729614 0.39566395660000003
40.0 0.6828326180000001 0.4742547426 0.033476394900000005 0.2059620597
9.0 0.7261802575 0.3495934959 0.0412017168 0.12466124660000001
14.0 0.7815450644 0.379403794 0.0369098712 0.1517615176
9.0 0.8403433476000001 0.340108401 0.0463519313 0.1111111111
16.0 0.886695279 0.37262872620000004 0.0291845493 0.1653116531
5.0 0.9278969957000001 0.33333333330000003 0.0223175966 0.2601626016
14.0 0.47253218880000003 0.7059620596 0.0386266095 0.1436314363
40.0 0.521888412 0.7913279133000001 0.029184549400000002 0.1842818428
9.0 0.5716738198 0.674796748 0.039484978500000004 0.1138211382
13.0 0.6068669528 0.6951219512 0.0068669528 0.15989159890000001
10.0 0.6416309013 0.6666666667000001 0.0300429184 0.010840108400000001
20.0 0.6948497854 0.6951219512 0.0369098712 0.1653116531
