42.0 0.09986130380000001 0.47756410260000004 0.1581137309 0.25
40.0 0.0156033287 0.9305555556 0.0270457698 0.1175213675
45.0 0.0513176144 0.875 0.029126213600000003 0.06623931620000001
4.0 0.1158113731 0.6976495727 0.06380027740000001 0.2029914529
11.0 0.16990291270000002 0.7745726496 0.048543689300000005 0.30982905980000003
14.0 0.19694868240000002 0.8600427350000001 0.024965326000000003 0.1431623931
0.0 0.6251733704 0.5053418804 0.7052704577000001 0.014957264900000001
47.0 0.3495145631 0.2425213675 0.1567267684 0.1901709402
15.0 0.46809986130000003 0.12606837610000002 0.030513176200000002 0.14529914530000002
40.0 0.5540915395 0.3782051282 0.0513176144 0.235042735
9.0 0.6109570042 0.25 0.0346740638 0.1623931624
47.0 0.7656033287 0.2638888888 0.17753120660000002 0.2200854701
17.0 0.8699722608 0.0972222222 0.0339805825 0.14316239320000002
40.0 0.9656726768 0.35683760680000004 0.058945908500000005 0.20512820510000002
18.0 0.6314147018 0.7008547008 0.05755894600000001 0.3461538461
