42.0 0.0738317757 0.2015765766 0.11900311520000001 0.259009009
29.0 0.0308411214 0.3704954955 0.035514018700000004 0.11936936940000001
45.0 0.0635514018 0.436936937 0.0323987539 0.0540540541
18.0 0.1 0.4166666666 0.021806853600000002 0.0990990991
0.0 0.6037383178 0.53490991 0.7900311527 0.3310810811
27.0 0.22211838 0.2297297298 0.0629283489 0.1756756757
29.0 0.2775700934 0.10585585580000001 0.0442367601 0.1351351351
9.0 0.3367601246 0.2331081082 0.0417445483 0.1509009009
10.0 0.3890965732 0.2713963964 0.046728972 0.0247747748
18.0 0.4457943925 0.2747747748 0.0579439252 0.22522522520000002
46.0 0.6308411215 0.39752252250000003 0.2398753894 0.259009009
29.0 0.8897196262 0.4177927927 0.1482866043 0.3400900901
17.0 0.1881619938 0.472972973 0.037383177600000005 0.1801801802
29.0 0.2523364486 0.47409909910000003 0.07476635520000001 0.2364864864
19.0 0.31869158880000004 0.48648648640000003 0.0267912772 0.1171171171
9.0 0.36448598130000004 0.579954955 0.0423676012 0.1689189189
13.0 0.4121495327 0.6182432432 0.0255451714 0.2950450451
29.0 0.4834890966 0.615990991 0.11090342680000001 0.286036036
16.0 0.5548286604 0.5968468468 0.0292834891 0.1396396397
9.0 0.6174454828 0.6858108109000001 0.0548286605 0.1599099099
18.0 0.6875389408 0.7162162162 0.0679127726 0.22522522520000002
16.0 0.7638629284 0.7781531532 0.0647975077 0.2905405405
29.0 0.8925233644 0.8018018018 0.1464174455 0.3333333334
