42.0 0.1002109704 0.4517374518 0.18987341770000002 0.5714285715
29.0 0.2373417722 0.7471042471 0.035864978900000004 0.2818532818
45.0 0.3080168776 0.7876447876 0.09071729960000001 0.0849420849
15.0 0.38818565400000005 0.7722007722 0.035864978900000004 0.1853281854
10.0 0.42563291140000004 0.5212355212 0.0348101266 0.023166023100000002
0.0 0.8080168776000001 0.5250965251 0.38185654010000003 0.0463320464
3.0 0.6735232068 0.2277992278 0.022151898700000002 0.42471042480000004
29.0 0.717299578 0.22200772200000002 0.0569620253 0.3281853282
9.0 0.7716244726 0.2837837838 0.0516877637 0.305019305
12.0 0.832278481 0.27799227800000004 0.0379746836 0.23166023160000002
6.0 0.8702531646 0.2528957529 0.0210970464 0.4594594594
29.0 0.5817510548 0.7934362934 0.0516877637 0.3513513513
13.0 0.6181434599 0.6486486487 0.0105485232 0.20077220070000001
9.0 0.6682489452 0.8243243243 0.053797468300000005 0.2895752896
10.0 0.7325949367 0.8455598456000001 0.049578059 0.0386100386
29.0 0.7911392405000001 0.8069498070000001 0.054852320600000004 0.3706563707
9.0 0.8544303797 0.8223938224 0.0611814346 0.2857142858
16.0 0.9135021097 0.8397683398 0.0485232068 0.1891891892
21.0 0.963607595 0.8474903475000001 0.0432489451 0.22007722000000002
