42.0 0.1082830026 0.539379475 0.1941328732 0.36276849650000004
29.0 0.28774805870000003 0.7398568019 0.045729076800000004 0.1957040572
45.0 0.3455565142 0.7756563246 0.0647109577 0.09069212410000001
20.0 0.4085418464 0.7255369928000001 0.0440034512 0.17661097850000002
9.0 0.4499568594 0.5906921241 0.0371009491 0.1360381862
0.0 0.7851596204 0.5501193317 0.35375323550000004 0.0501193317
49.0 0.5910267472 0.3066825776 0.07765314920000001 0.2410501193
7.0 0.8123382226 0.2792362768 0.2493528904 0.4439140811
14.0 0.8494391717 0.2887828162 0.054357204400000005 0.1909307876
29.0 0.9141501294000001 0.2744630072 0.059534081100000004 0.2291169451
49.0 0.6009490940000001 0.8544152744 0.08369283870000001 0.27207637230000004
7.0 0.8308886972 0.7852028640000001 0.2709232097 0.42482100240000004
15.0 0.7553925798000001 0.6563245824 0.0353753236 0.1718377089
18.0 0.8615185505 0.8186157518 0.0578084556 0.24343675420000002
29.0 0.9245038826 0.7792362768000001 0.0543572045 0.22673031030000002
