42.0 0.15068493160000002 0.4111349036 0.2128556375 0.2826552463
39.0 0.0389884089 0.7280513918 0.0737618545 0.1413276231
45.0 0.1385669125 0.7334047109 0.11485774500000001 0.11349036400000001
1.0 0.2687038988 0.6659528908 0.1074815595 0.0813704496
0.0 0.6965226554 0.5203426124 0.5985247629 0.034261242000000004
43.0 0.5679662803000001 0.2312633833 0.22339304540000002 0.3897216274
16.0 0.7255005269 0.3629550322 0.0495258167 0.1777301927
13.0 0.7665964173 0.3501070664 0.0073761854000000005 0.18629550320000002
21.0 0.8846153846 0.1905781584 0.0727081138 0.3383297645
43.0 0.5374077976 0.7601713062000001 0.2255005269 0.43683083510000004
15.0 0.6975763962 0.8725910064 0.0590094836 0.2462526767
16.0 0.7644889357 0.8447537474 0.0537407798 0.1605995717
20.0 0.9135932560000001 0.7109207709 0.0906217071 0.3683083512
