42.0 0.082161362 0.3473154362 0.1258327165 0.38590604030000003
35.0 0.17949666920000001 0.5486577181 0.0229459659 0.1510067114
45.0 0.215396003 0.6006711410000001 0.039970392300000004 0.060402684500000005
18.0 0.2627683198 0.5620805369 0.0325684678 0.1979865772
0.0 0.666173205 0.4832214765 0.6069578090000001 0.0604026846
27.0 0.4344929682 0.2701342282 0.039970392300000004 0.1711409396
35.0 0.4733530718 0.1208053692 0.0303478904 0.16107382550000002
9.0 0.5270170244 0.2734899329 0.0503330866 0.1577181208
48.0 0.6591413768000001 0.3036912752 0.1339748335 0.3053691275
35.0 0.8230940044 0.2818791946 0.0473723168 0.2348993289
19.0 0.3697261288 0.6912751678 0.0451517394 0.2953020134
20.0 0.4245003701 0.6711409396 0.043671354600000004 0.26845637580000004
35.0 0.47372316800000003 0.6963087248000001 0.0384900074 0.2315436241
21.0 0.5159141377 0.5906040268 0.028127313100000002 0.2214765101
9.0 0.5732790526 0.7298657718 0.055514433700000004 0.1912751678
21.0 0.6336047372 0.7298657718 0.041450777200000004 0.3187919463
19.0 0.6920799408 0.7432885906000001 0.057735011100000004 0.29865771820000003
35.0 0.7612879348 0.7634228188000001 0.0525536639 0.2651006712
9.0 0.8297557365 0.7718120805 0.0710584752 0.1946308725
14.0 0.9115470022000001 0.7818791946 0.0762398224 0.3288590604
