42.0 0.09601567600000001 0.4585152838 0.16198563030000002 0.5196506551
35.0 0.0591116917 0.7390829695000001 0.024167211 0.1899563319
45.0 0.1022207708 0.7620087336 0.0476812541 0.0742358079
20.0 0.1495754409 0.7270742358000001 0.0261267146 0.1266375546
0.0 0.6084258654 0.5796943232 0.7256694971000001 0.1593886463
0.0 0.31025473540000004 0.2543668122 0.15153494450000002 0.0502183406
26.0 0.3344219464 0.1451965066 0.033964728900000005 0.1812227075
26.0 0.3161332462 0.36462882100000005 0.032658393200000004 0.1746724891
35.0 0.3527106466 0.3700873362 0.0313520575 0.1943231441
2.0 0.40365774 0.2762008734 0.026126714500000002 0.3558951965
27.0 0.46603527100000003 0.2281659389 0.046374918300000005 0.2074235808
35.0 0.49967341610000005 0.1233624454 0.022207707400000002 0.155021834
9.0 0.5489875899000001 0.2620087336 0.0437622469 0.135371179
10.0 0.6012410189 0.2609170306 0.05290659700000001 0.019650655
19.0 0.6616590464000001 0.2532751092 0.0496407577 0.2707423581
46.0 0.7991508818 0.31659388650000003 0.1469627694 0.28820960700000003
35.0 0.9124755062000001 0.3165938864 0.0313520574 0.2663755459
5.0 0.9497060744 0.3187772926 0.0274330503 0.2969432314
0.0 0.3063357282 0.7565502184 0.0927498367 0.0283842795
26.0 0.3148269106 0.6353711790000001 0.0378837361 0.1746724891
26.0 0.2955584585 0.8755458515000001 0.0372305683 0.18777292580000002
35.0 0.331809275 0.8810043668 0.032658393200000004 0.2205240174
2.0 0.3954931418 0.7347161572 0.0424559111 0.32969432320000003
15.0 0.45231874590000004 0.6834061135 0.05290659700000001 0.25764192140000003
35.0 0.5058785108 0.7172489083 0.0398432397 0.2991266376
14.0 0.5408229916 0.6430131004 0.0274330503 0.1200873363
9.0 0.5947093403 0.7336244542 0.045068582600000004 0.1266375545
21.0 0.6365120836 0.6921397380000001 0.033311561 0.2663755458
15.0 0.6845199216 0.6899563319 0.044415414800000004 0.231441048
35.0 0.7348138472 0.7358078603 0.0378837361 0.28820960700000003
13.0 0.7723709994 0.6615720524 0.0320052253 0.1659388646
9.0 0.8197256695 0.7663755458 0.039190071800000004 0.1397379913
14.0 0.8592423253 0.7543668122 0.038536904000000004 0.22489082970000002
21.0 0.9065969954 0.7270742358000001 0.0274330503 0.2620087336
35.0 0.9454604834 0.7478165939 0.0359242325 0.2641921398
5.0 0.9810581319 0.7751091703 0.0365774004 0.3318777292
