42.0 0.0689364097 0.42069892480000004 0.0861001688 0.3682795699
39.0 0.0219471018 0.6599462366000001 0.0393922341 0.1801075269
45.0 0.0619020822 0.6559139785 0.0371412493 0.09139784940000001
0.0 0.10664040520000001 0.7096774193000001 0.0275745639 0.0322580645
4.0 0.1218345526 0.6182795699 0.032076533500000004 0.129032258
14.0 0.1218345526 0.8010752688 0.0309510411 0.1559139785
0.0 0.6266178954 0.7701612903 0.7467642093 0.4435483871
46.0 0.28503095100000003 0.3682795699 0.15250422060000002 0.317204301
14.0 0.39786156440000003 0.1733870968 0.040517726500000004 0.23387096770000002
39.0 0.4822734946 0.4032258064 0.0585256049 0.2473118279
9.0 0.5579628588000001 0.3655913978 0.0714687675 0.2311827957
47.0 0.7186268992 0.48924731180000003 0.1733258301 0.3494623656
21.0 0.8458075408 0.2674731182 0.0303882948 0.24462365590000001
39.0 0.9459763647 0.556451613 0.0709060214 0.3064516129
17.0 0.5624648284 0.7876344086 0.06359032070000001 0.2741935484
