7.0 0.5007745934 0.1872065728 0.9969016267 0.367370892
0.0 0.6158017041 0.609741784 0.6103795508000001 0.0340375587
42.0 0.3791634392 0.29694835680000004 0.1758326878 0.22300469480000001
35.0 0.304415182 0.4518779342 0.0464756003 0.0985915493
45.0 0.38652207600000005 0.4776995305 0.0867544539 0.072769953
13.0 0.4779240898 0.4448356808 0.0759101471 0.11267605630000001
35.0 0.593725794 0.2822769953 0.0642912471 0.1232394366
19.0 0.6673121611 0.2077464788 0.050348567000000004 0.1244131455
9.0 0.750580945 0.2822769953 0.0774593338 0.1349765258
20.0 0.8323005422 0.309859155 0.06274206040000001 0.2159624413
42.0 0.3369481022 0.7417840376 0.1967467079 0.18075117370000002
35.0 0.2521301317 0.9154929578000001 0.054996127000000006 0.09389671370000001
45.0 0.32571649880000003 0.9448356808 0.0844306739 0.0727699531
13.0 0.42680092950000004 0.9160798122 0.0852052672 0.11854460100000001
7.0 0.6305189776 0.7370892019 0.24632068170000002 0.2910798122
39.0 0.7172734314 0.7664319249 0.0728117739 0.1408450704
9.0 0.8028659954 0.7652582160000001 0.0751355539 0.1431924883
17.0 0.8996901626 0.75 0.08133230050000001 0.1291079812
