42.0 0.1033874382 0.4261083744 0.1573747353 0.37931034480000003
39.0 0.21665490480000002 0.6773399015 0.0381086803 0.1921182266
45.0 0.26323218060000003 0.6859605911000001 0.0578687367 0.0714285714
10.0 0.3126323218 0.6699507389 0.0296400846 0.0246305419
1.0 0.37932251240000003 0.6391625616000001 0.0585744531 0.0862068966
0.0 0.7205363444 0.5344827586 0.44742413550000004 0.0492610838
19.0 0.5105857445 0.3078817734 0.0416372618 0.2118226601
15.0 0.5628087509 0.3669950739 0.0458715596 0.22660098520000002
39.0 0.6175017643 0.369458128 0.046577276 0.2512315271
18.0 0.661256175 0.1785714286 0.036697247700000005 0.1699507389
9.0 0.7173606210000001 0.3362068966 0.044460127 0.16502463050000002
16.0 0.7678193366 0.3115763547 0.0409315455 0.1945812808
39.0 0.8168666196000001 0.369458128 0.0458715596 0.2512315271
9.0 0.8662667608 0.32881773400000003 0.0430486945 0.1551724138
21.0 0.9202540578 0.3066502463 0.047988708500000005 0.224137931
7.0 0.7519407198 0.7598522167 0.4918842625 0.4458128079
12.0 0.642554693 0.8054187192000001 0.05151729 0.2561576354
39.0 0.6947776994 0.8485221675 0.0472829923 0.2389162562
17.0 0.7484121384 0.7229064039 0.0557515879 0.1847290641
9.0 0.8119266055000001 0.8214285714 0.0472829922 0.1600985222
35.0 0.8630910374 0.7943349754 0.0508115738 0.2044334975
21.0 0.9135497530000001 0.709359606 0.0331686662 0.17241379310000002
