42.0 0.11987577640000001 0.4641744548 0.2322981366 0.3489096573
34.0 0.250931677 0.6588785047 0.0273291926 0.12149532710000001
45.0 0.30310559 0.6713395638 0.054658385100000005 0.1028037383
1.0 0.3857142858 0.6355140186 0.07577639750000001 0.1183800623
0.0 0.7372670808 0.4828660436 0.4335403727 0.037383177600000005
50.0 0.7000000000000001 0.36292834890000003 0.2621118012 0.23364485980000002
34.0 0.8875776398 0.3395638629 0.038509316700000004 0.1682242991
15.0 0.9428571428 0.1526479751 0.044720496900000004 0.21806853580000002
7.0 0.7770186336 0.7507788162 0.2770186335 0.492211838
39.0 0.8801242236 0.8115264797 0.0559006212 0.1588785047
