42.0 0.1668618266 0.6142473118 0.2681498829 0.35215053760000004
30.0 0.1235362998 0.8306451613 0.0573770492 0.1720430108
45.0 0.20667447300000003 0.8293010753000001 0.06908665110000001 0.1048387097
13.0 0.2763466042 0.8051075269 0.0304449649 0.1424731183
0.0 0.7277517564 0.6357526882 0.537470726 0.0349462366
7.0 0.6645199064 0.2701612903 0.3594847775 0.48655913980000004
39.0 0.75 0.4153225806 0.0550351288 0.2392473119
10.0 0.8343091335 0.372311828 0.0573770492 0.0295698925
17.0 0.9355971897 0.3629032258 0.12177985940000001 0.24193548380000002
30.0 0.6329039813 0.8091397849 0.1135831382 0.2849462365
10.0 0.7453161592 0.8212365591 0.052693208500000005 0.0241935484
21.0 0.8337236534 0.7862903226 0.09133489460000001 0.309139785
