42.0 0.1214421252 0.35032894740000003 0.23908918410000002 0.5625
36.0 0.0464895636 0.8075657895 0.0493358634 0.22039473680000002
45.0 0.10863377610000001 0.8453947368 0.050284630000000004 0.125
18.0 0.18548387100000002 0.7763157894 0.0540796964 0.2236842105
0.0 0.6684060721 0.46052631580000003 0.6555977230000001 0.0263157894
10.0 0.5948766604 0.2763157894 0.0626185959 0.0592105263
14.0 0.7016129032 0.22368421060000002 0.1015180266 0.4342105263
15.0 0.3676470589 0.7187500000000001 0.09013282730000001 0.4375
9.0 0.45730550280000004 0.6414473684 0.043643263700000004 0.2960526316
47.0 0.6869070209 0.7302631579000001 0.2865275142 0.42763157900000004
36.0 0.9350094876 0.7236842105 0.09582542690000001 0.4078947368
