42.0 0.0596534654 0.7308447938 0.1004950495 0.3300589391
38.0 0.030940594000000002 0.9410609038000001 0.027227722700000002 0.11001964630000001
45.0 0.0628712872 0.9440078586 0.0247524753 0.0451866405
1.0 0.10198019800000001 0.890962672 0.0376237624 0.0648330059
7.0 0.2806930694 0.5667976424 0.2702970297 0.5717092338
38.0 0.27079207920000004 0.5766208252 0.0495049505 0.1748526523
13.0 0.3076732674 0.5127701376 0.0044554455 0.1178781925
9.0 0.3425742574 0.5569744598 0.038613861400000005 0.1198428291
38.0 0.3913366337 0.5599214146 0.051980198000000005 0.2200392927
9.0 0.4497524752 0.5019646366 0.0371287129 0.11198428290000001
10.0 0.49405940600000003 0.5137524558000001 0.0306930693 0.0451866404
18.0 0.5403465346 0.4774066798 0.0381188119 0.231827112
7.0 0.7702970297 0.38703339880000004 0.408910891 0.7308447937
38.0 0.7143564357000001 0.43516699410000004 0.0643564357 0.23379174860000002
14.0 0.7561881188 0.3398821218 0.0202970297 0.09430255400000001
9.0 0.8094059406 0.3595284872 0.0455445544 0.11394891950000001
10.0 0.8586633664000001 0.3644400786 0.041089108900000004 0.0451866405
17.0 0.8992574258 0.32514734770000003 0.0460396039 0.2927308448
38.0 0.9653465346000001 0.3300589391 0.0633663367 0.231827112
