42.0 0.2044534413 0.3056478405 0.330634278 0.43853820600000004
36.0 0.1052631579 0.6877076412 0.0701754386 0.16611295680000002
45.0 0.17341430500000002 0.7043189368 0.06342780020000001 0.09966777410000001
19.0 0.26990553300000003 0.6528239203 0.0647773279 0.2093023256
0.0 0.7510121458 0.4734219269 0.4628879893 0.0764119602
27.0 0.6045883941 0.2774086378 0.11875843450000001 0.2558139535
36.0 0.7152496626 0.1013289037 0.0647773279 0.1561461794
10.0 0.8353576248 0.2857142858 0.0863697706 0.026578073100000002
13.0 0.9014844804000001 0.2890365448 0.021592442700000002 0.3588039867
21.0 0.5114709852 0.6710963455000001 0.0809716599 0.40531561460000004
36.0 0.6457489879 0.7607973422000001 0.1363022942 0.29900332220000003
9.0 0.7955465587 0.7325581395 0.1309041836 0.3023255814
14.0 0.9278002699000001 0.7458471761000001 0.10391363020000001 0.3621262458
