42.0 0.12427506220000001 0.5967741935 0.2004971003 0.36972704710000004
39.0 0.0671085336 0.8920595534 0.0331400165 0.1712158809
45.0 0.1106048053 0.8945409430000001 0.0455675228 0.1017369727
1.0 0.1764705882 0.8399503722 0.0513670257 0.0719602978
0.0 0.6354598177 0.7121588089 0.6362883181 0.049627791500000004
7.0 0.6222038111 0.3933002481 0.6197183098 0.7766749379
21.0 0.5459817730000001 0.3263027295 0.07787903900000001 0.364764268
17.0 0.6425020712 0.3039702233 0.1035625517 0.300248139
39.0 0.7502071251 0.35235732010000004 0.058823529400000005 0.282878412
21.0 0.8094449048 0.22332506200000002 0.0397680199 0.1836228288
9.0 0.8852526926000001 0.3089330025 0.06545153270000001 0.2009925558
39.0 0.9610604806 0.3722084368 0.0629660315 0.3076923077
39.0 0.6532725766 0.8511166253 0.0604805303 0.2729528536
