42.0 0.0668583752 0.6368563686000001 0.13084112150000002 0.2655826558
35.0 0.17074047450000002 0.8292682927 0.0366642703 0.1517615176
45.0 0.20776419840000002 0.8333333333 0.033069734 0.0785907859
19.0 0.2530553558 0.7845528456 0.0345075485 0.1490514905
9.0 0.2897196262 0.6382113821000001 0.0345075485 0.10569105690000001
27.0 0.3950395399 0.5731707317 0.0682961898 0.20325203260000002
49.0 0.4557872034 0.4173441734 0.0618260245 0.2005420055
2.0 0.5345075485 0.3861788618 0.0208483106 0.2032520325
19.0 0.5625449317 0.3428184281 0.0409777138 0.1436314363
9.0 0.6135873472000001 0.3550135501 0.0452911575 0.12466124660000001
35.0 0.6599568656 0.3441734417 0.0474478792 0.1517615176
50.0 0.7555715312 0.1869918699 0.1524083393 0.162601626
35.0 0.917325665 0.093495935 0.0603882099 0.1490514905
5.0 0.9841840402 0.25609756100000003 0.0301941049 0.2466124661
