42.0 0.0906958561 0.3080912864 0.168881939 0.3174273859
40.0 0.20680218920000001 0.5622406639 0.0289288506 0.1784232366
45.0 0.2552775606 0.5580912864 0.0492572322 0.0580912863
1.0 0.315089914 0.5197095436 0.0469116498 0.06431535270000001
0.0 0.522673964 0.41493775930000004 0.2071931196 0.012448132800000001
0.0 0.5132916341 0.20124481330000002 0.2228303362 0.024896265600000002
17.0 0.49882720880000003 0.0933609958 0.053166536300000004 0.1618257261
12.0 0.5473025801 0.0840248962 0.0328381548 0.1639004149
14.0 0.5793588741 0.0954356846 0.0375293198 0.1535269709
40.0 0.538702111 0.2946058092 0.0375293198 0.17012448130000002
0.0 0.5183737295 0.7012448133 0.14073494920000001 0.012448132800000001
16.0 0.5347928069 0.6161825726 0.0265832682 0.153526971
21.0 0.45777951520000004 0.8433609958 0.0304925723 0.1556016597
7.0 0.5512118842 0.8558091286 0.1391712275 0.2759336099
39.0 0.6090695856 0.8941908714000001 0.0328381548 0.16597510370000002
0.0 0.8659108679 0.4190871369 0.260359656 0.0165975104
15.0 0.7341673182 0.260373444 0.0531665364 0.1804979253
7.0 0.8596559812000001 0.2147302904 0.1868647381 0.2883817427
39.0 0.9229867084000001 0.3091286307 0.0430023456 0.20746887960000002
14.0 0.728303362 0.596473029 0.0476935106 0.1763485477
7.0 0.8577013292000001 0.5736514522 0.18295543390000002 0.2966804979
39.0 0.9253322908 0.6203319502 0.0476935105 0.1659751038
