42.0 0.117058011 0.49779735680000003 0.2285911603 0.7400881057
34.0 0.2247928176 0.8303964758 0.0324585635 0.3392070485
45.0 0.26553867400000003 0.8392070485 0.0504143647 0.1101321586
20.0 0.3221685083 0.781938326 0.0283149172 0.268722467
9.0 0.34979281770000004 0.5682819383000001 0.0296961326 0.15859030840000002
44.0 0.5172651934 0.462555066 0.1933701657 0.5991189427
48.0 0.6971685082 0.16519823790000002 0.0987569061 0.268722467
2.0 0.7700276243 0.1607929515 0.017955801100000002 0.2863436123
34.0 0.7935082873 0.16519823790000002 0.024861878400000002 0.27753303960000003
5.0 0.8214779006 0.1806167401 0.031077348100000003 0.34361233480000003
2.0 0.8891574586000001 0.35022026430000003 0.0352209945 0.5330396476
34.0 0.9302486188 0.34361233480000003 0.0483425414 0.48458149780000004
5.0 0.9734116022 0.436123348 0.046270718200000005 0.7048458150000001
