42.0 0.0967536601 0.3671428572 0.1896880968 0.36285714290000004
31.0 0.217059198 0.8 0.0343730108 0.2
45.0 0.2683004456 0.8357142857000001 0.061744112000000004 0.11142857140000001
4.0 0.3421387651 0.4814285714 0.0846594526 0.2942857143
11.0 0.4127943985 0.6728571428 0.0197326544 0.6485714285
14.0 0.47358370460000004 0.6871428572 0.042011457700000004 0.1685714285
0.0 0.7625716104 0.33428571420000003 0.4175684277 0.2057142857
15.0 0.54837683 0.21 0.0426479949 0.2314285714
48.0 0.6384468491 0.1728571429 0.0980267345 0.26
9.0 0.7291534054000001 0.1242857143 0.026098026700000002 0.1171428572
10.0 0.7641629536000001 0.1642857143 0.0222788033 0.037142857200000004
16.0 0.7991725016 0.1228571428 0.0324633991 0.2057142857
44.0 0.9038828772 0.1285714286 0.12221514950000001 0.2228571429
31.0 0.9853596436000001 0.1214285714 0.029280712900000002 0.22571428570000002
14.0 0.6575429662000001 0.6314285714 0.057288351300000005 0.21142857140000001
31.0 0.6985996181 0.6614285714 0.0413749204 0.2314285714
9.0 0.7288351368 0.6171428571 0.029280712900000002 0.1257142857
10.0 0.7603437302 0.64 0.0222788033 0.0285714286
18.0 0.7950350096000001 0.5885714286 0.0356460853 0.21142857140000001
4.0 0.8440483768 0.4314285714 0.0738383195 0.2742857143
11.0 0.8927434755 0.5328571428000001 0.010821133 0.4371428571
14.0 0.9357097390000001 0.5542857142000001 0.0381922342 0.2057142857
