42.0 0.137807377 0.5656370656 0.25512295090000003 0.7374517375
39.0 0.3048155738 0.7664092664000001 0.0706967213 0.25868725870000003
45.0 0.4175204918 0.8494208494000001 0.1075819672 0.1467181467
13.0 0.4923155738 0.6872586872 0.0174180328 0.3243243243
10.0 0.524590164 0.4691119691 0.0430327869 0.0733590734
0.0 0.8283811475 0.48455598460000004 0.31864754100000003 0.1505791505
39.0 0.6849385246 0.3127413128 0.074795082 0.23938223930000002
2.0 0.7469262296 0.2895752896 0.0368852459 0.30115830120000003
39.0 0.7991803278 0.306949807 0.07172131150000001 0.2664092665
10.0 0.8575819672 0.2644787645 0.038934426200000004 0.0501930502
17.0 0.9093237705 0.2702702703 0.046106557400000005 0.2934362934
5.0 0.9738729508 0.2162162162 0.0481557377 0.3088803089
3.0 0.7848360656000001 0.6872586873000001 0.0204918033 0.416988417
39.0 0.8350409836 0.7220077220000001 0.0696721312 0.2548262548
6.0 0.8775614754000001 0.6698841699 0.0235655738 0.38223938220000003
