42.0 0.1712570622 0.2752136752 0.1532485875 0.2632478632
23.0 0.02259887 0.6837606838 0.0367231639 0.1025641025
45.0 0.07838983050000001 0.6931623931 0.0550847458 0.1076923077
4.0 0.154661017 0.5478632479000001 0.06497175150000001 0.1965811966
11.0 0.21504237280000002 0.6068376068 0.0402542373 0.2666666667
18.0 0.2789548022 0.688034188 0.0466101695 0.1965811966
10.0 0.3305084746 0.564957265 0.0353107345 0.0222222223
0.0 0.6843220339 0.40683760690000004 0.6101694916 0.0820512821
47.0 0.5928672316 0.3333333334 0.2648305085 0.3008547009
19.0 0.7584745763 0.1051282052 0.0550847458 0.14529914530000002
23.0 0.8697033898000001 0.2367521368 0.0515536723 0.1350427351
0.0 0.6574858757 0.6777777778 0.49293785310000005 0.049572649600000004
14.0 0.6783192090000001 0.558974359 0.0543785311 0.1948717949
14.0 0.4675141243 0.8478632479 0.057909604600000004 0.1811965812
23.0 0.5169491525000001 0.8752136752 0.0395480226 0.1196581196
9.0 0.5628531074 0.8461538462 0.0423728813 0.12649572650000002
2.0 0.6144067796 0.882905983 0.0296610169 0.2170940171
20.0 0.6606638418 0.87008547 0.0586158192 0.16410256410000001
4.0 0.7584745763 0.8623931624000001 0.0508474576 0.12136752140000001
5.0 0.8329802260000001 0.8478632478 0.020480226 0.1914529915
14.0 0.8810028248 0.7358974359 0.0515536723 0.158974359
