42.0 0.13868816 0.3122568094 0.1851028349 0.2821011673
29.0 0.022512507 0.7324902724 0.0416898277 0.1147859922
45.0 0.0583657588 0.7869649806 0.0311284047 0.0369649805
4.0 0.1292384658 0.579766537 0.0794886048 0.23735408560000001
11.0 0.1689827682 0.7324902724 0.0144524736 0.4338521401
15.0 0.2265147304 0.7889105058 0.0294608116 0.16926070040000002
0.0 0.6153418566000001 0.4309338522 0.6725958866 0.09143968870000001
50.0 0.37381878820000003 0.1741245136 0.17732073380000002 0.2548638132
17.0 0.5005558644 0.0875486381 0.0283490828 0.1478599222
29.0 0.5894941634 0.16147859920000002 0.0728182324 0.2256809338
9.0 0.6464702612000001 0.17120622570000002 0.0300166759 0.1750972763
44.0 0.7715397443 0.247081712 0.1434130072 0.22957198450000002
14.0 0.8671484158 0.0719844358 0.050027793200000004 0.13229571980000002
29.0 0.9613674264000001 0.1643968872 0.0694830461 0.2276264591
15.0 0.6386881601000001 0.5214007782 0.043357420800000004 0.27237354080000004
