42.0 0.0616844602 0.2408637874 0.10676156590000001 0.415282392
29.0 0.137603796 0.5747508306 0.034400949 0.2591362126
45.0 0.171708185 0.5797342192 0.0480427047 0.23588039870000002
0.0 0.2479240806 0.6794019934000001 0.07354685650000001 0.0697674419
4.0 0.24584816140000001 0.5481727575 0.0539739027 0.19933554820000002
18.0 0.2455516014 0.7790697674 0.0272835113 0.16943521590000002
0.0 0.6432384342 0.6395348838 0.6530249111 0.3488372093
47.0 0.4101423488 0.3936877076 0.1120996441 0.2890365449
19.0 0.49644128120000003 0.16279069770000001 0.0415183867 0.2059800664
29.0 0.5696915777 0.4069767442 0.040925267 0.2558139535
9.0 0.6070581258000001 0.3970099668 0.0492289443 0.16279069770000001
50.0 0.7600830368 0.5149501662 0.19276393830000002 0.3588039867
16.0 0.8864175564000001 0.3355481728 0.0421115065 0.3920265781
29.0 0.9676749704000001 0.5897009966 0.0492289443 0.3089700997
14.0 0.6272241993000001 0.8106312292000001 0.06346381970000001 0.3455149501
