42.0 0.0530726257 0.44642857140000003 0.09385474860000001 0.306122449
41.0 0.021229050200000002 0.7614795918 0.0346368715 0.1352040817
45.0 0.062849162 0.7614795918 0.0441340782 0.0943877551
20.0 0.1013966481 0.7091836734 0.0262569833 0.1581632653
0.0 0.5695530726 0.5548469388 0.8508379888000001 0.0433673469
41.0 0.357821229 0.3048469388 0.062011173100000004 0.24234693880000002
46.0 0.49720670400000005 0.2602040816 0.1530726257 0.2704081633
2.0 0.6505586592 0.3176020408 0.07541899440000001 0.4515306122
16.0 0.7086592178000001 0.2538265306 0.0340782123 0.4209183674
41.0 0.7689944134000001 0.3048469388 0.066480447 0.24234693880000002
5.0 0.8148044693000001 0.2895408163 0.0251396648 0.4413265306
41.0 0.1997206704 0.7959183674 0.0675977654 0.2244897959
50.0 0.35000000000000003 0.7589285714 0.1737430168 0.375
41.0 0.48966480440000004 0.8099489796 0.0653631285 0.24234693880000002
47.0 0.6148044693 0.7908163265 0.1368715084 0.306122449
2.0 0.7712290502 0.7818877551000001 0.0597765363 0.3954081632
14.0 0.8589385475 0.7882653061 0.0675977654 0.3265306122
41.0 0.9223463687000001 0.8086734694000001 0.0558659218 0.2397959184
5.0 0.9770949721000001 0.769132653 0.025698324 0.40561224490000003
