42.0 0.10354223430000001 0.6337579618 0.1889191644 0.4713375796
23.0 0.23569482290000002 0.8455414013 0.0663033606 0.2133757962
45.0 0.3115349682 0.8933121019 0.0708446866 0.1369426752
13.0 0.3719346049 0.8296178344 0.0099909174 0.3280254777
0.0 0.7552225250000001 0.7404458598 0.4477747502 0.0414012739
27.0 0.502270663 0.6098726115 0.0744777475 0.2070063694
23.0 0.5790190736 0.3025477707 0.0608537693 0.19108280260000002
9.0 0.6725703906 0.5270700637 0.0735694823 0.17515923560000002
19.0 0.7497729337 0.5254777070000001 0.0644868302 0.2993630574
27.0 0.8242506812 0.6194267516 0.0790190736 0.21974522300000002
20.0 0.8987284287 0.2882165605 0.0590372388 0.29617834400000004
23.0 0.9591280654000001 0.3041401274 0.0563124432 0.194267516
23.0 0.7316076294 0.8566878981 0.0572207085 0.19108280260000002
