42.0 0.0958721704 0.4231625835 0.1544607191 0.293986637
39.0 0.0266311584 0.7227171492000001 0.035952063900000004 0.1714922049
45.0 0.077563249 0.7383073496 0.0619174434 0.060133630300000004
1.0 0.1571238349 0.6904231625 0.058588548600000005 0.0890868597
0.0 0.6235019974 0.6113585746 0.7330226365 0.0957683742
43.0 0.35386151800000004 0.27171492210000003 0.1830892144 0.4320712695
21.0 0.47003994670000004 0.368596882 0.0412782956 0.1625835189
13.0 0.49900133160000004 0.4097995546 0.0046604527000000005 0.17371937640000001
39.0 0.5749001332 0.2706013363 0.0499334221 0.22048997780000001
43.0 0.7250332890000001 0.228285078 0.1784287617 0.3763919821
15.0 0.8402130492000001 0.38530066820000003 0.0332889481 0.1692650335
21.0 0.8868175766 0.3719376392 0.0426098535 0.16481069040000002
13.0 0.9567243675 0.2594654788 0.0066577896 0.2383073497
43.0 0.3422103862 0.7639198219000001 0.1784287617 0.4231625835
16.0 0.4627163782 0.8953229399 0.0399467377 0.16926503340000001
21.0 0.5029960053 0.8663697104 0.0406125166 0.1603563475
12.0 0.5935419441 0.7483296214 0.0419440746 0.24498886420000002
43.0 0.7380159787 0.7371937639 0.1777629826 0.38752783960000003
13.0 0.8388814914 0.9086859688000001 0.0039946737000000005 0.17371937640000001
12.0 0.8601864181000001 0.8830734966 0.0266311584 0.1581291759
39.0 0.9494007989000001 0.7828507795 0.051930759 0.2383073496
