42.0 0.10967503690000001 0.4498777506 0.1632200886 0.28850855740000003
34.0 0.0210487444 0.8435207824000001 0.027326440100000002 0.17114914420000002
45.0 0.0679468243 0.8533007334 0.0620384047 0.0880195599
0.0 0.19091580500000002 0.7995110025000001 0.0745937962 0.044009779900000004
4.0 0.16949778440000002 0.6943765281000001 0.0568685377 0.17114914420000002
15.0 0.1805760709 0.8985330074000001 0.0347119646 0.1638141809
50.0 0.37666174300000005 0.39242053790000003 0.2200886263 0.2567237164
21.0 0.51366322 0.2163814181 0.0258493353 0.163814181
34.0 0.5978581979 0.3276283618 0.0376661743 0.22982885090000002
9.0 0.6521418021000001 0.2982885086 0.0531757755 0.1369193154
44.0 0.8035450517 0.2885085575 0.15509601180000002 0.2738386308
18.0 0.9028803545 0.0843520782 0.0243722304 0.1295843521
34.0 0.9807976366000001 0.2127139364 0.0324963073 0.2249388753
