42.0 0.1600961538 0.4447513812 0.2913461539 0.4033149171
39.0 0.0721153846 0.8121546962 0.042307692300000005 0.1933701657
45.0 0.1384615385 0.8439226519 0.075 0.135359116
1.0 0.2346153846 0.770718232 0.0769230769 0.10497237570000001
44.0 0.5120192308 0.5303867403 0.2605769231 0.35359116020000003
39.0 0.6730769231 0.3190607735 0.0442307692 0.1906077348
20.0 0.7187500000000001 0.1091160221 0.035576923 0.17955801100000002
0.0 0.9 0.5732044199 0.1807692308 0.0193370166
21.0 0.9134615384 0.39917127080000003 0.0730769231 0.3674033149
39.0 0.89375 0.8052486188 0.09134615380000001 0.3287292818
14.0 0.9548076923000001 0.6643646409 0.0442307692 0.1629834254
