42.0 0.0805825243 0.4128440367 0.07378640780000001 0.2605504588
39.0 0.0110032363 0.8853211009 0.0174757281 0.09724770640000001
45.0 0.0309061489 0.8954128440000001 0.0158576052 0.06972477070000001
4.0 0.0634304207 0.695412844 0.0355987055 0.1944954129
11.0 0.1177993528 0.7798165137 0.0627831715 0.4220183487
14.0 0.1597087379 0.885321101 0.0158576052 0.1082568807
0.0 0.5810679612 0.4844036698 0.8242718447 0.0330275229
2.0 0.2098705502 0.22935779820000002 0.0281553398 0.3486238532
7.0 0.3493527508 0.2532110092 0.2326860842 0.45504587160000004
47.0 0.3548543689 0.26788990830000003 0.1006472492 0.2311926605
39.0 0.4466019418 0.2541284404 0.034304207100000005 0.19633027520000002
10.0 0.4825242718 0.2587155963 0.0304207119 0.0146788991
17.0 0.5273462783 0.24311926600000003 0.0469255664 0.2183486239
5.0 0.5757281554 0.3082568807 0.0478964401 0.4146788991
2.0 0.6105177993 0.2256880734 0.0268608415 0.3449541284
7.0 0.7457928802 0.2981651376 0.22621359230000002 0.5082568808
46.0 0.7550161812 0.2587155964 0.0990291262 0.16513761470000002
39.0 0.8474110032000001 0.24862385320000002 0.0339805825 0.1889908257
9.0 0.8922330097000001 0.2220183486 0.047249191 0.1908256881
16.0 0.9323624596000001 0.2366972477 0.0252427185 0.22385321100000002
5.0 0.9720064725 0.2697247706 0.0436893204 0.36330275230000003
7.0 0.5564724919 0.743119266 0.2132686084 0.4623853211
50.0 0.571197411 0.7311926606 0.0932038835 0.2513761467
39.0 0.6501618123 0.7550458716 0.0297734628 0.1853211009
10.0 0.689644013 0.7688073394 0.0304207119 0.0146788991
14.0 0.7244336570000001 0.728440367 0.028802589000000003 0.2018348624
