42.0 0.0497237569 0.3155339806 0.09519762 0.4433656958
29.0 0.11325966850000001 0.6084142395000001 0.0140246494 0.2783171521
45.0 0.134721632 0.71197411 0.0195495113 0.11650485440000001
0.0 0.192520187 0.6860841424 0.037399065 0.0194174758
4.0 0.1852953676 0.5404530744 0.0331491713 0.21359223300000002
14.0 0.1923076924 0.8608414240000001 0.0531236719 0.2588996763
50.0 0.3215044624 0.2928802589 0.13642158940000002 0.46278317160000004
18.0 0.4071398215 0.1245954692 0.014449638800000001 0.22977346270000001
29.0 0.4587760306 0.2702265372 0.029324266800000002 0.4757281554
9.0 0.49830004250000004 0.281553398 0.0386740332 0.43365695790000003
42.0 0.5920101998 0.352750809 0.0951976201 0.49190938510000004
29.0 0.6559711008 0.6116504854 0.0148746281 0.284789644
45.0 0.6772205695 0.7135922330000001 0.0199745006 0.11974110040000001
0.0 0.7226944326 0.6860841424 0.050573735700000004 0.0194174758
4.0 0.7220569486 0.5291262136 0.032299192500000004 0.19741100320000002
21.0 0.7243943902000001 0.8220064725 0.0157246069 0.22006472500000002
44.0 0.8321291968000001 0.3171521036 0.1011474713 0.36245954690000004
20.0 0.9264768381 0.1715210356 0.0178495538 0.27184466020000003
29.0 0.9783255418000001 0.3155339806 0.0254993625 0.5339805825
