42.0 0.1525423729 0.5536649214 0.29491525420000003 0.2853403141
36.0 0.036440678000000004 0.8952879581000001 0.0525423729 0.06806282720000001
45.0 0.113559322 0.8913612566 0.08135593220000001 0.0654450261
19.0 0.2127118644 0.8861256544 0.0627118644 0.1387434555
9.0 0.2847457627 0.7068062828 0.061016949200000004 0.06282722510000001
27.0 0.4754237288 0.5837696335 0.0694915254 0.1308900524
49.0 0.5559322034 0.3311518324 0.0745762712 0.1387434555
36.0 0.7000000000000001 0.3547120418 0.0508474576 0.0706806283
0.0 0.9050847458 0.14267015700000002 0.1830508475 0.0183246073
14.0 0.8957627118 0.06675392670000001 0.0830508475 0.1230366492
49.0 0.8262711864000001 0.2277486911 0.0796610169 0.1413612566
36.0 0.963559322 0.2578534032 0.0457627119 0.0811518325
