42.0 0.0672385169 0.6156015038 0.1200885446 0.1635338346
30.0 0.0182623132 0.7969924812 0.0287769784 0.1729323308
45.0 0.050636414000000005 0.8035714286000001 0.0271167681 0.0582706767
0.0 0.0985058107 0.8157894737 0.032097399 0.015037594000000001
4.0 0.0951853901 0.7490601504000001 0.0232429441 0.07706766920000001
14.0 0.102102933 0.8909774436000001 0.0182623133 0.12030075180000001
0.0 0.5304371887 0.5892857143 0.8992805756000001 0.1296992481
20.0 0.1845600443 0.46898496240000004 0.0426120642 0.204887218
50.0 0.30077476480000004 0.4539473684 0.13226342 0.1898496241
18.0 0.3915329275 0.2838345865 0.035971223000000004 0.2030075188
30.0 0.4786939679 0.3984962406 0.061981184200000004 0.2631578948
9.0 0.5207526287 0.397556391 0.030990592100000002 0.1334586466
10.0 0.5661317100000001 0.397556391 0.0409518539 0.0281954887
19.0 0.6181516326000001 0.3477443609 0.0664084117 0.2443609022
44.0 0.7612064195 0.34962406020000003 0.1499723298 0.1654135339
16.0 0.8574986165 0.1362781955 0.0426120642 0.242481203
30.0 0.9601549530000001 0.2800751879 0.0730492529 0.29323308270000004
21.0 0.5464858882 0.6437969925 0.047039291600000005 0.2086466166
