0.0 0.47581158500000004 0.5593869732 0.9414385742 0.0842911877
42.0 0.126034373 0.20306513410000002 0.0687460216 0.2298850574
30.0 0.1985996181 0.3352490421 0.0330999364 0.27203065130000004
45.0 0.2367918524 0.3333333334 0.0318268619 0.10727969350000001
16.0 0.2797581158 0.3084291188 0.0299172501 0.20306513410000002
0.0 0.36887332910000004 0.24712643680000002 0.0515595162 0.0268199234
26.0 0.3726925525 0.12452107280000001 0.0197326544 0.1954022988
26.0 0.35805219600000004 0.3850574712 0.018459579900000002 0.20306513410000002
30.0 0.3825588797 0.4003831418 0.0229153406 0.20306513410000002
14.0 0.4360280076 0.24329501920000002 0.029280712900000002 0.2413793103
21.0 0.46148949710000003 0.2318007662 0.0165499682 0.2643678161
48.0 0.533418205 0.2260536398 0.0649267982 0.22988505750000002
2.0 0.6129853596 0.23563218390000001 0.0114576703 0.2796934866
21.0 0.632718014 0.23754789280000002 0.0165499682 0.2681992337
30.0 0.6674092934 0.24904214560000001 0.0324633991 0.2835249042
5.0 0.694462126 0.1954022988 0.008911521300000001 0.2375478927
47.0 0.7772119669 0.2777777778 0.0954805856 0.16475095780000001
2.0 0.8599618078 0.2011494252 0.0114576703 0.23371647510000002
15.0 0.8860598345 0.24712643680000002 0.0280076384 0.2643678161
30.0 0.9236155315000001 0.23371647510000002 0.0318268618 0.26053639840000004
5.0 0.9513049014 0.2126436781 0.0095480585 0.2643678161
42.0 0.3599618077 0.7068965518 0.0732017823 0.23371647510000002
30.0 0.4312539784 0.8256704981 0.0350095481 0.2567049808
45.0 0.46753660090000004 0.8371647510000001 0.0311903246 0.1111111111
12.0 0.5124124762 0.8237547892 0.0318268619 0.22988505750000002
0.0 0.6053469128 0.7490421456 0.075111394 0.0268199234
26.0 0.5999363463 0.6360153257000001 0.0171865054 0.20689655170000001
26.0 0.5894334818 0.8505747127000001 0.0216422661 0.17624521070000002
30.0 0.6139401655 0.8908045977 0.0248249522 0.21072796940000002
18.0 0.6683640993000001 0.7318007662 0.035646085200000004 0.19923371650000002
30.0 0.7084659452000001 0.7394636016 0.0318268619 0.2681992337
