42.0 0.1118811881 0.3476394849 0.1207920792 0.3347639485
29.0 0.014191419200000001 0.8572961374 0.0244224423 0.1266094421
45.0 0.0504950495 0.8701716738 0.0402640264 0.0708154506
4.0 0.1148514852 0.6384120172000001 0.0620462047 0.2210300429
11.0 0.18349834980000002 0.7939914163 0.0501650165 0.36909871240000003
20.0 0.22211221120000002 0.8658798283 0.0283828383 0.19527897
0.0 0.6306930693 0.43133047210000003 0.6752475248 0.025751073000000003
46.0 0.3828382838 0.27360515020000004 0.1795379538 0.27682403440000003
21.0 0.48514851480000004 0.1663090129 0.021122112300000002 0.2124463519
29.0 0.5600660066 0.23712446350000002 0.0415841584 0.2339055794
9.0 0.6168316832 0.23927038620000002 0.0455445545 0.1652360515
44.0 0.7702970297 0.2993562232 0.1808580858 0.31115879830000004
20.0 0.8966996700000001 0.1416309013 0.029702970300000003 0.2231759656
29.0 0.9735973598000001 0.25214592280000003 0.0435643565 0.2553648069
14.0 0.6452145214 0.5976394850000001 0.0561056105 0.29828326180000003
