42.0 0.1044905009 0.1302816902 0.19516407600000002 0.2535211267
36.0 0.2366148532 0.3802816902 0.0310880829 0.0492957747
45.0 0.2849740932 0.36971830980000003 0.0483592401 0.0633802817
16.0 0.3436960276 0.3714788732 0.020725388600000002 0.10211267610000001
0.0 0.7297063904000001 0.2746478873 0.5198618307 0.0704225352
36.0 0.7020725388 0.18485915500000002 0.0466321243 0.0809859155
9.0 0.7651122625 0.139084507 0.041450777200000004 0.06690140850000001
14.0 0.8272884283 0.1690140846 0.0483592401 0.1338028169
7.0 0.7443868739 0.6549295775 0.4766839378 0.6408450704
36.0 0.8523316062 0.6919014084 0.0535405872 0.0880281691
10.0 0.9110535406 0.6531690141000001 0.0431778929 0.0246478873
18.0 0.9680483592 0.684859155 0.0466321243 0.1514084507
