42.0 0.0616519174 0.3994413408 0.1197640118 0.4245810056
39.0 0.14660766960000002 0.6648044693 0.020648967600000002 0.16759776540000001
45.0 0.1790560472 0.6969273743000001 0.0312684366 0.0698324022
0.0 0.23716814160000002 0.6997206704000001 0.08849557520000001 0.019553072600000002
4.0 0.2374631268 0.5977653631000001 0.0359882006 0.1731843575
16.0 0.24247787610000002 0.8156424581 0.025958702 0.1955307262
0.0 0.6522123894 0.5069832402000001 0.6330383481 0.030726257000000003
0.0 0.37876106200000004 0.2304469274 0.0578171091 0.0139664804
26.0 0.3831858407 0.1117318436 0.0300884956 0.2122905028
26.0 0.37197640120000003 0.3351955307 0.0324483776 0.1731843575
39.0 0.398820059 0.3812849162 0.02359882 0.1759776536
2.0 0.4383480826 0.2667597766 0.014159292 0.45530726250000003
46.0 0.5356932154 0.1955307262 0.1215339233 0.2346368715
39.0 0.6386430678 0.2108938548 0.027728613500000002 0.2597765363
9.0 0.674041298 0.1662011173 0.026548672500000002 0.1983240224
10.0 0.7067846607 0.1969273743 0.0235988201 0.030726257000000003
16.0 0.7392330384 0.1717877095 0.0330383481 0.2765363128
47.0 0.8480825959 0.1941340782 0.1280235988 0.2318435754
39.0 0.9501474926000001 0.1941340782 0.0241887906 0.23743016760000002
5.0 0.9831858407 0.2136871508 0.0147492626 0.3882681565
0.0 0.527138643 0.7513966481000001 0.0702064897 0.0223463687
26.0 0.5362831858 0.5991620112 0.0330383481 0.1648044693
26.0 0.5182890856 0.8533519553000001 0.026548672500000002 0.17039106140000002
39.0 0.5480825958000001 0.9050279330000001 0.0224188791 0.17877094970000001
2.0 0.5884955753000001 0.7583798882 0.0135693215 0.4217877095
39.0 0.6176991150000001 0.7053072626 0.028318584100000002 0.2318435754
9.0 0.6519174042 0.6997206704000001 0.0259587021 0.22067039100000002
10.0 0.6843657817000001 0.7122905027 0.022418879000000003 0.0279329609
20.0 0.7200589970000001 0.6634078212 0.035988200500000005 0.2318435754
0.0 0.7749262536 0.7458100558 0.0749262537 0.0167597765
4.0 0.7743362832 0.6368715084000001 0.0348082596 0.16759776540000001
21.0 0.779941003 0.8659217877000001 0.0247787611 0.2122905028
5.0 0.8306784661000001 0.7136871508 0.01179941 0.3659217877
