42.0 0.10097323600000001 0.5057603686000001 0.103406326 0.2557603687
29.0 0.0194647202 0.9435483871 0.0267639902 0.094470046
45.0 0.0459245742 0.9527649770000001 0.0212895377 0.057603686700000004
4.0 0.0888077859 0.75 0.0413625304 0.10368663600000001
11.0 0.1462895377 0.7960829493 0.054136253 0.37096774200000004
17.0 0.1916058394 0.9182027650000001 0.0413625304 0.1036866359
0.0 0.6298661801000001 0.4124423963 0.7317518249 0.21198156680000002
48.0 0.3108272506 0.33525345630000003 0.1119221412 0.2649769585
15.0 0.4105839416 0.19930875580000001 0.0352798054 0.12211981570000001
29.0 0.5006082725000001 0.2983870967 0.0632603406 0.1728110599
9.0 0.5620437956000001 0.3099078341 0.0425790754 0.1589861752
47.0 0.7220194647 0.29493087560000003 0.1836982968 0.202764977
20.0 0.8074817518 0.08640553000000001 0.0285888078 0.1635944701
29.0 0.9145377129000001 0.1970046083 0.0772506082 0.21889400920000002
16.0 0.5854622871 0.5737327189 0.06386861320000001 0.2534562212
