42.0 0.1755829904 0.5205314010000001 0.3182441701 0.3357487923
28.0 0.08710562420000001 0.7862318840000001 0.0589849109 0.1811594203
45.0 0.1748971194 0.7125603865 0.1083676269 0.0917874396
1.0 0.2825788752 0.6859903382 0.0685871056 0.0628019323
0.0 0.7654320988000001 0.5664251208000001 0.4499314129 0.0217391304
15.0 0.5528120714 0.2306763285 0.1262002743 0.29710144920000003
19.0 0.6879286694 0.2342995169 0.1165980796 0.270531401
28.0 0.8175582991 0.3707729468 0.0905349795 0.2874396135
18.0 0.8820301784000001 0.0809178744 0.0356652949 0.1473429952
14.0 0.5644718793 0.7258454106000001 0.12482853220000001 0.22946859900000002
3.0 0.6652949245 0.7028985508000001 0.0411522633 0.2270531401
28.0 0.7482853224 0.8502415459 0.09739369 0.2801932368
14.0 0.8312757202000001 0.6328502416 0.0685871056 0.1256038647
6.0 0.9108367627 0.6775362319 0.0384087792 0.19082125600000002
