42.0 0.0971223021 0.4070080862 0.1312949641 0.3450134771
30.0 0.0197841726 0.7250673854 0.0323741007 0.1725067385
45.0 0.0818345323 0.7681940701000001 0.07014388490000001 0.09703504040000001
13.0 0.148381295 0.6495956873000001 0.0071942446 0.1293800539
9.0 0.1771582734 0.5229110512 0.0305755396 0.14016172500000001
0.0 0.5980215827 0.33288409700000005 0.7949640288 0.0673854447
30.0 0.5674460432 0.1563342318 0.050359712200000004 0.2102425876
10.0 0.6214028777 0.15902964960000002 0.0377697842 0.0161725068
13.0 0.6659172662 0.1212938006 0.0116906475 0.23719676550000002
7.0 0.6133093525000001 0.653638814 0.6600719424 0.6388140162
30.0 0.5044964029 0.7789757412 0.0521582734 0.26954177890000003
14.0 0.5607014388 0.5889487871 0.042266187100000005 0.20215633430000002
9.0 0.6218525180000001 0.7398921833000001 0.0458633094 0.2021563342
10.0 0.6857014388 0.7318059299 0.0458633093 0.0188679245
19.0 0.7459532374000001 0.7385444744 0.056654676200000004 0.24797843660000002
30.0 0.8071043166 0.7668463612 0.0494604317 0.2776280324
9.0 0.8678057554 0.7102425876 0.050359712200000004 0.1859838274
14.0 0.9415467626 0.6994609165 0.05935251800000001 0.2722371967
