42.0 0.09581881540000001 0.21345029240000002 0.1219512195 0.4152046784
36.0 0.187456446 0.4312865497 0.0348432056 0.14327485380000002
45.0 0.2331010453 0.4152046783 0.0397212544 0.1052631579
14.0 0.2909407666 0.41081871340000004 0.0411149825 0.2251461989
0.0 0.6550522648 0.298245614 0.6425087108 0.06432748540000001
20.0 0.6790940766 0.1330409357 0.032752613300000004 0.2251461988
2.0 0.38815331010000004 0.6228070176 0.0348432056 0.44444444450000004
7.0 0.4714285714 0.6213450292 0.1484320557 0.6111111111
16.0 0.46271777000000003 0.3874269005 0.0195121951 0.1725146199
39.0 0.5299651568 0.5906432748 0.0257839722 0.1812865497
9.0 0.5745644599 0.5774853801000001 0.0369337979 0.2076023392
20.0 0.6153310105 0.5599415205 0.0348432055 0.21345029240000002
5.0 0.6606271777 0.5657894736 0.033449477400000004 0.39473684210000004
2.0 0.6919860628000001 0.5540935672 0.0320557491 0.3538011695
7.0 0.7909407666 0.6432748538 0.1421602787 0.6608187134
39.0 0.8540069686 0.5921052632 0.0243902439 0.1842105263
9.0 0.8986062718000001 0.5760233918000001 0.0355400697 0.2046783626
14.0 0.9491289198 0.5657894737 0.0459930313 0.2192982456
5.0 0.9829268292000001 0.581871345 0.032752613300000004 0.4152046784
