42.0 0.0740198946 0.567251462 0.1246342891 0.2923976608
38.0 0.0365710942 0.7777777778 0.035693388 0.1130604288
45.0 0.0731421884 0.7777777778 0.0280866004 0.0506822612
1.0 0.11527208900000001 0.7329434698 0.037448800500000004 0.0701754386
0.0 0.5497366882 0.5009746588 0.7027501463 0.1442495127
21.0 0.2823288473 0.3440545809 0.0532475132 0.2826510722
38.0 0.35751901700000005 0.34307992200000004 0.077238151 0.1832358675
13.0 0.39818607380000004 0.1754385964 0.015798712700000002 0.1052631579
9.0 0.4514335869 0.3021442495 0.0614394382 0.19883040940000002
10.0 0.5014628438000001 0.27680311890000003 0.0210649503 0.0116959064
18.0 0.5494441194 0.2290448343 0.0526623757 0.23196881100000002
38.0 0.6255119953 0.2192982456 0.081919251 0.1812865497
20.0 0.6787595084 0.0906432748 0.0257460503 0.16179337230000002
9.0 0.7352252779 0.1949317738 0.06260971330000001 0.1871345029
13.0 0.7873025161 0.1237816764 0.0251609128 0.1929824562
7.0 0.6029842012000001 0.6929824562 0.7823288473000001 0.5555555555
18.0 0.3499122294 0.7631578947000001 0.0514921006 0.2358674464
14.0 0.419251024 0.7348927876 0.06260971330000001 0.21832358670000002
38.0 0.4921006437 0.7417153996 0.0772381509 0.18518518520000002
19.0 0.5424224692 0.6578947369 0.0234055003 0.1578947369
9.0 0.6073727326 0.7056530214000001 0.0678759508 0.17543859650000002
38.0 0.6837331773 0.6959064328 0.07782328840000001 0.1988304093
16.0 0.7419543593 0.5867446394 0.0292568754 0.1676413255
9.0 0.8118782914 0.6598440546000001 0.06963136340000001 0.1929824562
15.0 0.8891164424 0.597465887 0.0637799883 0.2436647173
