42.0 0.0837765958 0.38757396450000003 0.12712765950000002 0.473372781
41.0 0.022606383 0.7278106508000001 0.0313829787 0.14792899410000002
45.0 0.0606382979 0.7795857988 0.035106383000000005 0.0917159763
0.0 0.1281914894 0.7825443787 0.048936170200000004 0.026627219
4.0 0.1321808511 0.6804733728 0.0430851064 0.1538461538
17.0 0.13031914890000001 0.8875739645 0.0319148936 0.17159763320000002
0.0 0.5787234042 0.550295858 0.8319148937 0.1775147929
15.0 0.2539893617 0.2278106509 0.0505319148 0.2899408284
48.0 0.3811170213 0.1908284024 0.1218085106 0.2928994083
17.0 0.45 0.0887573965 0.0255319148 0.1420118343
41.0 0.5215425532 0.3224852071 0.0505319149 0.2662721894
9.0 0.5757978723 0.273668639 0.042021276600000004 0.1804733727
10.0 0.622074468 0.3313609468 0.0345744681 0.0236686391
14.0 0.6731382978 0.34911242610000004 0.0537234043 0.34911242610000004
44.0 0.8063829787 0.4393491124 0.1489361702 0.3284023669
16.0 0.889893617 0.2381656805 0.018085106400000002 0.1804733728
41.0 0.9478723404 0.4363905326 0.0404255319 0.25739644970000003
18.0 0.6273936171000001 0.7100591716 0.030319148900000002 0.2603550296
