42.0 0.1699115044 0.4645868466 0.3327433628 0.3153456999
34.0 0.3561946902 0.6602023609000001 0.061061946900000004 0.1197301855
45.0 0.432300885 0.6812816189 0.06460176990000001 0.0505902192
1.0 0.5048672566 0.6703204047 0.0557522124 0.0590219224
0.0 0.7592920354 0.5758853288 0.4300884956 0.0185497471
14.0 0.6451327434 0.31787521080000003 0.0530973451 0.1905564924
0.0 0.8066371682 0.3541315346 0.1884955753 0.020236087700000002
27.0 0.7327433628000001 0.2908937606 0.0548672567 0.07588532890000001
0.0 0.8044247788000001 0.1669477234 0.0637168141 0.0134907251
14.0 0.8256637169000001 0.0910623946 0.0389380531 0.1281618887
34.0 0.824778761 0.22512647560000001 0.0654867257 0.09949409790000001
34.0 0.7734513274 0.49831365930000004 0.0672566372 0.12310286670000001
14.0 0.8340707964 0.43423271500000005 0.0433628319 0.14671163580000002
0.0 0.7575221239000001 0.7824620574000001 0.1575221239 0.0134907251
10.0 0.7460176991 0.7327150084 0.0371681416 0.0252951096
20.0 0.7920353982 0.7124789208 0.035398230100000004 0.1062394603
34.0 0.7486725664 0.934232715 0.0761061947 0.1214165262
19.0 0.8066371682 0.8617200674000001 0.0469026549 0.1214165261
