42.0 0.1189296333 0.4144736842 0.2061446978 0.3236842106
39.0 0.2472745292 0.5934210526 0.0505450941 0.17631578950000001
45.0 0.3468780971 0.6184210526 0.1030723489 0.13684210530000002
10.0 0.4271555996 0.6065789474000001 0.0237859266 0.0236842105
1.0 0.5104063429 0.5894736842 0.053518335 0.1631578948
0.0 0.8126858276000001 0.47763157900000003 0.2180376611 0.0236842105
14.0 0.6813676908 0.3236842105 0.064420218 0.2421052632
39.0 0.7418235877 0.35263157900000003 0.0545094152 0.1894736843
21.0 0.8082259663 0.1460526316 0.0445986124 0.2657894737
9.0 0.871655104 0.3460526316 0.042616451900000005 0.1447368421
20.0 0.943012884 0.3078947368 0.0584737363 0.2473684211
14.0 0.7021803766 0.7671052631 0.0664023786 0.2289473685
3.0 0.7477700694 0.8263157895000001 0.022794846400000002 0.3210526316
39.0 0.7913776016 0.8210526316000001 0.0564915758 0.2105263158
15.0 0.8701684836 0.6065789474000001 0.0713577799 0.2342105263
6.0 0.9410307235 0.8039473684 0.022794846400000002 0.2921052632
