49.0 0.0545112782 0.37735849060000004 0.09210526320000001 0.3899371069
37.0 0.1856203008 0.5125786164 0.031015037500000002 0.2075471699
22.0 0.2288533834 0.2830188679 0.0291353383 0.16352201260000002
42.0 0.3594924812 0.3962264151 0.1306390978 0.3647798742
35.0 0.4586466166 0.8742138364 0.0169172933 0.2389937107
45.0 0.4896616542 0.8238993710000001 0.0338345865 0.1383647799
20.0 0.5361842105 0.8301886792000001 0.0310150376 0.2641509434
9.0 0.5733082706 0.41509433960000003 0.0281954887 0.16352201260000002
35.0 0.6757518797000001 0.4465408805 0.0281954888 0.3647798742
3.0 0.7081766918 0.5283018868 0.0103383459 0.3396226415
49.0 0.8214285714 0.5062893082000001 0.1052631579 0.4339622642
35.0 0.9328007519 0.5188679245 0.0310150376 0.42138364780000004
6.0 0.9619360902 0.5408805031 0.0103383459 0.3144654088
