42.0 0.06224489800000001 0.4871086556 0.10918367350000001 0.2928176796
36.0 0.0153061224 0.7320441989 0.027551020500000002 0.0976058932
45.0 0.042857142800000005 0.7633517495000001 0.030612244900000002 0.0570902394
15.0 0.0780612245 0.7440147330000001 0.022448979600000002 0.1289134439
9.0 0.10918367350000001 0.650092081 0.0275510204 0.05893186
44.0 0.2517857142 0.5985267035 0.17704081630000001 0.2799263352
36.0 0.3846938775 0.5902394106000001 0.053061224500000004 0.1786372007
7.0 0.7211734694 0.2697974217 0.5566326530000001 0.5359116022
0.0 0.7395408163 0.7532228361000001 0.3443877551 0.13259668500000002
36.0 0.5951530612 0.4944751382 0.050510204100000004 0.1786372007
2.0 0.6408163265 0.49447513810000004 0.0285714286 0.28545119700000005
16.0 0.6729591836000001 0.5009208103 0.0408163265 0.1988950276
9.0 0.7280612245 0.5156537753 0.061224489800000004 0.1546961326
10.0 0.7760204081000001 0.5506445672 0.0357142857 0.0331491713
17.0 0.8234693878 0.5395948435 0.0469387755 0.23941068140000002
36.0 0.8716836735 0.5837937385 0.053571428600000005 0.1952117864
5.0 0.9147959184000001 0.593922652 0.0193877551 0.3186003683
36.0 0.7227040816 0.8968692450000001 0.0576530612 0.2025782689
16.0 0.7627551021000001 0.832412523 0.0244897959 0.1215469613
