0.0 0.4994807892 0.6325648415 0.9387331256 0.3198847262
42.0 0.0755451714 0.3645533141 0.13551401870000002 0.2074927954
25.0 0.0257009346 0.5511527378000001 0.033748702000000005 0.0994236311
45.0 0.0711318796 0.5576368876000001 0.042575285500000004 0.0432276657
14.0 0.11941848390000001 0.5194524496 0.0446521288 0.1311239193
13.0 0.1825025961 0.3523054755 0.0389408099 0.188760807
15.0 0.2237798546 0.3400576369 0.041536864 0.1757925072
50.0 0.3714953271 0.3004322766 0.1843198338 0.2262247839
2.0 0.4937694704 0.2593659942 0.037383177600000005 0.2132564841
19.0 0.5301142264 0.22550432280000002 0.0404984424 0.1772334294
25.0 0.5898234684 0.2413544669 0.0612668743 0.1455331412
5.0 0.6323987539 0.2370317003 0.037383177600000005 0.23487031700000002
44.0 0.7544132918 0.20965417860000002 0.1703011422 0.2233429395
2.0 0.8966770509 0.1354466858 0.041536864 0.2190201729
12.0 0.9392523364 0.13688760800000002 0.0571131879 0.2247838617
5.0 0.9810488058000001 0.13040345820000002 0.0368639668 0.24351585020000002
42.0 0.4353582554 0.7363112392000001 0.1469366563 0.1930835735
25.0 0.39511941850000004 0.9236311239 0.037383177600000005 0.1123919308
45.0 0.4408099688 0.9301152738 0.0415368639 0.0475504323
13.0 0.48546209760000003 0.8825648415 0.031152648 0.1426512968
20.0 0.554517134 0.696685879 0.047767393500000005 0.1829971181
25.0 0.6191588785000001 0.7247838617 0.0617860852 0.1757925072
