42.0 0.1964017991 0.2537688442 0.3418290854 0.27638190960000003
39.0 0.1034482759 0.5854271356 0.08395802100000001 0.1658291457
45.0 0.19265367320000001 0.5552763819000001 0.08245877060000001 0.08040201
1.0 0.3388305847 0.5251256281 0.1169415292 0.10552763820000001
0.0 0.7301349325000001 0.3479899497 0.5367316342 0.10804020110000001
15.0 0.6011994003000001 0.17587939700000002 0.1049475262 0.26130653260000003
12.0 0.7466266866 0.1658291458 0.11994002990000001 0.2713567839
15.0 0.8688155922 0.1645728643 0.1064467766 0.2688442211
7.0 0.7443778111 0.6658291457000001 0.3673163418 0.6381909548
39.0 0.919790105 0.6218592964 0.1244377811 0.2688442211
