42.0 0.1765578635 0.4181034483 0.3204747774 0.3706896552
24.0 0.100148368 0.7780172414000001 0.0370919881 0.2198275862
45.0 0.14910979230000002 0.8060344828 0.0489614244 0.0862068965
27.0 0.2277448072 0.8189655172 0.0489614243 0.1120689655
0.0 0.7759643917 0.5064655172 0.39762611280000004 0.047413793100000004
49.0 0.5333827893 0.28879310340000003 0.149851632 0.31034482750000003
24.0 0.7640949555000001 0.24137931040000002 0.0830860534 0.3706896551
10.0 0.8382789318 0.28232758620000004 0.0652818991 0.047413793100000004
20.0 0.9287833828000001 0.3211206896 0.0741839762 0.2974137931
24.0 0.5259643917 0.7176724138 0.0637982196 0.40086206900000004
9.0 0.6424332344 0.7737068966 0.11869436200000001 0.28879310350000004
10.0 0.7507418398 0.7456896552000001 0.0712166172 0.060344827600000005
13.0 0.8256676558 0.7887931034000001 0.040059347200000005 0.3448275863
27.0 0.8850148368 0.8060344828 0.0816023738 0.22413793110000002
