42.0 0.132622707 0.3351528384 0.1184928111 0.34716157210000004
8.0 0.0270203272 0.8449781660000001 0.03321765 0.1572052401
45.0 0.0867625186 0.8395196506 0.0347050074 0.0633187773
4.0 0.1405552802 0.6288209607 0.055032226100000005 0.2663755458
11.0 0.1941001487 0.7762008734 0.0272682201 0.4388646288
14.0 0.237481408 0.8602620088 0.0347050075 0.1746724891
47.0 0.36936043630000004 0.3286026201 0.1745166088 0.2467248908
16.0 0.5007436788 0.15174672490000002 0.026772434300000002 0.17248908300000002
8.0 0.5842835895 0.3144104804 0.06891422900000001 0.2576419213
9.0 0.6445215667 0.2914847162 0.038671294 0.2205240175
46.0 0.7825979177 0.3558951965 0.1660882498 0.2925764192
15.0 0.88671294 0.15174672490000002 0.0282597918 0.155021834
8.0 0.9633118493 0.3417030568 0.063460585 0.2947598253
