42.0 0.09375000000000001 0.5976909414 0.1555555556 0.2930728242
23.0 0.0232638888 0.9058614565 0.0298611111 0.106571936
45.0 0.0701388889 0.9138543516000001 0.0416666666 0.0408525755
18.0 0.1215277778 0.8685612788 0.030555555600000003 0.1207815275
9.0 0.1559027778 0.7575488455 0.0298611111 0.06927175840000001
50.0 0.3135416666 0.6074600355 0.1923611111 0.26642984010000004
23.0 0.5100694444 0.6438721137 0.061805555500000005 0.20426287740000001
7.0 0.7725694444000001 0.285079929 0.41319444450000004 0.5666074601000001
0.0 0.8649305556 0.6429840142000001 0.26875000000000004 0.0106571936
14.0 0.7989583334 0.46714031980000004 0.0604166667 0.21314387210000002
9.0 0.8562500000000001 0.4662522202 0.0555555556 0.1403197159
23.0 0.9246527778 0.528419183 0.0590277778 0.2042628775
23.0 0.859375 0.7486678508 0.0590277778 0.1793960924
