42.0 0.0500329164 0.3630136986 0.0921658986 0.22739726030000001
38.0 0.0181040158 0.5890410959 0.0296247532 0.0821917808
45.0 0.049045424600000005 0.6109589042 0.025674786 0.0493150685
17.0 0.0806451613 0.5876712329 0.0230414746 0.1232876712
0.0 0.5842659644 0.7356164384 0.8275181041 0.4410958904
38.0 0.19256089540000002 0.21643835620000001 0.0599078341 0.1643835617
2.0 0.2659644503 0.2315068493 0.0631994734 0.397260274
7.0 0.5250164582 0.47397260280000003 0.4470046083 0.6136986301
32.0 0.4710335748 0.4753424658 0.0401579987 0.2876712329
38.0 0.5408163265 0.3643835616 0.08624094800000001 0.1753424657
9.0 0.6188281764 0.3904109589 0.0671494404 0.2438356164
18.0 0.7073732719 0.395890411 0.08624094800000001 0.24383561650000002
9.0 0.7985516787 0.4753424658 0.077682686 0.2657534247
13.0 0.853522054 0.4424657534 0.0164581962 0.2821917808
5.0 0.9272547729 0.494520548 0.103357472 0.4684931507
32.0 0.4621461488 0.8671232876 0.0368663594 0.2547945205
38.0 0.5279789335 0.8369863014000001 0.0803159974 0.20547945210000002
