49.0 0.047428189700000005 0.4170353982 0.0908483634 0.1504424779
37.0 0.1773547094 0.4563053097 0.0728122912 0.0896017699
22.0 0.25718102870000004 0.4430309734 0.0761523046 0.0564159293
0.0 0.6867067468 0.4751106195 0.6172344689 0.029867256600000003
42.0 0.3894455578 0.13219026550000001 0.1309285237 0.153761062
39.0 0.32798931200000003 0.3307522124 0.026720106900000002 0.0619469026
45.0 0.36506346030000003 0.30696902660000003 0.0327321309 0.1006637169
20.0 0.40280561130000003 0.3019911504 0.0347361389 0.0730088495
9.0 0.45390781560000004 0.25 0.048764195100000005 0.064159292
0.0 0.5958583834 0.17588495580000002 0.1482965932 0.0132743363
26.0 0.5968603874 0.09292035400000001 0.0634602539 0.1548672566
26.0 0.5801603206 0.24834070800000002 0.08483633930000001 0.1426991151
39.0 0.6476285905 0.29148230080000004 0.0501002004 0.1117256637
3.0 0.7130928524 0.1515486725 0.0100200401 0.2367256637
49.0 0.8032732131 0.12721238940000001 0.08350033400000001 0.1482300885
39.0 0.9268537074000001 0.1736725664 0.0541082164 0.11061946900000001
6.0 0.9689378758 0.15210176990000002 0.008684034700000001 0.2378318584
42.0 0.4702738811 0.719579646 0.1229124916 0.1139380531
39.0 0.42150968600000005 0.9441371682 0.0280561123 0.0542035399
45.0 0.46025384100000005 0.9319690266 0.036072144300000004 0.1095132743
14.0 0.49064796260000004 0.9192477876 0.023380093600000002 0.07079646020000001
9.0 0.5300601202 0.8644911504 0.0434201737 0.0608407079
0.0 0.6806947228 0.7887168142000001 0.1763527054 0.0088495575
26.0 0.6893787576 0.706858407 0.0788243153 0.1438053097
26.0 0.6442885772 0.8838495575 0.0621242485 0.1637168142
39.0 0.7277889112 0.9192477876 0.048764195100000005 0.1194690266
0.0 0.8289913160000001 0.7870575221 0.0668002672 0.0077433628000000004
14.0 0.8396793587 0.721238938 0.046760187 0.1460176991
39.0 0.8390113560000001 0.8567477876 0.0561122245 0.1161504424
