42.0 0.121042377 0.2552083334 0.12226010720000001 0.4010416667
38.0 0.0199707745 0.859375 0.0350706284 0.1510416666
45.0 0.0526059425 0.8645833334 0.0224062348 0.0989583333
4.0 0.1176327326 0.61328125 0.08037019000000001 0.3151041666
11.0 0.1850949829 0.7565104167000001 0.0370189965 0.4244791667
19.0 0.22284461760000002 0.87890625 0.0238675109 0.1744791666
0.0 0.6590355577 0.46875000000000006 0.6770579640000001 0.16145833340000001
17.0 0.3244033122 0.171875 0.0633219679 0.3177083334
50.0 0.45737944480000003 0.23567708340000001 0.15099853870000002 0.2682291667
17.0 0.5533365806 0.1223958334 0.0282513395 0.1614583333
38.0 0.6220165611 0.28515625 0.049683390200000004 0.2057291666
9.0 0.6675596688000001 0.3294270834 0.0277642474 0.1588541667
20.0 0.7043351194 0.2786458334 0.0301997077 0.24479166670000002
44.0 0.8095470044 0.3763020834 0.12566975160000002 0.2317708333
17.0 0.8933268388000001 0.23046875 0.0233804189 0.1432291666
38.0 0.9532391622 0.3919270834 0.0418899172 0.2005208333
15.0 0.6617145640000001 0.6536458333 0.0384802727 0.3541666667
