42.0 0.0693035835 0.4308176101 0.1156186612 0.37106918240000003
38.0 0.015889114200000002 0.893081761 0.026369168300000002 0.1572327044
45.0 0.0513860717 0.8805031446 0.0419202164 0.0943396227
15.0 0.09195402300000001 0.8632075472 0.0202839756 0.1540880503
9.0 0.1115618661 0.6855345912 0.018931710600000002 0.11320754720000001
0.0 0.585530764 0.5455974843 0.8248816768 0.1352201258
10.0 0.2789046653 0.27515723270000003 0.027721433400000002 0.047169811400000004
21.0 0.3137254902 0.25157232700000004 0.0229885058 0.2515723271
44.0 0.4334009466 0.2735849056 0.1379310345 0.2767295597
38.0 0.5774171738 0.322327044 0.0446247465 0.3238993711
47.0 0.7102772144 0.3018867925 0.1413116971 0.3144654088
17.0 0.8042596349000001 0.0896226415 0.0209601082 0.14150943400000002
38.0 0.8813387424 0.2940251572 0.0425963488 0.286163522
2.0 0.2055442867 0.7735849056 0.0365111562 0.41509433970000004
14.0 0.2518593644 0.7688679245000001 0.0547667343 0.286163522
9.0 0.3039215686 0.7845911950000001 0.0358350237 0.2169811321
38.0 0.3468559838 0.7814465408 0.0432724814 0.26729559750000004
46.0 0.4759972954 0.8097484276 0.1325219743 0.3238993711
38.0 0.6075050710000001 0.7720125787000001 0.043948614000000004 0.2547169811
5.0 0.6646382691 0.7327044025 0.047329276600000005 0.4716981132
50.0 0.7789046653 0.820754717 0.123056119 0.32704402520000003
14.0 0.8826910074000001 0.6320754717 0.0317782285 0.16352201260000002
38.0 0.9651791751000001 0.7924528302 0.046653144 0.28301886800000003
