42.0 0.1446428572 0.3957219252 0.1357142857 0.2727272727
25.0 0.0209821428 0.6229946525 0.038392857100000004 0.09625668450000001
45.0 0.08125 0.6363636364 0.0660714286 0.0909090909
10.0 0.1611607143 0.6577540107000001 0.043750000000000004 0.0160427808
1.0 0.2513392857 0.6871657754 0.0616071428 0.16577540100000002
0.0 0.6928571429 0.6350267380000001 0.6000000000000001 0.1898395722
7.0 0.6691964286000001 0.3435828877 0.5776785714 0.6818181818
25.0 0.6325892857000001 0.34893048130000004 0.0741071428 0.14171123
19.0 0.7160714286000001 0.1737967914 0.0428571429 0.1925133689
9.0 0.8098214286000001 0.3529411765 0.0910714286 0.19251336900000002
17.0 0.9223214286 0.39438502680000004 0.12321428570000001 0.2967914439
19.0 0.5053571428 0.7419786096000001 0.0607142857 0.2593582888
25.0 0.5794642857 0.8355614974000001 0.075 0.1524064171
9.0 0.6830357143 0.8302139037 0.0910714286 0.1898395722
14.0 0.7736607143 0.8368983957 0.0955357143 0.3048128342
