42.0 0.1157941438 0.2974276528 0.2173913043 0.49839228290000004
36.0 0.272404614 0.5562700964 0.062111801200000004 0.2250803859
45.0 0.35181898840000003 0.6286173634000001 0.0931677019 0.1832797427
10.0 0.43389529720000003 0.5948553054 0.0496894409 0.0321543409
1.0 0.5377107364 0.5273311897 0.0851818989 0.1607717042
0.0 0.8007985803000001 0.4260450161 0.37000887320000003 0.0482315112
12.0 0.8198757764 0.26527331190000003 0.055013309600000004 0.2540192926
12.0 0.690771961 0.7668810290000001 0.0541259983 0.24758842450000002
27.0 0.7573203194 0.844051447 0.0683229814 0.2604501607
10.0 0.8198757764 0.6607717042 0.0425909494 0.0289389068
21.0 0.8762200532000001 0.5900321543 0.0452528837 0.2926045016
36.0 0.9365572316 0.6414790997 0.057675244 0.2475884244
