42.0 0.1496478873 0.4452554744 0.264084507 0.2992700729
34.0 0.0272887324 0.9197080292 0.0299295774 0.10218978100000001
45.0 0.0889084507 0.8813868613 0.07218309860000001 0.0620437956
20.0 0.1857394366 0.8521897810000001 0.0616197183 0.15693430660000002
10.0 0.2658450704 0.6186131387 0.0809859155 0.032846715400000004
0.0 0.6584507042000001 0.4288321168 0.5140845070000001 0.0547445256
34.0 0.5044014084 0.3102189781 0.0440140845 0.1532846716
2.0 0.5660211267 0.22810218980000002 0.047535211300000005 0.23722627740000002
34.0 0.6373239436 0.2974452555 0.042253521100000004 0.15693430660000002
10.0 0.735915493 0.2244525547 0.12323943670000001 0.0401459854
16.0 0.8415492958 0.1989051095 0.0492957746 0.24452554740000002
5.0 0.9154929577 0.1989051095 0.0352112676 0.2591240876
3.0 0.6769366197000001 0.5748175182 0.0123239436 0.2810218979
34.0 0.7253521127 0.647810219 0.0387323944 0.16423357660000001
6.0 0.7667253521 0.552919708 0.0123239436 0.2883211679
