42.0 0.1008174387 0.43181818180000003 0.1634877384 0.3181818182
32.0 0.0227066304 0.8706293706 0.0199818347 0.16083916080000002
45.0 0.0504087194 0.8024475524 0.022706630300000002 0.0664335665
0.0 0.0772025432 0.8006993007000001 0.059945504100000005 0.034965035000000005
4.0 0.1135331516 0.7097902098000001 0.0345140781 0.1118881119
14.0 0.1203451408 0.9073426574000001 0.0281562216 0.1713286713
10.0 0.178928247 0.5454545454 0.0145322435 0.0209790209
48.0 0.3265213442 0.3723776224 0.1553133515 0.2412587413
32.0 0.482742961 0.3671328672 0.0354223433 0.2937062937
9.0 0.5431425976 0.2202797203 0.0581289737 0.1468531468
10.0 0.6030881018 0.2115384616 0.0363306085 0.0384615385
21.0 0.6471389646 0.1730769231 0.029972752000000002 0.2902097902
47.0 0.7933696640000001 0.20804195800000003 0.1553133515 0.2132867133
32.0 0.9763851044 0.20979020980000002 0.0417801999 0.32167832160000004
