42.0 0.09609756100000001 0.5560859188 0.1824390244 0.2100238663
34.0 0.21707317080000002 0.6718377089 0.0458536585 0.1026252983
45.0 0.28 0.65274463 0.072195122 0.0787589499
1.0 0.3834146342 0.6264916467 0.0858536585 0.12171837710000001
0.0 0.7336585366 0.491646778 0.46829268290000003 0.0859188545
0.0 0.7117073171 0.2625298329 0.38731707320000003 0.1050119332
43.0 0.6214634146 0.1646778043 0.1209756097 0.138424821
15.0 0.7253658537000001 0.1646778043 0.0731707317 0.1336515514
18.0 0.783902439 0.1431980906 0.041951219500000005 0.1336515513
34.0 0.8853658536000001 0.08591885440000001 0.0439024391 0.0954653938
43.0 0.6463414634 0.4093078759 0.1219512195 0.1599045346
13.0 0.7243902439000001 0.4152744631 0.012682926800000001 0.1336515513
12.0 0.7556097561 0.4116945107 0.0497560976 0.107398568
20.0 0.8526829268 0.316229117 0.0370731707 0.1551312649
0.0 0.8053658536 0.7470167064000001 0.3814634147 0.0525059665
43.0 0.6087804878 0.6443914081000001 0.1092682926 0.1575178998
19.0 0.7156097561 0.6622911694 0.0634146342 0.15990453470000002
17.0 0.7956097561000001 0.661097852 0.0614634146 0.1575178998
34.0 0.8941463414 0.5894988067 0.041951219500000005 0.0954653938
43.0 0.6497560976 0.8830548926 0.1229268293 0.1575178998
18.0 0.7443902439000001 0.9200477327000001 0.0429268292 0.1503579952
20.0 0.7946341464000001 0.9140811456 0.0439024391 0.1670644392
13.0 0.8804878049 0.8424821002 0.012682926800000001 0.1431980907
