49.0 0.0402340892 0.4944968554 0.0790051207 0.1053459119
39.0 0.147037308 0.5322327044 0.038039502600000004 0.0959119496
22.0 0.1975128018 0.4921383647 0.040965618100000004 0.0880503145
0.0 0.6327724945000001 0.5251572328 0.7242136064 0.0251572327
42.0 0.4363569861 0.0849056604 0.139722019 0.14779874210000002
35.0 0.34637893200000003 0.3333333334 0.0270665691 0.08176100630000001
45.0 0.3763716167 0.3443396226 0.0241404536 0.034591194900000004
4.0 0.4290416971 0.2044025157 0.0416971471 0.0849056604
11.0 0.47403072420000003 0.2735849057 0.038039502600000004 0.21069182390000002
17.0 0.5113386979 0.3600628931 0.027798098 0.0628930818
10.0 0.5380395026 0.2382075472 0.0182882224 0.011006289300000001
47.0 0.6660570592 0.1100628931 0.1455742501 0.1226415094
35.0 0.8438185808 0.0786163522 0.0519385516 0.1477987422
42.0 0.352962692 0.6698113208 0.1631309437 0.1509433963
35.0 0.2560351134 0.9308176100000001 0.027798098 0.0880503145
45.0 0.2896854426 0.9410377358 0.0292611558 0.0393081761
4.0 0.335771763 0.7971698113 0.038039502600000004 0.0849056604
11.0 0.3686905633 0.8671383648000001 0.0292611558 0.1933962264
14.0 0.3997805413 0.9488993710000001 0.0270665691 0.0613207547
10.0 0.42721287490000004 0.8349056604 0.0190197512 0.0157232704
10.0 0.5051207022 0.6745283019 0.0358449159 0.022012578600000002
14.0 0.5548646671 0.6816037736 0.049012435900000005 0.1022012578
50.0 0.7114118508 0.6595911950000001 0.18068763710000002 0.143081761
16.0 0.8460131676 0.5613207547 0.0256035113 0.06918239
35.0 0.9374542794 0.6737421384000001 0.0563277249 0.1619496855
