42.0 0.07233407900000001 0.4175588865 0.1416853095 0.295503212
30.0 0.17039522740000002 0.6113490364 0.0260999255 0.16488222700000002
45.0 0.2106636838 0.6370449679 0.0469798658 0.06638115630000001
13.0 0.2479492916 0.6338329764 0.0067114094 0.1498929337
0.0 0.6737509322 0.5546038544 0.6450410141 0.0599571734
0.0 0.36055182700000005 0.2751605996 0.0469798658 0.023554603900000002
26.0 0.3784489187 0.1284796574 0.0201342282 0.2055674518
26.0 0.3646532438 0.39400428260000003 0.0208799403 0.2141327623
30.0 0.39932885900000004 0.4164882227 0.0350484713 0.19914346900000002
2.0 0.45190156600000003 0.2184154176 0.0328113348 0.2355460385
27.0 0.48918717380000004 0.23982869380000002 0.0447427293 0.1584582441
30.0 0.529082774 0.1038543898 0.032065622700000004 0.1948608137
9.0 0.567114094 0.2109207709 0.032065622700000004 0.1263383298
10.0 0.6077554064 0.22912205570000002 0.0178970917 0.0214132762
17.0 0.6383296048 0.1991434689 0.0313199105 0.21841541750000001
46.0 0.7673378076 0.23982869380000002 0.1431767338 0.2141327623
30.0 0.8952274422000001 0.1959314775 0.036539895600000004 0.2376873662
5.0 0.9325130500000001 0.2751605996 0.0290827741 0.34047109210000004
0.0 0.34601044000000003 0.7644539614 0.08799403430000001 0.0171306209
26.0 0.3691275168 0.6466809422 0.0208799404 0.2226980728
26.0 0.35719612230000003 0.8854389722 0.023862789000000002 0.2248394005
30.0 0.3829231916 0.8875802998000001 0.0260999255 0.182012848
2.0 0.4340044742 0.7387580300000001 0.0223713647 0.2740899358
19.0 0.4776286354 0.7002141328 0.0425055929 0.2012847965
30.0 0.5313199105 0.7002141328 0.0425055928 0.2526766595
13.0 0.5499627144 0.6199143469 0.0082028337 0.1434689508
9.0 0.5861297539 0.7034261242000001 0.0343027592 0.1263383298
14.0 0.639448173 0.6852248394 0.0454884414 0.1798715204
15.0 0.6823266219 0.6895074946 0.0313199105 0.2269807281
30.0 0.7281879195000001 0.704496788 0.0380313199 0.2569593148
14.0 0.7662192394 0.6070663812 0.0350484713 0.130620985
9.0 0.8150633856 0.6970021414 0.0372856077 0.1177730193
17.0 0.8579418345000001 0.6927194861 0.0335570469 0.22055674520000002
30.0 0.9026845638000001 0.6916488223 0.0335570469 0.23982869380000002
5.0 0.937733035 0.7473233405 0.023117076900000002 0.312633833
