49.0 0.05 0.4569536424 0.09 0.1887417218
39.0 0.14850000000000002 0.5016556292000001 0.054 0.2218543047
22.0 0.19525 0.47930463580000005 0.0375 0.1076158941
0.0 0.6112500000000001 0.5380794702 0.7315 0.1158940398
42.0 0.35975 0.1647350993 0.10550000000000001 0.17384105960000001
31.0 0.42875 0.4097682119 0.026500000000000003 0.0877483444
45.0 0.45675000000000004 0.4188741722 0.0285 0.0298013245
4.0 0.516 0.2400662252 0.07100000000000001 0.1688741722
11.0 0.55725 0.3336092715 0.0205 0.309602649
16.0 0.607 0.4031456954 0.034 0.1076158941
10.0 0.63 0.30711920530000003 0.013000000000000001 0.014900662200000001
10.0 0.6765 0.1812913907 0.02 0.031456953600000004
17.0 0.7045 0.14735099340000002 0.033 0.142384106
46.0 0.7772500000000001 0.17632450330000002 0.0795 0.130794702
18.0 0.84225 0.0703642384 0.0275 0.1175496688
31.0 0.8935000000000001 0.1614238411 0.027 0.10430463570000001
42.0 0.289 0.6465231788 0.106 0.15397351
31.0 0.362 0.9221854305 0.027 0.0927152318
45.0 0.39 0.934602649 0.028 0.0380794702
4.0 0.45325000000000004 0.7632450331 0.07250000000000001 0.2119205298
11.0 0.48750000000000004 0.8526490067 0.017 0.29139072850000003
15.0 0.5215000000000001 0.9155629139 0.027 0.1390728476
10.0 0.542 0.8062913908 0.017 0.0198675497
14.0 0.60675 0.6233443709 0.0555 0.1407284768
47.0 0.6967500000000001 0.667218543 0.08950000000000001 0.1523178808
21.0 0.7582500000000001 0.5579470199000001 0.0175 0.1059602649
31.0 0.81125 0.6349337748 0.035500000000000004 0.1142384106
47.0 0.8845000000000001 0.6299668874000001 0.08600000000000001 0.12417218540000001
31.0 0.9705 0.6109271523 0.035 0.09933774840000001
