42.0 0.08689717920000001 0.43660287080000004 0.1446769791 0.2751196172
40.0 0.025477707000000002 0.7870813397 0.0327570518 0.1291866028
45.0 0.09144676980000001 0.7296650717000001 0.0773430392 0.0765550239
15.0 0.1596906278 0.6770334928 0.0318471337 0.1913875598
0.0 0.5919017288 0.41985645930000004 0.6833484987 0.0885167464
19.0 0.5618744313 0.1543062201 0.10282074620000001 0.2320574162
40.0 0.6560509554 0.2715311004 0.060054595100000004 0.18899521530000002
7.0 0.5118289354000001 0.6566985646 0.5068243858 0.49521531100000005
20.0 0.4740673339 0.7129186603000001 0.0491355778 0.2440191388
40.0 0.5377616014000001 0.8468899522000001 0.0545950865 0.2009569378
9.0 0.6155595996000001 0.7416267942 0.06278434940000001 0.2440191387
17.0 0.7042766151000001 0.7224880383000001 0.0946314832 0.2918660287
10.0 0.7916287534 0.716507177 0.0491355778 0.026315789500000002
14.0 0.9162875342000001 0.6746411484 0.1565059145 0.27751196170000003
