42.0 0.15022421530000002 0.33195020750000004 0.1928251121 0.5062240664000001
39.0 0.0351270553 0.7406639004000001 0.0582959642 0.1452282158
45.0 0.120328849 0.7365145228000001 0.091180867 0.1618257261
0.0 0.2571001495 0.7510373444 0.086696562 0.0331950208
4.0 0.2563527653 0.6286307054 0.0582959641 0.1784232366
16.0 0.2660687593 0.8858921162000001 0.0388639761 0.2033195021
0.0 0.6405082212000001 0.4253112033 0.5485799701 0.112033195
47.0 0.6278026906 0.33609958500000003 0.2750373692 0.40663900410000003
39.0 0.9394618834 0.27593361 0.0881913304 0.2033195021
50.0 0.644245142 0.622406639 0.3228699552 0.3734439834
39.0 0.9312406577000001 0.6348547717 0.0747384156 0.19917012450000002
