42.0 0.09695431480000001 0.29759299780000004 0.1817258883 0.306345733
34.0 0.0223350254 0.489059081 0.0385786802 0.0809628009
45.0 0.08071065990000001 0.5503282276 0.0741116752 0.067833698
1.0 0.14974619290000002 0.52297593 0.0578680203 0.061269146600000005
0.0 0.6040609137 0.5557986871 0.6802030456 0.25820568920000003
43.0 0.4527918782 0.2768052516 0.3086294416 0.46608315100000003
14.0 0.6426395939 0.40481400440000004 0.0710659898 0.1531728665
18.0 0.7147208122 0.375273523 0.0467005076 0.1597374179
16.0 0.9020304568 0.32603938730000004 0.1329949239 0.29759299780000004
43.0 0.4370558376 0.7221006564 0.2934010153 0.5120350109
15.0 0.6390862944 0.863238512 0.0639593908 0.1291028447
12.0 0.7116751269 0.8807439825000001 0.0670050762 0.1641137856
20.0 0.8883248731000001 0.8129102844 0.1076142132 0.2603938731
