42.0 0.0740030674 0.3267326732 0.1403374233 0.4851485149
33.0 0.1756134969 0.7648514852 0.0260736196 0.1732673267
45.0 0.2070552148 0.8366336634 0.0414110429 0.09900990100000001
14.0 0.2615030674 0.7995049505 0.038343558300000004 0.3217821782
9.0 0.3025306748 0.5519801980000001 0.0375766871 0.19306930690000002
27.0 0.4137269938 0.5198019802 0.0590490797 0.4356435644
46.0 0.5214723926 0.3267326732 0.1503067485 0.2871287129
33.0 0.6330521472 0.3168316832 0.0314417178 0.19801980200000002
49.0 0.719708589 0.2846534654 0.0774539877 0.3316831683
2.0 0.8125 0.3688118812 0.0283742332 0.40099009900000004
21.0 0.8450920245 0.3564356436 0.0398773006 0.39603960390000004
9.0 0.8953220859000001 0.3712871287 0.057515337400000005 0.23762376240000002
33.0 0.9394171779 0.4034653466 0.032208589 0.23267326730000001
5.0 0.9808282209 0.4108910891 0.0322085889 0.39603960400000005
