42.0 0.08130787040000001 0.3788732394 0.1521990741 0.45915492960000004
37.0 0.1846064815 0.8450704225000001 0.0277777778 0.12394366200000001
45.0 0.21527777780000001 0.8943661972 0.030092592600000002 0.030985915500000002
4.0 0.2777777778 0.5690140845 0.0706018518 0.3436619718
11.0 0.353587963 0.661971831 0.0706018519 0.5971830986000001
14.0 0.40190972220000004 0.8535211268 0.0295138889 0.1915492957
0.0 0.7115162037 0.4436619718 0.49016203700000005 0.0366197183
47.0 0.5324074074 0.3394366198 0.1331018518 0.2901408451
21.0 0.6383101852 0.12112676060000001 0.0243055556 0.1971830986
37.0 0.7106481482 0.29718309860000003 0.0381944445 0.2
9.0 0.7511574074 0.2732394366 0.037037037 0.19154929580000002
48.0 0.8466435185000001 0.25070422540000004 0.1006944444 0.2704225353
14.0 0.9181134259 0.1 0.0271990741 0.1830985916
37.0 0.9800347222 0.28873239440000004 0.0318287037 0.1887323943
20.0 0.734375 0.5788732394 0.03125 0.2563380281
