0.0 0.4848253484 0.7156862745 0.9677419355 0.1848739496
42.0 0.0258637144 0.19817927170000002 0.0345485779 0.2086834734
8.0 0.0101164344 0.399859944 0.0099255583 0.1106442577
45.0 0.0307310556 0.41876750700000004 0.0114525673 0.050420168
14.0 0.0444741363 0.387254902 0.0083985494 0.0882352941
13.0 0.0716739836 0.21288515400000002 0.0181332316 0.1904761905
21.0 0.0883756442 0.1911764706 0.0145065852 0.2254901961
2.0 0.1087993892 0.2401960784 0.020614621200000002 0.2787114846
50.0 0.1626264554 0.21918767500000003 0.0664248903 0.20308123250000001
2.0 0.2253292613 0.231792717 0.021950754000000003 0.2507002801
18.0 0.240503913 0.2268907563 0.0133613285 0.21288515400000002
8.0 0.2716167208 0.2296918768 0.0187058599 0.21848739490000002
5.0 0.306547051 0.24649859940000002 0.0194693644 0.2661064425
0.0 0.3437678946 0.25910364140000003 0.0561175797 0.025210084100000002
26.0 0.3487306738 0.1169467787 0.0145065852 0.22829131660000002
26.0 0.33021569 0.3823529412 0.012597824 0.2296918768
8.0 0.3578927276 0.3991596639 0.0190876122 0.24369747900000002
47.0 0.41381943120000003 0.2457983193 0.050391296 0.18627450980000002
2.0 0.4626837183 0.2422969188 0.0194693644 0.2661064426
17.0 0.48186676840000003 0.22619047620000002 0.0166062225 0.2478991596
8.0 0.5129795762 0.2338935574 0.0208054973 0.2240896359
5.0 0.5427562512 0.2556022409 0.0146974614 0.2787114846
9.0 0.564516129 0.1967787115 0.0127887001 0.09663865540000001
46.0 0.6064134377 0.2745098039 0.048482534800000004 0.22408963580000002
2.0 0.6594769994 0.22408963580000002 0.0217598778 0.24089635850000002
18.0 0.6758923458 0.2401960784 0.014888337500000001 0.231092437
8.0 0.7072914678000001 0.22408963580000002 0.020423745 0.2100840337
5.0 0.7368772667 0.2514005602 0.0139339569 0.2731092437
0.0 0.7792517656 0.24579831940000002 0.037984348200000004 0.0070028011
26.0 0.7812559649 0.12184873950000001 0.0122160718 0.2324929972
26.0 0.7650314946 0.3767507003 0.0133613285 0.2296918768
8.0 0.7928039702 0.41316526610000004 0.019660240500000002 0.2577030812
48.0 0.8440542088 0.2163865546 0.0412292422 0.2226890756
2.0 0.8844245085 0.22058823530000002 0.0192784882 0.2366946778
15.0 0.9045619393000001 0.21708683480000002 0.017178851000000002 0.2240896359
8.0 0.9318572246000001 0.22829131660000002 0.017560603100000002 0.2156862745
5.0 0.9671693072 0.2471988796 0.0187058599 0.2675070028
5.0 0.9898835656 0.2366946779 0.0202328689 0.2661064426
42.0 0.4910288223 0.7135854342 0.037984348200000004 0.231092437
8.0 0.47404084750000003 0.9285714286000001 0.0097346822 0.12324929970000001
45.0 0.49475090660000004 0.9355742297 0.0114525673 0.0476190476
21.0 0.5084939874000001 0.9019607843 0.0076350448 0.1204481792
19.0 0.529872113 0.6890756303000001 0.012597824 0.1736694677
