49.0 0.046731651400000004 0.1705539358 0.0762614679 0.31778425650000003
28.0 0.1301605505 0.3163265306 0.0493119266 0.3469387755
22.0 0.1912270643 0.2638483965 0.0510321101 0.13702623900000002
42.0 0.30676605500000004 0.3527696793 0.1376146789 0.472303207
35.0 0.3899082568 0.6151603498 0.036697247700000005 0.1924198251
45.0 0.427178899 0.6865889212 0.0332568807 0.1195335277
15.0 0.46702981660000004 0.6545189504000001 0.025802752300000002 0.18950437320000002
9.0 0.5060206422 0.4839650146 0.0326834862 0.12244897960000001
35.0 0.6123853211 0.5102040816 0.0699541284 0.3965014577
3.0 0.6651376146 0.5102040816 0.0103211009 0.5306122449
49.0 0.7692087156 0.5685131195 0.0946100918 0.4781341108
35.0 0.9099770642 0.6603498542 0.08486238530000001 0.44023323610000004
6.0 0.9796444954 0.6895043732 0.025802752300000002 0.6151603498
