42.0 0.0551707076 0.5366336634000001 0.0875804057 0.2178217822
28.0 0.1130628402 0.7148514852000001 0.0173181593 0.1465346535
45.0 0.1363186542 0.6950495050000001 0.025235032100000002 0.0316831683
16.0 0.1674913409 0.6752475248 0.0202869866 0.12673267330000001
0.0 0.6081147946000001 0.5940594059000001 0.7669470559 0.0198019802
47.0 0.2629886195 0.4217821782 0.090549233 0.1346534654
2.0 0.34809500250000003 0.3851485148 0.014349332000000001 0.2079207921
21.0 0.3787728848 0.3732673267 0.0341415141 0.1801980198
28.0 0.4153884216 0.40990099010000003 0.0291934686 0.19405940600000002
5.0 0.4428500742 0.3801980198 0.0168233548 0.23762376240000002
48.0 0.521523998 0.36237623760000004 0.0959920831 0.1861386139
2.0 0.5947550718 0.3217821782 0.0178129639 0.196039604
20.0 0.6239485404 0.30396039610000003 0.029688273100000002 0.1366336633
28.0 0.6600692726 0.3821782178 0.0326571005 0.2257425743
5.0 0.6909945572 0.3415841584 0.018307768500000002 0.26336633660000003
14.0 0.7276100940000001 0.205940594 0.0400791688 0.17029702970000002
11.0 0.7518555170000001 0.2267326732 0.0440376051 0.3148514851
19.0 0.7988619496 0.2653465346 0.0450272143 0.15841584150000002
18.0 0.8401781296 0.16633663370000001 0.035625927700000004 0.1623762376
11.0 0.8928748144 0.2 0.0578921327 0.3247524752
28.0 0.9364176150000001 0.35940594060000003 0.0380999505 0.24356435640000001
46.0 0.3847105394 0.793069307 0.1024245423 0.1445544555
2.0 0.4747649678 0.7950495049 0.0163285502 0.2435643565
19.0 0.5069272638 0.7277227723 0.0361207323 0.1564356436
28.0 0.5470064325 0.8099009901 0.033151905 0.201980198
5.0 0.5776843147 0.7960396039000001 0.0183077684 0.27326732670000004
14.0 0.6041563582 0.6663366337000001 0.029688273100000002 0.1762376237
11.0 0.6489361703000001 0.697029703 0.0549233053 0.3366336634
18.0 0.690004948 0.7574257426000001 0.037110341500000005 0.1762376238
14.0 0.7285997032 0.6792079208 0.0341415141 0.2138613862
11.0 0.7538347352 0.7009900990000001 0.0400791687 0.29702970300000003
28.0 0.7929242949 0.8495049505000001 0.0400791688 0.2574257426
