42.0 0.051075268800000004 0.40557275540000004 0.1004962779 0.2321981424
39.0 0.0233664186 0.5897832817 0.0202646815 0.0928792569
45.0 0.0477667494 0.5982972136 0.0277088503 0.0572755418
1.0 0.0831265509 0.5789473684 0.0264681555 0.0650154799
2.0 0.14743589740000002 0.4295665634 0.0186104219 0.2151702787
39.0 0.1747311828 0.4496904024 0.0318444996 0.1625386997
9.0 0.2156741108 0.41950464400000004 0.0318444996 0.13931888550000002
10.0 0.2489660876 0.44891640860000004 0.0215053763 0.015479876100000001
20.0 0.2872208436 0.44659442720000003 0.0392886683 0.24613003090000002
7.0 0.4480976014 0.3885448916 0.25847808110000003 0.4024767802
39.0 0.4259718776 0.4643962848 0.0388751034 0.18266253870000002
21.0 0.4567824648 0.3715170278 0.025227460700000003 0.12693498450000001
9.0 0.4917287014 0.4148606811 0.032258064600000004 0.133126935
12.0 0.5310173697 0.407120743 0.0339123242 0.19195046440000002
5.0 0.561827957 0.47678018580000003 0.015301902400000001 0.3374613003
0.0 0.7828784119000001 0.4860681114 0.39288668320000003 0.0247678019
39.0 0.605872622 0.2879256966 0.034739454 0.17956656340000002
9.0 0.6482630273000001 0.2530959752 0.0368072788 0.1501547987
7.0 0.8155500414 0.22987616100000002 0.29611248970000004 0.39783281740000004
39.0 0.7801902398 0.2747678018 0.0359801489 0.1625386997
21.0 0.8118279570000001 0.19891640870000002 0.023159636 0.1315789474
9.0 0.847394541 0.25 0.0314309347 0.1470588236
10.0 0.8819272126000001 0.27554179570000004 0.0227460711 0.0185758514
15.0 0.9166666667000001 0.2600619195 0.035153019 0.21362229100000002
39.0 0.9571960298000001 0.2871517028 0.035153019 0.1780185758
39.0 0.6077336642 0.7314241486 0.0376344086 0.17182662540000002
9.0 0.6441273780000001 0.6989164086 0.0318444996 0.14705882350000002
7.0 0.8362282878 0.7453560372 0.3234077751 0.4814241487
39.0 0.7816377172000001 0.7198142415000001 0.0380479735 0.15789473680000002
18.0 0.8110008272 0.6447368421 0.023159636100000002 0.1191950464
9.0 0.849669148 0.6942724458 0.0343258891 0.1408668731
10.0 0.882133995 0.7205882353 0.0223325062 0.013931888600000001
15.0 0.9181141439 0.7136222911 0.0363937138 0.2198142415
39.0 0.9565756824 0.7198142415000001 0.034739454100000004 0.15789473680000002
