0.0 0.4942319369 0.6305483029 0.9751062538 0.2898172324
42.0 0.0546448088 0.4765013054 0.053430479700000005 0.13315926890000002
32.0 0.102003643 0.591383812 0.0182149362 0.138381201
45.0 0.1350941105 0.5065274152 0.032179720700000004 0.07832898170000001
13.0 0.1663630844 0.501305483 0.006071645400000001 0.13577023500000002
0.0 0.2273831208 0.451697128 0.0722525805 0.0417754569
26.0 0.23375834850000002 0.3785900783 0.024286581600000003 0.0731070496
26.0 0.2267759563 0.498694517 0.0248937462 0.0835509138
32.0 0.252276867 0.5574412532 0.016393442600000002 0.13315926890000002
20.0 0.2941712204 0.3994778068 0.0261080752 0.1253263708
15.0 0.32756527020000004 0.41383812010000004 0.029751062600000003 0.138381201
50.0 0.41530054650000003 0.36422976500000004 0.1068609593 0.1279373368
2.0 0.5209471767 0.32245430810000003 0.032786885200000004 0.3002610966
12.0 0.5673952641000001 0.31984334200000003 0.037037037 0.13838120110000002
5.0 0.6114146934 0.26892950390000003 0.0388585306 0.27154047
47.0 0.7295081967 0.27545691910000003 0.1353976928 0.1436031331
2.0 0.8521554341 0.2219321148 0.039465695200000005 0.3603133159
12.0 0.9171220401 0.1892950391 0.054037644200000005 0.1488250653
5.0 0.9699453552 0.1879895561 0.051608986 0.3655352481
42.0 0.2877959927 0.7428198434000001 0.0667880996 0.15926892950000002
32.0 0.3482088646 0.8851174934 0.0248937462 0.1775456919
45.0 0.386763813 0.7872062663 0.0364298725 0.0966057441
15.0 0.43837279900000004 0.775456919 0.029143898 0.12010443870000001
0.0 0.5327868853000001 0.7193211488 0.0673952641 0.0234986945
26.0 0.5382513661 0.6396866841000001 0.037037037 0.0992167102
26.0 0.5264116576 0.7924281984 0.0352155434 0.0966057441
32.0 0.5540376442 0.8472584857000001 0.0200364298 0.13315926890000002
32.0 0.6117182756 0.7832898172 0.027322404300000002 0.1879895561
