27.0 0.045968882600000004 0.7330677291000001 0.0664780764 0.1673306773
42.0 0.1732673268 0.21115537850000002 0.1230551627 0.1434262948
35.0 0.2644978784 0.454183267 0.0424328147 0.11155378490000001
45.0 0.3125884017 0.4661354582 0.036775106 0.0637450199
19.0 0.37623762380000003 0.4800796813 0.0367751061 0.1155378486
9.0 0.42503536070000003 0.27490039850000003 0.0381895332 0.0796812749
0.0 0.7496463932 0.37649402390000003 0.44978783600000005 0.1474103586
0.0 0.64427157 0.155378486 0.0834512022 0.039840637500000005
26.0 0.6456859972 0.0796812749 0.026874116 0.0876494024
26.0 0.6209335220000001 0.2450199203 0.0311173975 0.0916334661
35.0 0.6591230552 0.24900398410000002 0.0367751061 0.09960159360000001
49.0 0.7828854314 0.1852589641 0.0466760962 0.0996015937
2.0 0.8620933522 0.2171314741 0.018387553 0.155378486
21.0 0.8840169731 0.24103585660000001 0.0198019802 0.0836653386
9.0 0.9144271570000001 0.24103585660000001 0.0297029702 0.0677290837
35.0 0.949787836 0.2589641434 0.029702970300000003 0.0876494024
5.0 0.981612447 0.24103585660000001 0.0169731259 0.1394422311
0.0 0.6598302687 0.5099601594000001 0.0693069307 0.0318725099
26.0 0.6647807638000001 0.4342629482 0.0311173974 0.1035856574
26.0 0.639321075 0.5796812749 0.0311173975 0.09960159360000001
35.0 0.6746817539000001 0.5756972112000001 0.0339462518 0.0996015937
46.0 0.8246110326 0.577689243 0.1074964639 0.0796812749
35.0 0.9434229137000001 0.5796812749 0.028288543200000002 0.0916334662
