42.0 0.07401924500000001 0.42836257310000003 0.1450777202 0.312865497
39.0 0.027017024400000002 0.9195906433000001 0.0244263509 0.1257309942
45.0 0.0603256847 0.899122807 0.03626943 0.11403508770000001
17.0 0.09696521100000001 0.8801169590000001 0.0266469282 0.1637426901
9.0 0.1239822354 0.6959064328 0.027387120600000002 0.1637426901
0.0 0.6091783864 0.48830409360000004 0.7712805329 0.0233918129
0.0 0.5732790526 0.2763157894 0.0392301999 0.026315789500000002
18.0 0.5780903035 0.134502924 0.0325684678 0.2222222222
39.0 0.5777202073000001 0.3932748538 0.0318282753 0.1666666666
10.0 0.25980755 0.6608187134 0.06661732050000001 0.0409356725
15.0 0.3119911177 0.6359649122000001 0.0303478904 0.2485380117
46.0 0.44892672100000003 0.6739766082 0.1517394523 0.2543859649
39.0 0.6058475204 0.7178362573 0.0407105847 0.2251461988
44.0 0.7390821614 0.7324561404000001 0.1458179127 0.2660818713
39.0 0.9082161362000001 0.7178362573 0.039970392300000004 0.2251461988
