42.0 0.0688172043 0.4972067039 0.1362007168 0.2495344506
38.0 0.0279569892 0.7234636872 0.0430107527 0.06517690870000001
45.0 0.0756272402 0.7104283054 0.055197132700000005 0.06145251400000001
18.0 0.1272401434 0.6862197392 0.027956989300000002 0.1284916201
0.0 0.3605734767 0.5353817504 0.2451612904 0.0279329609
16.0 0.3207885304 0.3789571694 0.0480286739 0.22160148970000002
38.0 0.2465949821 0.6759776536000001 0.0716845878 0.1080074488
9.0 0.3168458782 0.6517690875000001 0.054480286700000005 0.1527001862
17.0 0.39426523300000005 0.6405959031 0.0774193548 0.1899441341
0.0 0.7225806452 0.5270018622 0.5376344086 0.0148975792
20.0 0.4989247312 0.2495344506 0.0301075269 0.2644320297
9.0 0.5587813620000001 0.2560521416 0.0594982078 0.1433891993
21.0 0.6143369176 0.2476722532 0.0401433692 0.2197392923
7.0 0.8082437276000001 0.2746741155 0.3376344086 0.5381750465
38.0 0.8412186380000001 0.2849162011 0.0738351254 0.104283054
9.0 0.9129032258 0.2532588454 0.0566308244 0.1378026071
19.0 0.9745519713 0.2355679702 0.0494623656 0.199255121
17.0 0.5670250896 0.8230912477000001 0.0788530466 0.2309124767
7.0 0.7863799284 0.7662942272000001 0.33835125450000003 0.4636871508
38.0 0.8143369176 0.8482309125 0.0716845878 0.11731843580000001
9.0 0.8863799283 0.8063314712 0.0566308244 0.1378026071
20.0 0.9390681004 0.7681564246 0.0315412187 0.21787709500000002
