42.0 0.1155973451 0.4573991032 0.2134955752 0.4215246637
23.0 0.0796460177 0.8654708520000001 0.0309734514 0.1614349776
45.0 0.1172566372 0.8183856502 0.0398230089 0.1569506726
13.0 0.1603982301 0.8139013452 0.0243362832 0.16591928250000001
0.0 0.6349557522 0.5 0.5840707964 0.1838565022
15.0 0.35785398230000004 0.3273542601 0.0564159292 0.3049327354
9.0 0.4236725664 0.2825112108 0.0575221239 0.2780269059
47.0 0.6742256637 0.2802690583 0.2931415929 0.5246636772000001
23.0 0.9485619469000001 0.2219730942 0.07190265480000001 0.2825112108
48.0 0.5199115044 0.7511210762 0.1902654867 0.3452914798
14.0 0.6897123894 0.5919282511 0.0409292036 0.18834080720000002
23.0 0.8501106194 0.7757847534000001 0.0896017699 0.2959641255
