42.0 0.058167570800000006 0.2066176471 0.098251959 0.1485294117
24.0 0.0220012056 0.325 0.0174804099 0.058823529400000005
45.0 0.0512356842 0.3257352942 0.0349608197 0.0279411765
1.0 0.09282700420000001 0.3080882352 0.0349608198 0.0455882353
0.0 0.5572634117 0.2227941176 0.7842073538000001 0.013235294100000001
19.0 0.5235081374 0.0926470588 0.031946956 0.1205882353
9.0 0.5729355034 0.0911764706 0.0440024111 0.10588235300000001
0.0 0.6217600965 0.1102941176 0.024713682900000002 0.0088235295
15.0 0.6298975286 0.047794117600000005 0.0229053647 0.0897058823
24.0 0.6314044605 0.1647058824 0.024713683 0.0882352941
7.0 0.38848704040000004 0.6088235294000001 0.3791440627 0.7323529412
0.0 0.4168173598 0.619117647 0.2236286919 0.0147058823
24.0 0.3725135624 0.5514705882000001 0.0253164557 0.0794117647
15.0 0.394514768 0.49264705880000004 0.0174804099 0.0705882353
9.0 0.43309222420000004 0.55 0.0331525015 0.0823529412
24.0 0.4650391802 0.556617647 0.0235081374 0.0867647059
9.0 0.49698613620000004 0.5433823529 0.031946956 0.075
21.0 0.5304400241 0.556617647 0.022905364600000002 0.09264705890000001
24.0 0.43339361060000003 0.7183823529000001 0.022905364600000002 0.0838235294
14.0 0.45780590720000003 0.6544117647000001 0.0198915009 0.058823529400000005
9.0 0.5880048222 0.5911764706 0.0452079566 0.1
7.0 0.7902350814 0.6154411765000001 0.3303194696 0.7426470588
0.0 0.8902953586000001 0.6220588235 0.1880650995 0.0176470588
24.0 0.8074141049 0.5551470588 0.0210970464 0.08088235290000001
16.0 0.8303194696 0.48602941180000003 0.0150693189 0.06617647060000001
9.0 0.8664858348000001 0.5455882353 0.0307414105 0.0735294118
10.0 0.9008438818000001 0.5558823529 0.024713682900000002 0.0088235294
15.0 0.9312839060000001 0.5514705882000001 0.024110910200000002 0.0852941177
24.0 0.9578059072 0.55 0.0216998192 0.0735294118
24.0 0.8691983122 0.7110294118 0.0229053647 0.0691176471
15.0 0.8930078360000001 0.6544117647000001 0.0174804099 0.055882353
