42.0 0.0992430614 0.36194895590000004 0.1295206056 0.403712297
34.0 0.0164003364 0.879350348 0.023549201000000002 0.1299303944
45.0 0.0452060555 0.909512761 0.0239697224 0.060324826000000005
4.0 0.097981497 0.7053364269 0.0555088309 0.2273781902
11.0 0.1396131203 0.7807424594 0.039529016 0.4385150812
14.0 0.164844407 0.9060324826 0.0185029437 0.1600928074
0.0 0.5853658536 0.3886310905 0.8242220353 0.0951276102
47.0 0.2865853658 0.26566125290000003 0.1509671993 0.2621809744
15.0 0.3889823381 0.1229698376 0.015138772000000002 0.1299303944
34.0 0.4554247266 0.2482598608 0.0639192599 0.2923433874
9.0 0.5124053827 0.2679814385 0.0542472666 0.1647331786
50.0 0.6469722456 0.2424593968 0.1745164004 0.3271461717
20.0 0.7727081581 0.0707656612 0.019764508 0.13225058010000001
34.0 0.8597560976 0.1879350348 0.0761143819 0.30626450120000004
18.0 0.5239697224000001 0.5568445476 0.0336417157 0.2784222738
