42.0 0.1058530511 0.1825396826 0.1718555417 0.3439153439
39.0 0.202988792 0.5634920635 0.0323785803 0.1428571428
45.0 0.24906600250000002 0.5793650794 0.0572851806 0.1216931217
12.0 0.3100871732 0.5873015873 0.029887920300000002 0.16931216940000002
0.0 0.7104607721 0.5767195768 0.5193026152 0.2857142857
46.0 0.5305105853000001 0.335978836 0.1643835616 0.2275132275
2.0 0.7241594022000001 0.35449735450000003 0.031133250300000002 0.2857142858
18.0 0.8094645081 0.417989418 0.1120797012 0.2857142857
39.0 0.9053549190000001 0.5 0.0672478207 0.2486772486
5.0 0.9819427148000001 0.48148148150000003 0.0236612702 0.3492063492
47.0 0.6127023661000001 0.6613756614 0.199252802 0.2962962963
39.0 0.8542963886 0.8121693122 0.0722291407 0.2169312169
