42.0 0.0685950414 0.2324675324 0.1250688705 0.44415584410000003
39.0 0.1509641874 0.474025974 0.0220385675 0.1896103896
45.0 0.1820936639 0.47792207800000003 0.032506887000000005 0.0831168831
14.0 0.2217630854 0.45194805200000004 0.0247933884 0.1662337663
9.0 0.2523415978 0.31298701300000004 0.0242424242 0.1168831169
0.0 0.650137741 0.4454545454 0.6269972451 0.21558441550000002
10.0 0.37961432510000004 0.2090909091 0.0330578513 0.0441558442
14.0 0.4220385675 0.1675324675 0.037465564800000004 0.2103896104
50.0 0.5432506887 0.2831168831 0.1509641874 0.3792207792
39.0 0.658953168 0.2506493506 0.0374655647 0.2207792207
48.0 0.7506887052 0.2454545454 0.1041322314 0.3038961039
17.0 0.8443526170000001 0.1493506493 0.030303030300000002 0.2207792207
39.0 0.9121212121000001 0.3298701298 0.0369146006 0.25974025970000003
2.0 0.33168044080000003 0.6233766234 0.026446281000000002 0.28051948050000003
13.0 0.3584022039 0.6090909091000001 0.0435261708 0.277922078
9.0 0.3980716254 0.6285714286 0.029201101900000002 0.1766233766
17.0 0.4393939394 0.6675324676000001 0.0369146006 0.3064935065
39.0 0.4776859504 0.6779220779 0.0363636364 0.23896103900000001
44.0 0.5820936639000001 0.6662337662000001 0.1217630854 0.2467532467
39.0 0.6834710744 0.7441558442 0.041322314000000006 0.2623376623
5.0 0.7187327824 0.7389610390000001 0.025895316800000002 0.3194805195
48.0 0.8110192838 0.7597402598 0.12451790630000001 0.35064935070000003
13.0 0.894214876 0.6077922078 0.0363636363 0.20779220780000002
39.0 0.9771349862 0.8454545454 0.0435261708 0.2935064935
