42.0 0.1103151862 0.41472868220000003 0.1900668577 0.3953488372
35.0 0.270773639 0.5749354005 0.0487106017 0.2248062016
45.0 0.3457497612 0.6498708011000001 0.0936007641 0.1421188631
1.0 0.4689589302 0.5736434108 0.0936007641 0.1136950905
0.0 0.7545367717 0.5258397932000001 0.3954154728 0.0749354005
43.0 0.6895893028 0.3010335918 0.141356256 0.4366925065
14.0 0.8099331423 0.3669250646 0.0515759312 0.2067183462
15.0 0.8562559694 0.37467700260000003 0.0391595033 0.23255813960000002
19.0 0.9541547278 0.1291989664 0.0496657116 0.23255813960000002
43.0 0.7020057307 0.6950904392 0.1489971347 0.3772609819
20.0 0.8104106972 0.8268733850000001 0.0429799427 0.2428940568
20.0 0.8691499522 0.857881137 0.0592168099 0.28423772610000003
16.0 0.9560649474 0.6162790698 0.0496657115 0.2248062015
