42.0 0.06974691 0.7762096774 0.13125367870000001 0.2459677419
8.0 0.1530311948 0.8941532258 0.032960565000000004 0.1875
45.0 0.21483225420000002 0.8901209677 0.0341377281 0.0504032258
20.0 0.2630959388 0.8356854839000001 0.0388463802 0.1754032258
0.0 0.633313714 0.6824596774 0.7216009417 0.1955645161
8.0 0.34638022360000004 0.5463709677 0.0382577987 0.1693548387
10.0 0.40582695700000004 0.5413306452000001 0.0241318423 0.0302419355
17.0 0.4405532666 0.4919354838 0.0347263096 0.1653225807
9.0 0.4891112419 0.4828629032 0.0388463802 0.0907258065
10.0 0.5350206004 0.4909274194 0.028251912900000002 0.0221774193
14.0 0.5691583284 0.4576612903 0.0388463802 0.1774193548
7.0 0.7963507946 0.3447580645 0.3672748676 0.6653225806
8.0 0.77133608 0.40625000000000006 0.0464979399 0.191532258
13.0 0.8172454385 0.2368951612 0.0359034726 0.14314516130000002
10.0 0.8890523838000001 0.3760080646 0.0311948205 0.0302419355
20.0 0.9432018834 0.3366935484 0.0629782225 0.2096774194
8.0 0.5779870512 0.7862903226 0.040023543200000004 0.1693548387
10.0 0.6521483226 0.7903225807 0.0294290759 0.0322580645
16.0 0.6968805179 0.7439516129 0.0423778693 0.16935483880000002
