49.0 0.048148148200000004 0.4474637681 0.0716049383 0.1630434782
40.0 0.1802469136 0.5344202898 0.0345679012 0.1340579711
22.0 0.22592592590000002 0.4701086956 0.037037037 0.0706521739
0.0 0.612345679 0.5643115942 0.775308642 0.1394927536
42.0 0.4543209876 0.1349637682 0.10534979430000001 0.19746376810000002
39.0 0.3650205761 0.2871376812 0.0172839506 0.0525362319
45.0 0.3938271605 0.2835144927 0.0320987654 0.0416666667
0.0 0.4456790124 0.2961956522 0.0222222223 0.009057971
4.0 0.46008230450000004 0.2617753624 0.021399177000000002 0.0489130435
18.0 0.46378600820000004 0.347826087 0.025514403300000002 0.0724637681
10.0 0.5234567902 0.2128623188 0.0230452675 0.009057971
0.0 0.6358024691 0.1657608696 0.0436213992 0.0163043478
26.0 0.6436213991 0.08514492750000001 0.0279835391 0.134057971
26.0 0.6234567901 0.2481884058 0.033744856000000004 0.134057971
39.0 0.6609053497 0.28079710150000003 0.0279835391 0.0797101449
50.0 0.8041152264 0.2092391304 0.1349794239 0.143115942
39.0 0.9308641975 0.2463768116 0.029629629600000002 0.0724637682
42.0 0.3847736626 0.6730072464 0.1242798353 0.143115942
39.0 0.2736625514 0.8967391304000001 0.0172839506 0.0543478261
45.0 0.3098765432 0.8867753624 0.0386831276 0.0452898551
0.0 0.3728395062 0.8922101449000001 0.0592592593 0.009057971
4.0 0.3814814815 0.8478260870000001 0.0271604938 0.0543478261
21.0 0.383127572 0.9483695652 0.0238683128 0.0851449276
10.0 0.44732510280000004 0.7862318840000001 0.025514403300000002 0.0108695653
0.0 0.5633744856 0.7155797102 0.0962962963 0.014492753700000001
26.0 0.5740740741 0.6331521739 0.0288065844 0.1394927536
26.0 0.5510288066 0.8097826087000001 0.0320987654 0.1630434782
39.0 0.596707819 0.839673913 0.0329218107 0.09601449270000001
10.0 0.6650205761 0.7074275362 0.0411522634 0.0163043478
21.0 0.7139917696 0.7074275362 0.0353909465 0.1322463768
47.0 0.8304526749000001 0.7690217391 0.1185185186 0.1177536232
19.0 0.9098765432 0.6195652173 0.0189300412 0.0543478261
39.0 0.979835391 0.7626811594 0.0288065843 0.0833333333
