42.0 0.078761062 0.4715568862 0.15634218290000002 0.4520958084
34.0 0.1920353982 0.8428143712 0.0300884956 0.1526946107
45.0 0.229498525 0.8952095808 0.046017699100000004 0.1137724551
4.0 0.2973451327 0.5464071856 0.0566371681 0.2904191617
11.0 0.3640117994 0.6721556886000001 0.0436578171 0.3982035928
15.0 0.4041297935 0.8128742515 0.030678466 0.19461077840000002
0.0 0.7058997050000001 0.3652694611 0.47610619470000004 0.13173652700000002
14.0 0.4932153392 0.2365269462 0.037758112100000005 0.1856287425
47.0 0.595280236 0.2994011976 0.1227138643 0.2994011976
34.0 0.7191740413000001 0.1811377246 0.028318584 0.1826347305
9.0 0.7486725664 0.1511976048 0.0235988201 0.12275449100000001
10.0 0.7772861357 0.2065868264 0.0253687316 0.0119760479
16.0 0.810619469 0.1586826348 0.0318584071 0.2335329341
48.0 0.889380531 0.11826347300000001 0.07728613570000001 0.23053892210000002
34.0 0.9637168142 0.1047904192 0.0241887905 0.16766467070000002
17.0 0.6112094396000001 0.7350299401 0.0318584071 0.2185628742
34.0 0.6477876106 0.7140718563 0.029498525100000002 0.19461077840000002
9.0 0.6769911504 0.6781437126000001 0.0218289085 0.12275449100000001
10.0 0.708259587 0.7305389222 0.0253687316 0.0119760479
19.0 0.7442477876 0.6766467066 0.0371681416 0.2874251497
4.0 0.8064896755000001 0.4476047904 0.058997050200000005 0.248502994
11.0 0.8477876106000001 0.5868263473 0.035398230100000004 0.34730538920000004
21.0 0.8675516224 0.630239521 0.0241887906 0.2125748503
