22.0 0.0386879731 0.5978260870000001 0.050462573600000005 0.1645962733
42.0 0.1951219512 0.602484472 0.1749369218 0.2795031055
32.0 0.30235492010000004 0.8835403727000001 0.022708158200000002 0.1583850932
45.0 0.33052985700000004 0.8245341614 0.028595458400000003 0.0652173913
13.0 0.36711522290000004 0.8229813665 0.010933557600000001 0.1242236025
0.0 0.7094196804 0.6925465838 0.5105130362 0.0807453417
32.0 0.4629941127 0.399068323 0.0294365012 0.23291925460000001
2.0 0.5008410429 0.2437888198 0.031118587000000003 0.3260869565
7.0 0.6778805719000001 0.36801242240000004 0.3111858704 0.6614906833
41.0 0.6913372582 0.3400621118 0.0454163162 0.145962733
32.0 0.7375946174 0.3804347826 0.0336417157 0.2080745342
9.0 0.7817493692 0.302795031 0.0496215307 0.1521739131
12.0 0.8275862069000001 0.31211180120000004 0.0336417158 0.1397515528
9.0 0.8751051304 0.30434782600000004 0.0479394449 0.1552795031
12.0 0.920941968 0.3105590062 0.0319596299 0.1366459628
5.0 0.9659377628 0.251552795 0.039529016 0.37267080750000003
41.0 0.6143818334000001 0.7934782608000001 0.0445752733 0.1335403727
32.0 0.6585365854 0.8447204969000001 0.0302775441 0.2111801242
9.0 0.70058873 0.7826086956 0.043734230400000004 0.1552795031
20.0 0.7502102608 0.7701863354 0.0319596299 0.1428571428
10.0 0.7855340622 0.7484472050000001 0.026913372600000002 0.031055900600000002
20.0 0.8233809924000001 0.7841614907000001 0.0319596299 0.1832298136
