42.0 0.07597054880000001 0.5419463088 0.1425702811 0.2718120805
35.0 0.1492637216 0.899328859 0.0133868809 0.0872483221
45.0 0.1780455154 0.8775167785 0.0348058902 0.09731543620000001
4.0 0.2459839358 0.5906040268 0.0702811245 0.21476510070000002
11.0 0.28882195450000003 0.6627516779 0.0180722892 0.5
17.0 0.3169344043 0.8540268456000001 0.0287817938 0.21140939590000002
0.0 0.6683400268 0.5570469798000001 0.6084337349 0.0939597315
18.0 0.41131191440000003 0.28859060400000003 0.0394912985 0.26845637580000004
44.0 0.5254350736 0.422818792 0.1137884873 0.21476510070000002
19.0 0.5933734940000001 0.1258389262 0.0287817938 0.2382550336
35.0 0.6552878179 0.3926174496 0.0187416332 0.1208053691
9.0 0.6837349398 0.3523489932 0.0247657296 0.16107382550000002
10.0 0.7168674698 0.360738255 0.026773761700000002 0.0369127517
16.0 0.7667336011 0.2583892618 0.0542168675 0.2483221477
48.0 0.8584337350000001 0.4060402684 0.09170013390000001 0.1677852349
15.0 0.9317269076 0.13422818790000002 0.0254350736 0.2348993288
35.0 0.9912985274 0.394295302 0.0174029451 0.12416107380000001
21.0 0.6941097724 0.6644295302000001 0.040160642600000004 0.2818791946
