42.0 0.0850727388 0.4491803278 0.15370018970000002 0.41311475410000004
39.0 0.1710942442 0.837704918 0.0271979759 0.2327868853
45.0 0.21948134090000002 0.9 0.0480708412 0.186885246
12.0 0.2767235926 0.8311475410000001 0.0398481973 0.3114754098
9.0 0.31720430110000003 0.6229508197 0.0309930424 0.1836065574
27.0 0.42567994940000004 0.6131147541 0.0695762176 0.262295082
49.0 0.4968374446 0.2786885246 0.0588235295 0.2360655738
2.0 0.5711574952 0.38032786890000003 0.0290955091 0.41311475410000004
13.0 0.6037318153 0.2704918033 0.0221378874 0.23278688520000002
9.0 0.6413662239 0.32950819670000003 0.0341555978 0.193442623
39.0 0.6888045541000001 0.3655737705 0.039215686300000004 0.2590163934
46.0 0.7919038584 0.1459016394 0.1568627451 0.2196721311
39.0 0.9228336496 0.175409836 0.0392156862 0.2852459017
5.0 0.9693232132 0.4 0.0221378875 0.4590163934
