42.0 0.061542264000000006 0.4842209073 0.1131982205 0.4003944774
30.0 0.1376668314 0.6627218935 0.028175976300000002 0.1656804734
45.0 0.1754819575 0.6972386588 0.0444883836 0.09664694280000001
19.0 0.2254078102 0.6134122288 0.0316361839 0.157790927
9.0 0.26668314390000003 0.5049309664 0.035096391500000004 0.11439842210000001
0.0 0.6663371231 0.5394477318 0.6604053386000001 0.0650887574
0.0 0.4705882353 0.3274161735 0.0523974296 0.0118343195
26.0 0.4607019278 0.2337278106 0.0158180919 0.14792899410000002
26.0 0.4508156204 0.4122287968 0.016806722700000002 0.1499013807
30.0 0.47380128520000003 0.42307692300000005 0.021255561000000003 0.11242603550000001
2.0 0.5098863075 0.2721893492 0.018289668800000002 0.20907297830000002
15.0 0.5353435492 0.2790927022 0.0247157686 0.1637080868
9.0 0.5761245675000001 0.28106508880000003 0.037073653000000005 0.11637080870000001
12.0 0.6057834898000001 0.28796844180000003 0.025210084100000002 0.1617357002
48.0 0.6890756303000001 0.2968441814 0.08996539790000001 0.1676528599
18.0 0.7612456747 0.1153846154 0.029658922400000003 0.16765286000000001
30.0 0.8133959466 0.2968441815 0.0271873455 0.1597633136
5.0 0.8368759268 0.2968441814 0.0128521997 0.2386587771
0.0 0.3677706376 0.7800788954000001 0.0464656451 0.0138067061
26.0 0.3685121108 0.6765285996 0.0173010381 0.134122288
26.0 0.3586258033 0.8875739644 0.019278299500000002 0.1775147929
30.0 0.3788927335 0.8786982248 0.0202669303 0.11242603550000001
2.0 0.4130004943 0.7376725838 0.0143351458 0.22485207100000001
46.0 0.5029658922 0.75147929 0.1102323283 0.1380670611
30.0 0.5976272862 0.7465483235 0.026693030200000002 0.1558185404
9.0 0.6302521008 0.7307692308 0.030647553100000002 0.11242603550000001
30.0 0.6668314384 0.7524654832000001 0.027681660900000002 0.1637080868
47.0 0.7654473554 0.7998027614000001 0.12308452800000001 0.2031558185
14.0 0.8398418191 0.6124260355000001 0.0375679684 0.1794871794
30.0 0.9073158676 0.7514792899 0.0271873455 0.1617357002
5.0 0.9288185863 0.7672583826 0.0108749382 0.2603550295
