49.0 0.0416666667 0.4430641822 0.061868686900000004 0.2236024844
38.0 0.1458333333 0.4741200828 0.0568181818 0.1366459628
22.0 0.2067550505 0.46687370600000005 0.052398989900000005 0.0724637682
0.0 0.6092171718 0.5041407868000001 0.7727272727000001 0.0310559007
42.0 0.363320707 0.0952380952 0.0637626263 0.1532091097
31.0 0.4248737374 0.4233954452 0.0189393939 0.0724637681
45.0 0.457070707 0.4109730849 0.0378787879 0.0848861284
4.0 0.5072601010000001 0.2204968944 0.0448232324 0.1842650104
11.0 0.5792297980000001 0.29296066260000003 0.0726010101 0.3706004141
14.0 0.6117424242 0.41304347820000004 0.0202020202 0.1055900621
10.0 0.6414141414 0.2774327122 0.023989899000000002 0.0207039338
44.0 0.7569444444000001 0.1397515528 0.1161616161 0.12215320910000001
31.0 0.8494318182 0.1438923396 0.0271464646 0.0890269151
42.0 0.2904040404 0.6107660455 0.066919192 0.1532091097
31.0 0.351010101 0.9565217392 0.0202020202 0.062111801300000005
45.0 0.3768939394 0.9461697722 0.0315656566 0.0786749483
4.0 0.4340277778 0.7577639752 0.0473484848 0.1821946169
11.0 0.5069444444 0.7939958592 0.0757575757 0.3623188406
14.0 0.5495580808 0.9440993789000001 0.0271464646 0.0952380952
10.0 0.5751262626 0.8167701863 0.025252525300000002 0.018633540400000002
10.0 0.6477272727000001 0.6438923396 0.0366161616 0.0289855073
17.0 0.6821338384 0.6345755694 0.0359848485 0.1304347826
50.0 0.7869318182 0.6490683230000001 0.11426767680000001 0.1511387164
17.0 0.8614267677 0.5548654244 0.0258838384 0.1076604555
31.0 0.9261363636000001 0.6645962733 0.0290404041 0.0952380952
