42.0 0.1068524971 0.5548245614 0.19976771200000001 0.38157894740000003
33.0 0.24041811840000002 0.899122807 0.0441347271 0.11403508770000001
45.0 0.281068525 0.8684210526 0.039488966300000004 0.07894736840000001
17.0 0.343786295 0.8771929824 0.0418118467 0.1929824561
0.0 0.7491289198000001 0.6030701754000001 0.5017421603000001 0.0307017544
27.0 0.5063879210000001 0.4846491228 0.0464576074 0.1622807018
20.0 0.5493612079 0.177631579 0.0301974448 0.2324561403
33.0 0.5917537746 0.2061403508 0.0383275261 0.1228070175
9.0 0.6527293844000001 0.4298245614 0.0348432056 0.18421052640000002
10.0 0.7108013938000001 0.4166666666 0.0534262485 0.0526315789
19.0 0.7671312428 0.4210526315 0.042973286900000005 0.24561403510000002
27.0 0.8222996516000001 0.48684210520000004 0.039488966300000004 0.1666666667
10.0 0.8763066202 0.1710526316 0.0383275262 0.0438596491
14.0 0.9169570267 0.1842105263 0.0336817654 0.201754386
33.0 0.9639953542 0.2039473684 0.0371660859 0.1184210526
16.0 0.7049941928 0.7807017544 0.0511033682 0.2543859649
33.0 0.7729384437 0.8267543859 0.0522648084 0.1622807017
