42.0 0.0647795318 0.4030054645 0.11976047910000001 0.41256830600000005
36.0 0.14779531840000001 0.8224043716 0.0397387045 0.1912568306
45.0 0.1924333152 0.887978142 0.0517147523 0.1967213115
4.0 0.257212847 0.568306011 0.054980947200000005 0.3169398907
11.0 0.292324442 0.7513661202 0.0217746326 0.3661202186
18.0 0.324714208 0.8087431694 0.0353837779 0.24043715840000002
0.0 0.7161132281 0.4986338798 0.5612411540000001 0.0355191257
14.0 0.4101796407 0.3292349727 0.0332063146 0.2759562842
46.0 0.5021774632 0.3633879782 0.1072400653 0.2131147541
15.0 0.5794774088 0.1653005464 0.0277626565 0.31420765030000003
36.0 0.6448013064 0.3456284153 0.0342950463 0.1775956284
9.0 0.6848121938 0.3292349726 0.0359281438 0.1557377049
19.0 0.7234621666000001 0.3456284153 0.0348394121 0.28688524600000004
47.0 0.8266194883 0.3797814208 0.1203048448 0.218579235
21.0 0.8982035928000001 0.1489071038 0.0326619488 0.2650273224
36.0 0.9637996734000001 0.3633879782 0.0353837779 0.2021857923
15.0 0.6856287425 0.6393442623000001 0.0299401198 0.262295082
