42.0 0.1256397134 0.48739495800000004 0.13664278400000002 0.20840336140000001
40.0 0.0194472876 0.9277310924000001 0.0296827022 0.13781512610000002
45.0 0.059109519000000006 0.8823529412000001 0.0496417605 0.0638655462
4.0 0.125383828 0.6848739496 0.0696008189 0.1764705882
11.0 0.201381781 0.7537815126 0.0649948823 0.29411764700000004
14.0 0.2540941658 0.8344537815 0.0332650972 0.1226890756
0.0 0.6484135107 0.5176470588000001 0.7011258956 0.0504201681
0.0 0.36617195500000005 0.2327731092 0.0670419652 0.0117647059
26.0 0.35133060390000004 0.131092437 0.048618219000000004 0.19159663870000002
26.0 0.3316274309 0.3319327731 0.0378710338 0.18655462180000001
40.0 0.3848515864 0.4210084034 0.028659160700000002 0.1731092437
2.0 0.431678608 0.225210084 0.027123848500000002 0.23193277310000002
48.0 0.5304503582 0.1823529412 0.1212896623 0.1831932773
40.0 0.6412487206 0.27058823530000004 0.0276356192 0.20840336140000001
9.0 0.6770726714 0.2201680672 0.0409416581 0.11764705880000001
10.0 0.7103377687 0.2067226891 0.023541453400000002 0.026890756300000002
19.0 0.7392528147 0.1831932773 0.0353121801 0.18151260500000002
44.0 0.8469805527000001 0.1899159664 0.10849539400000001 0.1344537815
40.0 0.9388433982000001 0.25294117650000003 0.0220061413 0.1798319328
5.0 0.9669907881 0.1848739496 0.0097236438 0.1714285714
0.0 0.5161207779 0.7109243697000001 0.0905834186 0.023529411700000002
26.0 0.5133060389 0.5949579832 0.039918116600000005 0.18823529420000001
26.0 0.5158648925 0.8193277311 0.0532241556 0.2
40.0 0.5481064484 0.9016806722 0.0245649949 0.1731092437
2.0 0.59160696 0.694117647 0.025588536300000003 0.2420168067
40.0 0.6202661208 0.731092437 0.0296827022 0.21512605040000002
9.0 0.6642784033 0.6764705882000001 0.0378710338 0.12941176470000001
10.0 0.7006141249000001 0.6554621848000001 0.022517912 0.0369747899
17.0 0.7366939611000001 0.6000000000000001 0.039406346 0.1915966386
4.0 0.7791709314 0.543697479 0.0506653019 0.1428571428
11.0 0.8162743091 0.5857142857000001 0.0276356192 0.1798319328
15.0 0.8556806551 0.5932773109 0.0348004094 0.1210084034
5.0 0.8853633572 0.6117647059 0.010235414600000001 0.2050420168
