49.0 0.0474162408 0.39409722220000004 0.0880181715 0.2326388889
29.0 0.1578648496 0.4357638889 0.0681431005 0.2708333334
22.0 0.22544009080000002 0.41493055560000003 0.0613287905 0.10763888890000001
0.0 0.6269165247 0.49305555560000003 0.7200454288 0.0451388889
42.0 0.3957978422 0.0833333334 0.1022146507 0.1631944445
37.0 0.4792731403 0.3689236111 0.0352072686 0.109375
45.0 0.5153321976 0.4001736111 0.030096536000000004 0.0364583334
4.0 0.5724020443 0.1970486112 0.053378762 0.18923611110000002
11.0 0.6323111868 0.3003472222 0.0414537195 0.2777777778
15.0 0.6754684838 0.37847222220000004 0.0335036911 0.1215277778
10.0 0.7018739353 0.2803819444 0.0181714935 0.0121527777
48.0 0.7986939239 0.1032986111 0.0971039182 0.171875
37.0 0.9060193072 0.1163194444 0.0471323112 0.1701388889
42.0 0.3236797274 0.6145833333 0.1010789324 0.1736111111
37.0 0.4105621806 0.8880208334 0.0386144236 0.1024305555
45.0 0.4440658716 0.9270833334 0.029528676900000002 0.0381944445
4.0 0.5133446905 0.7300347222 0.0692788188 0.19965277780000001
11.0 0.5494037479 0.8472222222 0.0357751278 0.30208333330000003
15.0 0.587734242 0.9071180556 0.029528676900000002 0.1267361111
10.0 0.6161272004 0.8081597222 0.0170357751 0.015625
10.0 0.6766042022000001 0.6510416667000001 0.0221465077 0.0173611111
18.0 0.7126632595 0.6059027778 0.0340715502 0.1458333333
47.0 0.8214082908 0.6510416667000001 0.1266325951 0.1458333333
18.0 0.9074389552000001 0.5442708333 0.0261215219 0.109375
37.0 0.9735945486 0.6362847222 0.0425894379 0.1649305556
