22.0 0.06298003070000001 0.45238095240000004 0.064516129 0.1255411256
42.0 0.3494623656 0.4502164502 0.3056835638 0.354978355
39.0 0.25729646700000003 0.8376623377 0.0414746544 0.12554112550000002
45.0 0.3164362519 0.8116883116 0.061443932400000005 0.0562770563
1.0 0.4032258064 0.7424242424 0.06298003070000001 0.0822510822
0.0 0.831797235 0.5194805195000001 0.2626728111 0.0346320346
18.0 0.7711213518000001 0.2943722944 0.12288786480000001 0.3636363636
39.0 0.8940092166 0.36147186140000004 0.0829493088 0.2467532467
39.0 0.6682027650000001 0.8354978355 0.064516129 0.25108225100000003
9.0 0.7688172043 0.7835497836 0.0660522274 0.2510822511
3.0 0.8387096774 0.7554112554 0.027649769600000002 0.393939394
39.0 0.915514593 0.8116883117 0.07987711210000001 0.2207792208
6.0 0.9831029186 0.7619047619 0.027649769600000002 0.39826839820000004
