22.0 0.0438888889 0.663961039 0.0722222222 0.1136363637
42.0 0.2494444445 0.6704545454 0.19666666670000002 0.33441558450000003
25.0 0.3894444445 0.9237012987000001 0.034444444500000004 0.1136363636
45.0 0.4411111111 0.9123376624 0.06 0.0714285715
14.0 0.5044444444 0.9025974026 0.0311111111 0.12337662340000001
0.0 0.7722222222 0.7094155844000001 0.3644444444 0.042207792200000004
7.0 0.7683333333 0.3116883117 0.25 0.5974025974
39.0 0.8611111111 0.3441558442 0.0533333334 0.1363636363
10.0 0.9083333334 0.3344155844 0.045555555500000004 0.0324675324
14.0 0.9638888889 0.33766233760000003 0.05 0.2012987013
25.0 0.7561111111000001 0.8311688312000001 0.0433333334 0.13636363640000002
10.0 0.8138888889 0.8311688312000001 0.047777777800000004 0.025974026
14.0 0.8688888888 0.823051948 0.0511111111 0.17857142850000002
