27.0 0.0491918482 0.9222560976 0.0885453268 0.1432926829
42.0 0.2097680956 0.400152439 0.1496837667 0.23628048780000002
28.0 0.1198172874 0.6951219512 0.0498945889 0.1768292683
45.0 0.1781447646 0.7019817073 0.065354884 0.074695122
21.0 0.24595924100000002 0.649390244 0.0407589599 0.1493902439
9.0 0.2965565706 0.5396341464000001 0.044975404100000005 0.0884146341
0.0 0.6676036542 0.4618902439 0.5973295853 0.0335365854
0.0 0.44553759660000003 0.20426829270000002 0.0843288826 0.0152439024
26.0 0.4518622628 0.0952743902 0.0407589599 0.1539634147
26.0 0.4276177091 0.2919207318 0.042867182000000004 0.1631097561
28.0 0.47610681660000004 0.34984756100000003 0.0470836262 0.19664634150000002
49.0 0.6011946591 0.16463414640000001 0.0864371047 0.2439024391
2.0 0.721363317 0.21875000000000003 0.0344342937 0.300304878
18.0 0.7793394238 0.1676829268 0.056219255100000004 0.25
9.0 0.8468025299 0.1425304878 0.060435699200000005 0.12347560980000001
28.0 0.9142656360000001 0.2073170732 0.0590302178 0.2378048781
5.0 0.9750527056 0.1882621951 0.0302178497 0.2637195122
0.0 0.4915671118 0.6356707317 0.09908643710000001 0.012195122000000001
26.0 0.49262122280000004 0.5541158536 0.0379479972 0.1814024391
26.0 0.468376669 0.7195121952 0.0400562192 0.1554878049
28.0 0.5161630358 0.7713414634 0.0442726634 0.1768292683
50.0 0.7104708363000001 0.6341463415 0.2178496135 0.25
28.0 0.9167252284 0.6730182927 0.076598735 0.2850609756
