42.0 0.15170731710000002 0.6589147287 0.29170731710000003 0.2751937984
39.0 0.08390243900000001 0.9098837209 0.0702439024 0.1492248062
45.0 0.168292683 0.9001937984 0.0634146341 0.0639534883
17.0 0.2448780488 0.8439922480000001 0.0409756098 0.1220930233
7.0 0.6297560975000001 0.3246124031 0.6058536585000001 0.5484496124
0.0 0.7975609756 0.5610465117 0.39707317080000004 0.0988372093
19.0 0.6321951219 0.4757751938 0.050731707300000005 0.1802325582
39.0 0.7175609756 0.48740310080000004 0.09268292680000001 0.1802325581
9.0 0.8297560976 0.43895348840000004 0.0985365853 0.1027131783
16.0 0.9136585366000001 0.42926356590000003 0.04 0.1763565892
17.0 0.9731707317 0.40794573640000004 0.0497560976 0.1647286822
19.0 0.7063414634 0.6744186046 0.0487804878 0.1821705427
39.0 0.7907317073 0.6686046512 0.0887804878 0.1937984496
10.0 0.8780487805 0.6579457364 0.0448780488 0.0290697675
20.0 0.9317073170000001 0.6288759690000001 0.0546341463 0.1686046512
