42.0 0.108778626 0.4555785124 0.1660305343 0.2954545454
33.0 0.0419847328 0.6621900826 0.0248091603 0.0971074381
45.0 0.0877862596 0.6621900826 0.0591603053 0.076446281
1.0 0.1550572519 0.6477272727000001 0.0467557252 0.059917355400000004
0.0 0.6369274809000001 0.4607438016 0.7127862596 0.0909090909
43.0 0.41125954200000003 0.2231404959 0.2251908397 0.3512396694
18.0 0.6054389313 0.3367768595 0.090648855 0.26033057860000003
13.0 0.643129771 0.2892561984 0.0114503816 0.1611570247
14.0 0.7752862596000001 0.1756198347 0.1135496183 0.3140495868
43.0 0.4021946565 0.7076446281000001 0.2585877862 0.402892562
19.0 0.5620229007 0.7944214876 0.0820610687 0.20041322320000002
15.0 0.6541030534000001 0.8440082645 0.0944656489 0.2582644628
19.0 0.8363549618 0.6446280992 0.11545801530000001 0.2933884297
