27.0 0.0670731708 0.8686868687 0.1268292683 0.1818181818
42.0 0.32560975610000004 0.3686868686 0.23902439020000002 0.28888888890000003
36.0 0.1963414634 0.6777777778 0.1170731708 0.1797979798
45.0 0.30000000000000004 0.6888888889 0.09268292680000001 0.0525252526
21.0 0.4121951219 0.6727272728 0.0804878049 0.1858585859
9.0 0.5073170732 0.5717171718 0.0707317073 0.1494949495
0.0 0.7664634146 0.4383838384 0.4109756097 0.0242424242
0.0 0.7707317073000001 0.22020202020000001 0.0951219512 0.0161616162
21.0 0.7701219512 0.10909090910000001 0.0890243902 0.202020202
36.0 0.7890243902 0.30909090910000003 0.1585365853 0.1656565656
0.0 0.8146341464 0.7888888889 0.1902439025 0.034343434400000004
16.0 0.7682926830000001 0.6646464646 0.0804878049 0.22626262630000002
36.0 0.7762195122000001 0.8969696970000001 0.14512195120000002 0.1939393939
