42.0 0.11754385960000001 0.3546195652 0.20701754390000002 0.2581521739
40.0 0.298245614 0.6671195652 0.0397660819 0.1929347826
45.0 0.3421052632 0.5720108696 0.0456140351 0.0625
1.0 0.4046783626 0.5298913044 0.049122807000000004 0.0760869565
0.0 0.7830409356 0.40625000000000006 0.36608187130000003 0.0516304348
0.0 0.7105263158 0.1875 0.12748538010000002 0.027173913
19.0 0.6760233918 0.1046195652 0.0374269006 0.1222826087
12.0 0.7105263158 0.1263586957 0.03625731 0.1005434783
17.0 0.7578947368000001 0.1195652174 0.0491228071 0.097826087
40.0 0.7187134503 0.2663043478 0.0385964912 0.1413043478
0.0 0.6602339182 0.6535326087000001 0.2678362573 0.0461956522
14.0 0.7233918128 0.5760869565 0.0526315789 0.1141304348
14.0 0.6081871345000001 0.8586956522 0.0421052632 0.1032608696
7.0 0.752631579 0.8247282608000001 0.20701754390000002 0.3451086957
39.0 0.8280701754 0.8668478261 0.0350877193 0.0815217392
