49.0 0.0351382489 0.49806949800000005 0.0656682027 0.1428571429
35.0 0.1198156682 0.4922779923 0.0357142858 0.1737451738
22.0 0.1633064516 0.48359073360000004 0.03859447 0.0598455598
0.0 0.6226958525 0.4372586872 0.75 0.1061776061
42.0 0.2963709678 0.1853281853 0.07315668210000001 0.11196911200000001
33.0 0.3611751152 0.3861003861 0.0207373272 0.1003861004
45.0 0.3977534562 0.36583011590000003 0.042050691200000004 0.0868725869
4.0 0.45766129040000003 0.2036679536 0.0443548387 0.1293436293
11.0 0.5328341014 0.2403474904 0.08179723500000001 0.2915057915
14.0 0.5766129032 0.3098455598 0.0380184332 0.1447876447
10.0 0.6100230415 0.195945946 0.0311059908 0.0173745173
44.0 0.741359447 0.0926640926 0.1451612904 0.1081081081
33.0 0.859735023 0.054054054000000004 0.0247695853 0.1042471043
42.0 0.2379032258 0.7007722008 0.0794930876 0.11196911200000001
33.0 0.2937788019 0.9179536680000001 0.0195852535 0.1061776061
45.0 0.3303571428 0.8996138996 0.040898617500000005 0.0888030888
4.0 0.39429723510000003 0.7413127413 0.0478110599 0.13899613900000002
11.0 0.4559331797 0.7712355212 0.077764977 0.2606177606
14.0 0.489343318 0.86003861 0.0328341014 0.1409266409
10.0 0.5262096774 0.7480694981 0.0293778802 0.0173745174
10.0 0.6010944701000001 0.6525096525 0.031682027700000004 0.027027027000000002
17.0 0.6468894009 0.6032818532 0.0437788018 0.1525096525
50.0 0.7724654378 0.6052123552 0.14746543780000002 0.16023166020000001
17.0 0.8614631336 0.46428571430000004 0.0443548387 0.1563706564
33.0 0.9409562212 0.6032818533000001 0.0282258064 0.0984555984
