42.0 0.1335034014 0.454248366 0.26360544210000003 0.5816993464
36.0 0.3163265306 0.8496732026 0.0510204082 0.23529411760000002
45.0 0.4098639456 0.7712418301 0.1020408163 0.11764705880000001
1.0 0.5476190476 0.6732026144000001 0.1020408163 0.2222222222
0.0 0.8562925170000001 0.4379084968 0.2295918368 0.06535947710000001
14.0 0.8358843538 0.2222222222 0.07653061230000001 0.3529411765
36.0 0.9107142857 0.2549019608 0.0391156462 0.23529411760000002
36.0 0.7789115646 0.7679738562 0.0442176871 0.22875817
9.0 0.8452380952 0.6960784314 0.061224489800000004 0.3594771242
3.0 0.893707483 0.7124183006 0.0119047619 0.4705882353
36.0 0.9319727892 0.7614379085 0.0442176871 0.22875817
6.0 0.9685374149 0.6895424836 0.0119047619 0.43790849670000004
