42.0 0.1166589968 0.36127744510000004 0.1265531523 0.3313373254
29.0 0.0260009203 0.8313373254 0.0299125633 0.18962075850000001
45.0 0.0529222274 0.878243513 0.035895075900000004 0.0958083832
4.0 0.11711919 0.6676646706 0.0676484123 0.22954091810000002
11.0 0.153014266 0.8273453094000001 0.023469857400000002 0.33333333330000003
18.0 0.1999539806 0.8712574850000001 0.038196042300000003 0.1696606787
0.0 0.609526001 0.44810379240000003 0.7570179475000001 0.017964071800000002
16.0 0.2715140359 0.2614770459 0.037735849 0.3952095808
50.0 0.4045098942 0.23952095810000001 0.1702715141 0.2754491018
19.0 0.5211688910000001 0.126746507 0.0253106305 0.1457085828
29.0 0.5849056604 0.2075848304 0.045098941600000005 0.3592814371
9.0 0.6343764381 0.22455089820000002 0.047399908000000004 0.24950099800000003
15.0 0.6852277956 0.2345309381 0.0423377819 0.24550898200000001
47.0 0.8092498850000001 0.2325349301 0.1449608835 0.2734530938
14.0 0.9079613438 0.11776447100000001 0.0266912103 0.1556886227
29.0 0.9756097561 0.1946107785 0.043258168400000005 0.3413173653
14.0 0.6270133456 0.6057884231 0.0529222274 0.2894211577
