42.0 0.11729019210000001 0.44090909100000003 0.1941354904 0.5303030303
29.0 0.28463094040000003 0.6151515152 0.0717896865 0.3272727273
45.0 0.3791708797 0.6636363636 0.0970677452 0.1333333333
1.0 0.4762386248 0.5803030303 0.08088978770000001 0.16060606060000002
0.0 0.7593528817 0.5212121212 0.4307381194 0.060606060600000004
43.0 0.6951466128 0.3348484848 0.14863498490000002 0.4333333333
17.0 0.8119312436 0.3621212122 0.046511627900000005 0.2333333333
15.0 0.8549039434 0.3681818181 0.0394337715 0.2333333333
20.0 0.953488372 0.2 0.0505561173 0.290909091
43.0 0.7042467138 0.7181818182 0.1547017189 0.393939394
21.0 0.8104145602 0.7863636364000001 0.037411526800000004 0.2575757576
14.0 0.8690596562 0.8136363636 0.0576339737 0.2151515151
14.0 0.9635995956000001 0.6575757576 0.0626895855 0.2606060606
