42.0 0.0957049486 0.6231454006 0.1746031746 0.3620178042
29.0 0.27124183 0.8264094956 0.055088702100000005 0.2106824925
45.0 0.3338001868 0.8264094956 0.055088702100000005 0.09792284870000001
13.0 0.38608776850000004 0.8189910979 0.0102707749 0.2017804154
0.0 0.7530345472000001 0.6913946587 0.48832866480000003 0.0415430267
27.0 0.6302521008 0.5608308606 0.0560224089 0.1483679525
29.0 0.6876750701000001 0.3264094956 0.0382819795 0.2017804155
15.0 0.7595704948 0.1127596439 0.0513538749 0.2136498516
9.0 0.8356676004 0.5356083086 0.035480859000000003 0.12166172100000001
12.0 0.8870214752000001 0.5652818991 0.0410830999 0.1928783382
29.0 0.512605042 0.8635014837 0.0485527544 0.24925816020000002
9.0 0.5676937442000001 0.8338278932000001 0.035480859000000003 0.1305637982
10.0 0.6148459384 0.8427299703000001 0.0382819795 0.0356083086
14.0 0.675070028 0.7848664688 0.056022409 0.1750741839
46.0 0.8174603174 0.8382789318 0.1428571429 0.1513353115
29.0 0.97945845 0.8367952522000001 0.039215686300000004 0.2136498516
