42.0 0.11610169490000001 0.3651960784 0.1418079096 0.3921568627
29.0 0.0209039548 0.8627450980000001 0.024858757000000002 0.17156862750000001
45.0 0.0494350282 0.9375 0.0265536723 0.0612745098
4.0 0.1039548022 0.6654411765 0.0542372881 0.262254902
11.0 0.1734463277 0.7340686274 0.048587570600000005 0.4093137255
18.0 0.2062146892 0.8970588235 0.0237288135 0.18627450980000002
0.0 0.6019774012 0.45710784320000003 0.7960451977 0.0465686275
50.0 0.35282485880000003 0.262254902 0.1689265537 0.2990196079
19.0 0.4655367232 0.131127451 0.0248587571 0.2083333333
29.0 0.5375706214 0.22058823530000002 0.0412429379 0.3284313726
9.0 0.5901129944 0.2414215686 0.0378531073 0.1887254902
47.0 0.7135593221000001 0.28799019600000003 0.1412429379 0.2720588235
17.0 0.8242937853000001 0.112745098 0.0214689266 0.18137254900000002
29.0 0.9011299435000001 0.22303921570000002 0.0463276836 0.3333333334
14.0 0.5940677966 0.6151960784 0.040112994400000004 0.3039215686
