49.0 0.0569196428 0.3048780488 0.10788690470000001 0.2860310421
24.0 0.2079613096 0.3137472284 0.0572916667 0.2505543237
22.0 0.28125 0.344789357 0.0833333334 0.1175166297
0.0 0.7206101191000001 0.4822616408 0.5587797619 0.0598669624
42.0 0.43154761900000005 0.1053215078 0.12202380950000001 0.1929046563
28.0 0.5208333333 0.3636363636 0.0401785714 0.1862527716
45.0 0.5639880952 0.3492239468 0.03125 0.0687361419
14.0 0.6037946429000001 0.3170731707 0.0260416667 0.1463414634
9.0 0.6398809524 0.2073170732 0.03125 0.0953436807
0.0 0.7574404762 0.22172949 0.0803571428 0.022172949
26.0 0.7473958333 0.12527716190000002 0.0260416667 0.1086474501
26.0 0.7276785714 0.3059866962 0.029761904800000002 0.133037694
28.0 0.7667410714 0.3403547672 0.0379464286 0.1396895787
3.0 0.8132440476 0.199556541 0.007440476200000001 0.2394678492
49.0 0.8735119048000001 0.211751663 0.059523809500000004 0.1796008869
28.0 0.9538690476 0.2727272727 0.0416666667 0.1906873614
6.0 0.9869791667000001 0.2361419068 0.0066964286 0.2283813747
42.0 0.4534970238 0.6596452328 0.1138392857 0.1884700665
28.0 0.5498511905 0.8758314856 0.0446428571 0.1419068736
45.0 0.5892857143 0.8980044346 0.03125 0.0753880266
16.0 0.6290922619 0.8492239468 0.0230654762 0.1374722838
9.0 0.6633184524 0.7427937916 0.0290178572 0.1019955654
0.0 0.7648809524 0.7439024390000001 0.11309523810000001 0.0110864745
26.0 0.7756696429000001 0.6541019956 0.029017857100000002 0.133037694
26.0 0.7548363095 0.8082039912000001 0.0305059524 0.1175166297
28.0 0.7924107143 0.8481152994000001 0.038690476200000004 0.1485587583
18.0 0.8582589286000001 0.590909091 0.043898809500000004 0.1662971175
11.0 0.8947172619 0.6263858094 0.0379464286 0.2416851441
28.0 0.9356398810000001 0.7749445676000001 0.0424107143 0.1929046563
