42.0 0.10035523980000001 0.1909871245 0.19715808170000002 0.347639485
32.0 0.2673179396 0.5472103004000001 0.051509769100000005 0.1416309013
45.0 0.3348134991 0.5300429185000001 0.0763765542 0.0643776824
18.0 0.4280639431 0.5557939914 0.053285968100000004 0.1759656652
0.0 0.6642984014000001 0.37339055790000003 0.4689165186 0.1459227468
32.0 0.8383658970000001 0.2253218884 0.0781527531 0.2017167382
3.0 0.6376554174 0.5600858369 0.0213143872 0.321888412
32.0 0.6998223802 0.6673819742 0.0781527531 0.2446351931
9.0 0.8055062167 0.6158798284 0.0905861456 0.2532188841
18.0 0.9280639432000001 0.643776824 0.09769094140000001 0.2575107296
6.0 0.9875666074 0.7017167382 0.0248667851 0.3991416309
