27.0 0.0393864014 0.8653421634 0.0671641791 0.16777041950000002
42.0 0.1355721393 0.43598234 0.09867330020000001 0.1832229581
28.0 0.2330016584 0.7019867550000001 0.0464344942 0.1986754967
45.0 0.28358208960000003 0.6898454746 0.0464344942 0.0949227373
19.0 0.346185738 0.6169977925 0.0406301824 0.1258278146
9.0 0.39966832500000005 0.4966887418 0.053067993300000005 0.1059602649
0.0 0.7653399668 0.48123620310000004 0.45771144280000003 0.0176600442
0.0 0.6592039801 0.2030905077 0.1708126036 0.013245033100000001
26.0 0.6517412935 0.09933774840000001 0.0530679934 0.17218543050000001
26.0 0.6293532338000001 0.2958057395 0.0580431177 0.1633554084
28.0 0.6770315091 0.36534216340000003 0.0472636816 0.2052980133
49.0 0.7877280266000001 0.174392936 0.0646766169 0.1854304636
28.0 0.8839137645 0.22295805740000002 0.049751243800000004 0.1942604856
0.0 0.5642620232000001 0.6710816777 0.0903814262 0.0132450332
26.0 0.5762852405000001 0.5761589404 0.051409618600000005 0.1677704194
26.0 0.5526533996 0.7836644591 0.053897180700000005 0.16777041950000002
28.0 0.6011608624 0.8377483444 0.0447761194 0.19205298010000002
2.0 0.6666666666000001 0.651214128 0.0215588723 0.1986754967
14.0 0.7002487562 0.6258278146 0.035655058 0.1434878587
9.0 0.7549751244 0.6203090508 0.0555555556 0.0971302428
49.0 0.8403814262 0.637969095 0.0638474296 0.1810154525
28.0 0.9373963516 0.6920529801 0.050580431200000005 0.1964679912
5.0 0.9709784412 0.6622516556 0.0165837479 0.2030905077
