42.0 0.14357937310000002 0.6199524941 0.24266936300000003 0.3800475059
32.0 0.0763397371 0.8871733966 0.049544995 0.1496437055
45.0 0.1380182002 0.8729216152 0.0637007078 0.0973871734
1.0 0.216380182 0.8432304038 0.0687563196 0.0950118764
0.0 0.6951466128 0.6888361046 0.5106167847 0.0237529691
7.0 0.6936299292 0.3467933492 0.6006066734000001 0.6318289786
32.0 0.6592517695 0.432304038 0.09302325580000001 0.26128266040000003
16.0 0.7305358948 0.2731591449 0.0455005055 0.19002375300000002
9.0 0.8124368048 0.336104513 0.07381193130000001 0.18289786230000002
20.0 0.9120323559 0.3574821852 0.0889787664 0.3206650831
32.0 0.669362993 0.8539192399000001 0.0768452983 0.2921615202
