42.0 0.0803689065 0.592689295 0.14888010540000002 0.37597911230000003
24.0 0.1880764163 0.8485639687000001 0.0494071146 0.27154047
45.0 0.2453886693 0.9203655352000001 0.0546772068 0.1227154047
4.0 0.331027668 0.6396866841000001 0.10079051380000001 0.27154047
11.0 0.4071146245 0.7127937337 0.0382081686 0.3550913838
18.0 0.4459815547 0.770234987 0.055335968400000005 0.2140992167
7.0 0.6630434782 0.3276762402 0.3287220027 0.6396866840000001
48.0 0.7364953887 0.3524804178 0.163372859 0.37597911230000003
24.0 0.8586956522 0.2571801566 0.0520421607 0.3524804177
9.0 0.9166666667000001 0.2428198434 0.040184453200000005 0.1827676241
14.0 0.9736495388 0.2389033942 0.050065876100000004 0.32114882510000003
