42.0 0.1570021882 0.464028777 0.23960612690000002 0.5755395684
39.0 0.3369803064 0.7967625899 0.0525164113 0.2122302158
45.0 0.4064551422 0.8291366906000001 0.0820568928 0.1330935251
1.0 0.49835886220000003 0.7464028777 0.0623632385 0.1043165468
0.0 0.7959518599000001 0.5809352518 0.3774617067 0.0395683454
3.0 0.7746170678000001 0.3093525179 0.0087527352 0.4964028777
39.0 0.8211159738 0.2949640288 0.06455142230000001 0.2661870504
6.0 0.8692560175 0.3093525179 0.0098468272 0.4964028777
15.0 0.693107221 0.7607913669 0.0842450766 0.30575539560000004
39.0 0.7746170678000001 0.8219424460000001 0.0743982495 0.2913669065
9.0 0.8626914661 0.7949640288 0.0995623632 0.2589928058
15.0 0.9562363238 0.7464028777 0.0743982495 0.2841726618
