42.0 0.09740932640000001 0.3025477707 0.16787564770000002 0.3694267516
39.0 0.2093264248 0.5700636943 0.0455958549 0.1337579618
45.0 0.2595854922 0.5812101911 0.061139896400000004 0.1050955414
18.0 0.3264248704 0.5573248408 0.0435233161 0.2038216561
9.0 0.378238342 0.4012738853 0.033160621700000004 0.1337579617
0.0 0.7492227979 0.5270700637 0.47461139900000004 0.194267516
16.0 0.5383419689 0.24522293 0.050777202 0.2738853503
39.0 0.5979274612000001 0.33121019100000004 0.0559585493 0.17197452230000002
16.0 0.650777202 0.1178343949 0.0393782383 0.2165605096
9.0 0.7077720207 0.34394904460000003 0.0476683938 0.1847133758
10.0 0.7658031088 0.3359872612 0.045595855000000005 0.0286624203
19.0 0.8227979275 0.32961783440000003 0.0476683938 0.27707006370000004
39.0 0.8740932642 0.4124203822 0.0507772021 0.1751592357
14.0 0.9264248704 0.194267516 0.037305699500000004 0.1974522293
3.0 0.6383419689000001 0.7117834395 0.0186528498 0.3853503184
39.0 0.6844559586 0.719745223 0.0590673575 0.17197452230000002
10.0 0.7352331606 0.6910828026 0.0445595855 0.0318471337
19.0 0.7953367876 0.6799363058 0.048704663200000005 0.2579617835
6.0 0.8295336788000001 0.7914012738 0.0196891191 0.4108280255
