42.0 0.12464887640000001 0.425925926 0.1313202248 0.3561253561
25.0 0.0179073034 0.9472934473 0.0231741573 0.0997150998
45.0 0.0516151685 0.9487179488 0.0358146067 0.0968660969
4.0 0.12113764040000001 0.6666666667000001 0.06952247190000001 0.1880341881
11.0 0.1825842697 0.7435897436000001 0.0435393259 0.4387464388
21.0 0.2338483146 0.8846153846 0.0337078652 0.18518518520000002
46.0 0.3665730337 0.3917378917 0.1530898876 0.1965811966
18.0 0.4768258427 0.1125356125 0.036516854 0.1965811966
25.0 0.5639044944 0.3988603988 0.0407303371 0.1880341881
9.0 0.6211376404 0.3774928775 0.0470505617 0.225071225
47.0 0.7693117977 0.3917378917 0.1650280899 0.1965811966
15.0 0.8830758427000001 0.1068376068 0.0372191012 0.1965811966
25.0 0.9669943820000001 0.3888888889 0.044943820200000005 0.1737891738
