42.0 0.0573989321 0.3778467909 0.10488176960000001 0.2753623188
8.0 0.12967200610000001 0.6035196688000001 0.0343249428 0.2587991719
45.0 0.17810831430000001 0.6066252588000001 0.0327993898 0.0703933748
36.0 0.21472158660000001 0.5869565218 0.0274599542 0.1842650103
0.0 0.6197559116 0.6314699793 0.7185354691 0.21946169780000002
2.0 0.2734553776 0.24120082820000002 0.0190694127 0.2546583851
7.0 0.3220823798 0.2805383023 0.0797101449 0.4616977226
39.0 0.3621281464 0.24948240160000001 0.0225019069 0.1718426501
9.0 0.3916857361 0.2163561077 0.0312738368 0.1138716356
7.0 0.4538520214 0.28674948240000003 0.09000762770000001 0.4575569358
23.0 0.491037376 0.2577639752 0.0301296721 0.1511387163
5.0 0.5154462242 0.2463768116 0.0148741419 0.2525879918
2.0 0.5318459192 0.2432712216 0.019450800900000002 0.2587991719
7.0 0.5881006865 0.2277432712 0.0907704042 0.3933747412
39.0 0.6231884058 0.25362318840000003 0.0274599542 0.1759834368
9.0 0.6496948894 0.2173913044 0.031655225 0.11594202890000001
10.0 0.676201373 0.251552795 0.0205949656 0.0351966874
16.0 0.7036613272000001 0.2422360248 0.0282227307 0.2236024845
7.0 0.7704042716 0.2784679089 0.0968726163 0.4451345756
23.0 0.8011060259 0.25362318840000003 0.028604119 0.1469979296
5.0 0.8232265446 0.2215320911 0.0110602593 0.21946169780000002
2.0 0.8394355454 0.2360248447 0.0152555302 0.248447205
8.0 0.8829138062 0.2670807454 0.0327993897 0.2484472049
9.0 0.9265827612 0.2173913044 0.0247902365 0.11594202890000001
36.0 0.9626239512 0.251552795 0.0274599542 0.1759834369
5.0 0.984935164 0.2463768116 0.0133485888 0.2525879918
7.0 0.5453852022 0.6915113872 0.0854309687 0.4099378882
39.0 0.5829519451 0.698757764 0.025553013000000003 0.1677018634
9.0 0.6062166285 0.6645962733 0.025553013000000003 0.1118012422
12.0 0.638443936 0.6894409938 0.0236460717 0.2360248447
7.0 0.7070938215 0.7194616978 0.0983981694 0.43271221530000004
23.0 0.7332189169000001 0.7091097309000001 0.0240274599 0.1511387163
