42.0 0.10513141420000001 0.4448275862 0.2040050063 0.4620689656
39.0 0.042553191500000004 0.8655172414000001 0.048811013800000004 0.24137931040000002
45.0 0.107321652 0.9051724138 0.055694618300000005 0.1551724138
1.0 0.1714643304 0.8051724138 0.0563204005 0.148275862
7.0 0.445244055 0.401724138 0.3548185231 0.7827586207
39.0 0.4483729662 0.4810344828 0.0869837296 0.35517241380000003
9.0 0.5234668336 0.4810344828 0.055694618300000005 0.2448275862
18.0 0.6032540676 0.4465517241 0.0600750938 0.4655172414
9.0 0.6717772216 0.4810344828 0.055694618300000005 0.25172413790000003
10.0 0.7352941177 0.47758620690000003 0.042553191500000004 0.058620689600000005
15.0 0.7872340426000001 0.3965517242 0.0488110137 0.3241379311
7.0 0.8914267834 0.425862069 0.1282853567 0.7275862069
39.0 0.9615143930000001 0.45 0.0744680851 0.3413793104
