42.0 0.0805184603 0.40199335550000004 0.15475255300000001 0.3122923588
40.0 0.1916732129 0.7973421927000001 0.0282796544 0.2790697674
45.0 0.2352710134 0.6561461794 0.0369206599 0.08305647840000001
20.0 0.2827965436 0.6561461794 0.0251374706 0.1561461794
9.0 0.32717989000000003 0.41694352160000003 0.041633935600000005 0.1428571428
0.0 0.7384131972 0.4800664452 0.4964650432 0.07641196010000001
0.0 0.7168106834 0.1594684385 0.0494893951 0.0199335548
15.0 0.7026708562 0.08305647840000001 0.0274941084 0.1594684386
40.0 0.7014925374000001 0.327242525 0.0219952867 0.23588039870000002
10.0 0.449332286 0.5548172758000001 0.0267085625 0.026578073100000002
19.0 0.48193244300000004 0.5631229235 0.0243519245 0.20265780730000002
47.0 0.5954438335000001 0.584717608 0.1272584446 0.1727574751
40.0 0.7187745483 0.6760797342 0.0267085624 0.23588039870000002
46.0 0.8385703064000001 0.6129568107000001 0.1296150825 0.21594684390000002
40.0 0.9528672428 0.7259136213 0.0298507463 0.3023255814
