42.0 0.14127546500000002 0.5459662289 0.1886625332 0.26641651040000003
28.0 0.2807794508 0.7363977486000001 0.0354295837 0.22326454040000002
45.0 0.3268379097 0.6951219512 0.0655447299 0.0731707317
1.0 0.406554473 0.6425891182 0.0637732506 0.0656660412
0.0 0.7741364039 0.4896810506 0.4180690876 0.06754221390000001
19.0 0.5349867139 0.21200750470000002 0.047829938 0.1838649156
49.0 0.6368467670000001 0.2242026266 0.0708591675 0.1519699813
28.0 0.7511071745 0.25609756100000003 0.049601417200000004 0.2607879925
15.0 0.7931798052 0.10412757980000001 0.0380868025 0.1707317073
0.0 0.8715677591000001 0.21200750470000002 0.0442869796 0.018761726000000003
17.0 0.8702391497 0.13320825520000001 0.0416297608 0.1500938087
28.0 0.8821966342 0.3367729832 0.038972542000000006 0.21200750470000002
0.0 0.7232063773 0.7307692308 0.11603188660000001 0.0281425891
21.0 0.7329495129 0.6247654784000001 0.0345438441 0.15009380860000002
16.0 0.6567759078000001 0.8621013134000001 0.0363153233 0.1181988743
7.0 0.7648361382000001 0.8442776735 0.1603188663 0.2439024391
39.0 0.8334809566 0.8658536585000001 0.0425155004 0.09568480300000001
