42.0 0.0613650595 0.5699481866 0.1202254226 0.3471502591
30.0 0.1590482154 0.8082901554 0.022542266800000002 0.12953367870000002
45.0 0.1875391358 0.8834196892 0.0319348779 0.0725388601
12.0 0.2319974954 0.7927461140000001 0.0319348779 0.1813471502
9.0 0.2570444584 0.6308290156 0.0219160927 0.06994818650000001
46.0 0.39323732 0.6450777202 0.1490294302 0.2797927461
30.0 0.5544771447 0.6126943005000001 0.0432060113 0.2720207254
7.0 0.794614903 0.4831606218 0.41077019410000004 0.9611398963000001
0.0 0.8343769568 0.6787564767 0.28240450840000003 0.03626943
30.0 0.7805259862 0.4481865285 0.0294301816 0.1813471502
2.0 0.8093299938 0.45725388600000005 0.0206637445 0.292746114
14.0 0.852222918 0.4417098446 0.0475892298 0.24093264250000002
9.0 0.8913587978 0.4261658031 0.0319348779 0.0958549222
10.0 0.9267376331 0.4844559586 0.0262993112 0.0310880829
30.0 0.9605510332 0.4417098446 0.0275516594 0.1735751295
5.0 0.9896681278 0.475388601 0.0169067001 0.2979274611
30.0 0.8694427051 0.8782383420000001 0.0281778334 0.18652849740000002
13.0 0.89323732 0.7448186528 0.010644959300000001 0.13730569950000002
