42.0 0.09383378020000001 0.4291465378 0.1461126005 0.2238325281
34.0 0.0532841823 0.6561996779 0.0315013404 0.1078904992
45.0 0.0941689008 0.6594202898 0.0382037534 0.0338164251
14.0 0.1424262734 0.6441223832 0.0395442359 0.1352657005
0.0 0.6092493298 0.5273752013 0.7573726541 0.040257649
0.0 0.30495978560000003 0.2971014493 0.1380697051 0.0177133655
26.0 0.293230563 0.18438003220000002 0.0315013404 0.1497584541
26.0 0.2717828418 0.3816425121 0.0368632708 0.154589372
34.0 0.3173592494 0.42190016100000005 0.0408847185 0.1513687601
2.0 0.3954423593 0.2479871176 0.0495978553 0.2286634461
7.0 0.6270107239 0.2351046699 0.413538874 0.4444444444
17.0 0.49296246650000003 0.0998389694 0.039544236 0.1449275362
16.0 0.5904825737 0.22946859900000002 0.046916890100000004 0.2657004831
34.0 0.6615281501 0.2769726248 0.0603217158 0.1964573268
9.0 0.7298927614 0.24396135260000001 0.0603217158 0.1497584541
21.0 0.7995978552 0.22302737520000002 0.046916890100000004 0.2173913044
10.0 0.8689678284000001 0.2640901771 0.0636729222 0.0225442834
20.0 0.9329758714 0.2367149758 0.054959785500000004 0.2576489533
5.0 0.9822386059 0.2987117552 0.034182305600000004 0.29146537840000003
0.0 0.3716487936 0.7375201288000001 0.1119302949 0.0161030596
26.0 0.36930294900000005 0.6376811594 0.0335120643 0.1706924316
26.0 0.3448391421 0.8405797102 0.034182305600000004 0.17069243150000002
34.0 0.3941018767 0.8542673108000001 0.042895442400000004 0.1239935588
2.0 0.46849865960000003 0.6731078905 0.046916890100000004 0.20611916260000002
0.0 0.5365281502 0.733494364 0.050268096500000005 0.0112721417
15.0 0.5405495978 0.6409017714 0.0435656837 0.1449275363
34.0 0.542225201 0.8228663446000001 0.0455764075 0.154589372
9.0 0.6270107238 0.7012882448000001 0.06903485250000001 0.1723027375
10.0 0.6980563002 0.7012882448000001 0.0596514745 0.0177133655
21.0 0.7590482573 0.6843800322 0.0489276139 0.24476650560000002
0.0 0.8317694370000001 0.7359098229000001 0.0563002681 0.0128824477
17.0 0.837466488 0.6103059581 0.0516085791 0.1771336554
14.0 0.8357908848000001 0.8349436393 0.046916890100000004 0.1690821256
5.0 0.9142091153 0.7906602254 0.042895442400000004 0.3574879227
