49.0 0.0443942814 0.525862069 0.07825432660000001 0.1954022989
39.0 0.1550037622 0.5704022988 0.036117381500000004 0.1178160919
22.0 0.1892400301 0.46839080460000004 0.0248306998 0.0862068966
0.0 0.5790067720000001 0.5316091954000001 0.8314522197 0.045977011400000004
42.0 0.3250564334 0.17959770120000002 0.0812641084 0.1522988505
38.0 0.39465763740000004 0.3635057471 0.0263355907 0.06609195400000001
45.0 0.4224981189 0.3318965518 0.0308502634 0.0775862069
0.0 0.4759217456 0.341954023 0.0519187359 0.0229885058
4.0 0.48231753200000005 0.2629310345 0.0255831452 0.09482758620000001
21.0 0.48419864560000003 0.4324712644 0.017306245300000002 0.12356321840000001
10.0 0.5346124906 0.158045977 0.0233258088 0.040229885
0.0 0.6346877351 0.1738505747 0.050413845000000006 0.0373563218
26.0 0.6339352897 0.0718390804 0.015801354400000002 0.0977011495
26.0 0.6245297216 0.2313218391 0.0195635816 0.0890804598
38.0 0.6459744168 0.2485632184 0.0248306997 0.060344827600000005
46.0 0.762979684 0.176724138 0.1068472536 0.1752873563
38.0 0.8762227238 0.2040229885 0.0323551543 0.09195402300000001
42.0 0.27389014300000003 0.7183908046 0.0887885628 0.13218390800000002
38.0 0.335214447 0.9166666667000001 0.0233258089 0.0632183908
45.0 0.3671933784 0.8908045977 0.033107599700000004 0.0862068966
0.0 0.43754702780000004 0.8965517242000001 0.018811136200000002 0.022988505700000002
4.0 0.4255079006 0.8261494252 0.0263355907 0.10632183910000001
14.0 0.4262603461 0.9497126437000001 0.0233258089 0.0890804598
10.0 0.47667419110000003 0.6997126437000001 0.021820918 0.025862069
0.0 0.546275395 0.7270114942 0.037622272400000004 0.034482758700000005
26.0 0.5759969902000001 0.6393678161 0.0142964635 0.1005747126
26.0 0.5677200902 0.790229885 0.0203160271 0.10919540230000001
38.0 0.5884123401 0.8060344828 0.024078254400000002 0.0660919541
10.0 0.6373212942 0.716954023 0.024078254400000002 0.0545977012
20.0 0.6790820166 0.6853448276 0.0383747179 0.1522988506
44.0 0.784800602 0.724137931 0.11437170810000001 0.1666666667
17.0 0.8653122648 0.5775862069000001 0.0180586907 0.09195402300000001
38.0 0.9330323552 0.7557471264000001 0.031602708800000004 0.0862068965
