42.0 0.1272026432 0.4915254238 0.24559471370000002 0.1848998459
29.0 0.0446035242 0.6124807396 0.0407488987 0.057010785800000005
45.0 0.1051762114 0.6309707242 0.056167400900000004 0.0385208012
1.0 0.1701541851 0.6147919877 0.0385462555 0.0554699538
0.0 0.5842511014 0.5254237288 0.2918502203 0.0277349769
21.0 0.3766519823 0.2473035439 0.08590308370000001 0.1926040062
0.0 0.563876652 0.29198767340000004 0.1850220264 0.0138674885
27.0 0.5011013216 0.2272727273 0.0814977974 0.10015408320000001
0.0 0.6305066079 0.1363636363 0.0605726872 0.020030816700000002
14.0 0.6029735683 0.060862866 0.058370044 0.11556240370000001
29.0 0.6024229075 0.1910631741 0.0484581498 0.0862865948
29.0 0.5308370044 0.4476117103 0.0572687224 0.1309707242
19.0 0.5941629956000001 0.3528505393 0.0429515418 0.1047765794
0.0 0.5198237886 0.7896764252 0.1828193833 0.016949152500000002
10.0 0.4746696036 0.7257318952 0.0704845815 0.009244992300000001
14.0 0.5567180616 0.7003081664 0.0715859031 0.1617873652
29.0 0.489537445 0.9345146379 0.0715859031 0.124807396
17.0 0.5424008811000001 0.8528505392 0.0451541851 0.1032357473
0.0 0.8909691630000001 0.5154083205000001 0.1563876652 0.0138674884
29.0 0.8496696036 0.406009245 0.1002202643 0.1463790446
21.0 0.9107929515000001 0.3089368259 0.0462555066 0.09399075500000001
29.0 0.8425110132 0.6363636364 0.1035242291 0.1571648691
18.0 0.9107929516000001 0.5662557781 0.0638766519 0.0816640986
