42.0 0.1658730158 0.542079208 0.3063492063 0.2673267327
41.0 0.06666666660000001 0.7190594059000001 0.0634920635 0.0915841584
45.0 0.1444444444 0.6893564356 0.07619047620000001 0.061881188100000005
1.0 0.2452380952 0.6695544554 0.0841269841 0.0717821783
0.0 0.6738095238 0.5420792079 0.6301587302 0.059405940600000005
10.0 0.5325396825000001 0.2747524752 0.1 0.0247524753
14.0 0.6682539682 0.2945544554 0.11428571430000001 0.18811881190000002
0.0 0.8626984127 0.2933168316 0.2492063492 0.0173267327
27.0 0.8103174603000001 0.2227722772 0.0555555556 0.0940594059
0.0 0.9468253968 0.0965346535 0.046031746000000005 0.0148514851
18.0 0.9103174603 0.0495049505 0.046031746000000005 0.09405940600000001
41.0 0.9126984127000001 0.14851485150000002 0.044444444400000005 0.0742574258
41.0 0.8523809524 0.448019802 0.0603174603 0.09405940600000001
15.0 0.9111111111 0.34777227720000004 0.044444444400000005 0.0866336634
0.0 0.7603174603 0.7896039604 0.2 0.0445544554
14.0 0.7563492063 0.7066831683 0.08095238090000001 0.1163366336
41.0 0.7095238096 0.9504950495000001 0.0603174603 0.09405940600000001
14.0 0.7738095238 0.8452970297 0.0523809524 0.0965346534
