42.0 0.0883211679 0.32745098040000004 0.1620437956 0.5137254902
32.0 0.1886861314 0.731372549 0.0313868613 0.3411764706
45.0 0.2204379562 0.7137254902 0.0321167884 0.1333333334
15.0 0.2616788322 0.6431372549000001 0.028467153300000003 0.25882352940000003
9.0 0.301459854 0.4254901961 0.032116788300000004 0.1921568628
48.0 0.4649635036 0.44117647060000004 0.1854014599 0.5294117647000001
47.0 0.6383211679 0.1745098039 0.1145985402 0.2392156863
2.0 0.75 0.1960784314 0.012408759200000001 0.3529411765
32.0 0.7828467153 0.24901960780000001 0.0372262774 0.3254901961
5.0 0.8003649635000001 0.18823529420000001 0.010948905200000001 0.3294117647
2.0 0.8791970803 0.42352941180000003 0.0255474452 0.6274509804
32.0 0.9321167883 0.6274509804 0.056934306600000005 0.7137254902
5.0 0.9843065693 0.4333333334 0.0211678832 0.6078431373000001
