49.0 0.0424366872 0.4986648865 0.08350444900000001 0.1455273698
39.0 0.1550308008 0.5146862484 0.0458590007 0.14018691590000001
22.0 0.23613963040000002 0.5126835781 0.06707734430000001 0.07476635520000001
0.0 0.6498973306 0.5453938584 0.6783025326000001 0.0360480641
42.0 0.4589322381 0.1008010681 0.1252566735 0.1588785046
29.0 0.3767967146 0.279706275 0.0253251198 0.1001335113
45.0 0.4202600958 0.285046729 0.0492813142 0.0520694259
0.0 0.48459958940000003 0.2870493992 0.0547570157 0.008010681
4.0 0.4958932238 0.23564753 0.0321697468 0.0680907877
14.0 0.5041067762 0.3484646195 0.0335386722 0.0987983978
10.0 0.5537303217 0.1855807744 0.012320328600000001 0.0080106809
47.0 0.7026009582 0.1361815754 0.1813826147 0.14419225630000002
29.0 0.849760438 0.09212283040000001 0.0499657769 0.1495327103
42.0 0.386036961 0.6949265687 0.1300479124 0.1668891855
29.0 0.3018480492 0.8604806408000001 0.0273785079 0.0814419225
45.0 0.3459958932 0.8785046729 0.052703627600000004 0.0507343124
0.0 0.4140999316 0.8831775701000001 0.057494866500000005 0.009345794400000001
4.0 0.4182067078 0.8271028037 0.031485284100000004 0.060080106800000005
21.0 0.423340178 0.9385847797 0.0212183436 0.08811749
10.0 0.47707049960000003 0.7810413886 0.0123203285 0.0080106809
10.0 0.5424366872 0.7056074766 0.023956194400000002 0.014686248300000001
15.0 0.5954825462000001 0.6742323098 0.0657084188 0.1682242991
48.0 0.7354551676000001 0.6875834446 0.1279945243 0.1575433912
20.0 0.8422313484 0.585447263 0.0335386722 0.0974632844
29.0 0.9315537304 0.6849132176 0.057494866500000005 0.1575433912
