42.0 0.0748709122 0.4576719576 0.13253012050000001 0.3915343915
24.0 0.17383821 0.8399470899 0.030981067100000002 0.2671957672
45.0 0.2125645439 0.9021164022 0.0349971314 0.13227513230000001
4.0 0.2736660929 0.6150793651 0.0596672404 0.3465608466
11.0 0.335915089 0.7169312169000001 0.030407343700000002 0.3121693122
14.0 0.36546184740000004 0.8439153439 0.0298336202 0.253968254
0.0 0.7286288009 0.5145502646 0.5393000574 0.0291005291
47.0 0.49942627650000004 0.3743386244 0.1267928858 0.25132275130000004
14.0 0.5886402754 0.1574074074 0.0275387264 0.2777777778
24.0 0.6551921974 0.32142857140000003 0.033275961 0.2301587302
9.0 0.6916236374 0.3584656084 0.0338496844 0.20370370370000002
47.0 0.8060814687000001 0.3637566138 0.1353987378 0.2354497355
20.0 0.8921399885 0.1494708994 0.033275961 0.2830687831
24.0 0.9584050488 0.3346560846 0.033849684500000005 0.2460317461
21.0 0.7030981067000001 0.6693121693 0.0315547906 0.2698412698
