42.0 0.07394569620000001 0.44088669950000003 0.1432697863 0.3990147784
40.0 0.019064124800000002 0.8583743842 0.0219526286 0.19950738910000002
45.0 0.0479491624 0.8706896552000001 0.0300404391 0.0862068965
20.0 0.0849220104 0.7943349754 0.030040439000000002 0.16502463050000002
9.0 0.11582900060000001 0.6588669951 0.025996533800000002 0.1157635468
0.0 0.30011554020000003 0.513546798 0.2120161757 0.027093596100000002
48.0 0.26372039280000004 0.18349753700000002 0.1334488735 0.3571428571
40.0 0.402368573 0.3078817734 0.0479491623 0.39408867000000003
40.0 0.310803004 0.6871921182 0.0450606585 0.3300492611
7.0 0.7039283651 0.3362068965 0.5181975736000001 0.5541871921
40.0 0.5921432698 0.4938423645 0.040439052600000004 0.342364532
2.0 0.6302715194 0.4815270936 0.026574234500000002 0.4852216748
14.0 0.6787983824 0.380541872 0.049682264600000005 0.2536945813
9.0 0.7414789139 0.4113300493 0.0491045638 0.1921182266
10.0 0.7952050838 0.4692118227 0.0433275563 0.0369458128
14.0 0.8523974581 0.41748768470000003 0.0537261698 0.30295566500000004
40.0 0.9067013288 0.525862069 0.0387059503 0.38669950740000003
5.0 0.9497400346 0.474137931 0.0277296361 0.3965517241
