42.0 0.0770006725 0.4251269036 0.14458641560000002 0.40862944170000004
40.0 0.1805648958 0.6637055838 0.0369872226 0.2969543147
45.0 0.2363819772 0.6522842639 0.0544720915 0.09644670050000001
15.0 0.2874915938 0.578680203 0.031607263000000003 0.2182741117
0.0 0.43039677200000004 0.48604060920000003 0.1950235373 0.017766497500000002
17.0 0.4414929388 0.3299492386 0.041022192400000004 0.2233502538
40.0 0.39071956960000004 0.7068527919 0.0403496974 0.2512690355
9.0 0.4384667115 0.6687817259000001 0.0484196368 0.154822335
17.0 0.48823133830000004 0.6243654822 0.0336247478 0.2233502538
0.0 0.746805649 0.4936548224 0.42703429730000003 0.027918781700000003
19.0 0.5813718897 0.2487309644 0.041022192400000004 0.2182741117
9.0 0.6334902489 0.2639593908 0.056489576300000004 0.1522842639
15.0 0.6778749159 0.23604060910000002 0.032279757900000004 0.19289340100000002
7.0 0.8520511097 0.19416243660000002 0.2905178211 0.3781725889
40.0 0.8369199731 0.31472081220000003 0.0369872226 0.2639593908
9.0 0.8876933423000001 0.269035533 0.0484196368 0.15736040610000002
14.0 0.9498991258 0.2626903554 0.0544720915 0.24111675130000002
14.0 0.6324815064 0.7538071066 0.0490921318 0.228426396
7.0 0.8110289173 0.7271573604 0.2730329522 0.423857868
40.0 0.8100201748 0.8236040609 0.0437121721 0.271573604
9.0 0.8597848016 0.7728426396 0.0544720914 0.1598984772
18.0 0.9061869536 0.7411167513 0.035642232600000004 0.2233502538
