42.0 0.1162109375 0.3662109375 0.22265625 0.271484375
39.0 0.2758789062 0.591796875 0.0400390625 0.1171875
45.0 0.3383789062 0.6025390625 0.0791015625 0.048828125
1.0 0.4184570312 0.5751953125 0.0673828125 0.068359375
0.0 0.7265625 0.48046875 0.47460937500000006 0.02734375
0.0 0.6186523438 0.283203125 0.1279296875 0.015625
26.0 0.62109375 0.19921875 0.04296875 0.140625
26.0 0.5971679688 0.3564453125 0.0400390625 0.130859375
39.0 0.6474609375 0.3935546875 0.044921875 0.126953125
14.0 0.7260742188 0.24023437500000003 0.0517578125 0.15625
13.0 0.7524414062 0.24023437500000003 0.0087890625 0.15625
49.0 0.8505859375 0.2353515625 0.103515625 0.23632812500000003
39.0 0.9707031250000001 0.263671875 0.048828125 0.16796875
0.0 0.6845703125 0.7177734375 0.15234375 0.025390625
26.0 0.6591796875 0.623046875 0.04296875 0.13671875
26.0 0.64453125 0.8173828125 0.052734375 0.177734375
39.0 0.6801757812 0.8125 0.0380859375 0.12109375
7.0 0.8295898438 0.73046875 0.1943359375 0.44921875
39.0 0.9331054688 0.6787109375 0.0498046875 0.150390625
