42.0 0.12368421060000001 0.5132743363 0.23684210530000002 0.37168141590000003
29.0 0.2907894737 0.8008849558000001 0.0421052632 0.26548672570000004
45.0 0.36447368420000004 0.8252212390000001 0.0815789474 0.1725663717
15.0 0.447368421 0.7920353982 0.0447368421 0.2300884956
10.0 0.47631578950000003 0.5110619469000001 0.0289473684 0.0309734514
0.0 0.7921052632000001 0.44911504420000004 0.3763157895 0.0663716815
29.0 0.6572368421 0.2765486726 0.0513157894 0.3495575221
2.0 0.7217105264 0.2632743362 0.0302631579 0.3495575221
29.0 0.7710526316 0.23893805310000002 0.0710526316 0.3274336284
9.0 0.8467105264 0.2455752213 0.0697368421 0.1902654867
12.0 0.925 0.23893805310000002 0.0710526316 0.2300884956
5.0 0.9796052632000001 0.232300885 0.0381578947 0.3584070797
3.0 0.7815789474 0.6924778761 0.0157894737 0.3584070796
29.0 0.8236842105000001 0.6438053097 0.0605263158 0.3141592921
6.0 0.8730263158 0.6792035398 0.0144736842 0.3584070796
