49.0 0.0445925166 0.4851330203 0.07175807270000001 0.23787167450000002
38.0 0.15274218350000002 0.45774647890000003 0.0738083034 0.1768388106
22.0 0.2303946694 0.46713615020000004 0.0497180932 0.0798122066
0.0 0.6235263968 0.520344288 0.7262942081 0.0297339593
42.0 0.3713480266 0.1267605634 0.0773962071 0.1846635368
32.0 0.42798564840000003 0.3990610328 0.0164018452 0.1189358373
45.0 0.4597642235 0.3888888889 0.037929267 0.0704225352
4.0 0.5328036904 0.2151799687 0.0794464377 0.1768388106
11.0 0.6004613019 0.34350547730000003 0.051768324000000004 0.3395931142
21.0 0.6191696566 0.3873239436 0.018452075800000002 0.09546165890000001
10.0 0.6427473091 0.29186228480000004 0.0225525372 0.0172143975
0.0 0.7078421322 0.1635367762 0.046130189700000004 0.0109546166
26.0 0.7255253717 0.10641627540000001 0.0220399795 0.0907668232
26.0 0.7134802666000001 0.2222222222 0.0205023065 0.0876369327
32.0 0.7355202460000001 0.2472613458 0.0174269605 0.1189358373
48.0 0.8454638646 0.1205007824 0.1184008201 0.1690140845
32.0 0.9261916966 0.1737089202 0.0215274219 0.1784037558
42.0 0.302409021 0.6291079812 0.0656073808 0.18153364630000002
32.0 0.3713480266 0.9014084507000001 0.021014864100000002 0.1158059468
45.0 0.4005638134 0.8943661972 0.037416709400000005 0.0704225352
4.0 0.47334700160000004 0.7370892019 0.0794464377 0.20031298900000002
11.0 0.5333162481 0.8317683881 0.0343413634 0.323943662
15.0 0.571501794 0.8904538342 0.0184520759 0.1001564945
10.0 0.59431061 0.7981220658 0.021014864100000002 0.0187793427
0.0 0.6558175294 0.6658841940000001 0.027165556100000002 0.0078247261
26.0 0.6752947206000001 0.6040688576000001 0.0189646335 0.0938967136
26.0 0.6660686828 0.7261345853000001 0.0199897489 0.0876369327
32.0 0.6893900564000001 0.7456964006 0.0194771912 0.1111111111
10.0 0.7303946694 0.6533646322000001 0.0287032292 0.0266040689
15.0 0.7639671963 0.6205007824000001 0.0240902102 0.1205007825
44.0 0.8669912866 0.6510172144 0.1266017427 0.1001564946
16.0 0.9366991286 0.5774647888000001 0.0199897489 0.1095461659
32.0 0.9874423372000001 0.6651017214 0.024090210100000002 0.1627543036
