0.0 0.5038167939 0.5820568928000001 0.9526717558000001 0.0962800875
42.0 0.1507633588 0.2472647702 0.10152671760000001 0.1794310722
39.0 0.24503816800000003 0.45842450760000003 0.0412213741 0.1334792123
45.0 0.28358778630000003 0.4452954048 0.0465648855 0.067833698
15.0 0.3335877862 0.4146608315 0.0320610687 0.124726477
9.0 0.3782442748 0.30525164120000003 0.0435114504 0.0853391685
0.0 0.47519083970000003 0.29759299780000004 0.10610687020000001 0.0175054704
26.0 0.5103053435 0.1870897155 0.0419847328 0.1772428884
26.0 0.4889312978 0.3971553611 0.0465648855 0.1684901531
39.0 0.5347328244 0.41903719910000004 0.040458015300000004 0.124726477
13.0 0.5984732824 0.22647702400000003 0.0244274809 0.2122538293
12.0 0.6465648855 0.2210065646 0.051908397 0.2056892779
17.0 0.7011450382000001 0.2407002188 0.0450381679 0.21881838080000002
49.0 0.7935114504 0.21663019700000002 0.07251908400000001 0.2100656455
39.0 0.913740458 0.2592997811 0.0641221374 0.2035010941
15.0 0.9698473282000001 0.0886214442 0.0465648855 0.1509846828
42.0 0.23053435120000002 0.6805251641000001 0.10839694650000001 0.1794310722
39.0 0.3194656488 0.9135667396 0.0389312977 0.1466083151
45.0 0.36259541980000004 0.9070021882 0.045801526700000005 0.0897155361
21.0 0.41717557250000004 0.8960612692000001 0.0374045802 0.1641137855
9.0 0.461832061 0.7483588622 0.045801526700000005 0.0743982495
0.0 0.5675572519000001 0.7582056893 0.0984732824 0.0153172866
26.0 0.6022900764 0.6553610503 0.0488549619 0.1772428884
26.0 0.5763358779000001 0.8512035011 0.0473282443 0.170678337
39.0 0.6244274809 0.8862144420000001 0.0442748092 0.14004376370000002
7.0 0.7809160306 0.7549234136 0.20458015270000002 0.43326039390000004
40.0 0.8450381680000001 0.7811816193000001 0.045801526700000005 0.2538293217
