49.0 0.049595141700000005 0.2761578044 0.0840080972 0.2813036021
40.0 0.1482793522 0.3833619211 0.0536437247 0.25557461400000003
22.0 0.19357287450000002 0.3267581475 0.048076923 0.10463121780000001
0.0 0.607034413 0.5394511149 0.7778340081 0.2898799314
42.0 0.34387651820000004 0.1166380789 0.0855263158 0.22641509440000002
39.0 0.4129554656 0.3662092624 0.0273279352 0.1355060035
45.0 0.45647773280000004 0.38507718700000004 0.04048583 0.07375643230000001
4.0 0.5285931174 0.25814751280000003 0.0592105263 0.1629502573
11.0 0.58451417 0.31132075470000004 0.0475708502 0.22126929680000001
19.0 0.6062753036 0.4193825043 0.028340080900000002 0.1560891938
10.0 0.6394230769 0.32161234990000004 0.0177125506 0.0154373928
10.0 0.6920546558 0.24442538590000001 0.0187246963 0.0154373928
16.0 0.725708502 0.23156089200000002 0.042510121500000005 0.12006861070000001
50.0 0.8092105264 0.29416809600000005 0.0931174089 0.16981132070000002
14.0 0.8889170040000001 0.1963979417 0.0227732793 0.13893653520000002
39.0 0.9385121458000001 0.35420240140000003 0.026821862300000002 0.1423670669
42.0 0.2674595142 0.6166380789 0.0946356275 0.24185248720000002
39.0 0.33906882590000004 0.8602058319 0.0344129554 0.1457975986
45.0 0.3838562753 0.8799313894 0.048076923 0.0926243568
4.0 0.4519230769 0.7538593482 0.059716599200000005 0.1972555746
11.0 0.4972165992 0.8164665523 0.0379554656 0.24356775300000003
14.0 0.5182186234 0.8885077187 0.026315789500000002 0.1578044596
10.0 0.5488360324 0.7864493996 0.0156882591 0.0188679245
19.0 0.6126012145 0.6869639794 0.026821862300000002 0.1629502573
46.0 0.6950910931000001 0.7229845626 0.09665991900000001 0.13893653520000002
18.0 0.7689777328 0.6432246998000001 0.0308704454 0.1509433962
39.0 0.8221153846 0.7701543739000001 0.0268218624 0.1234991424
47.0 0.8997975708 0.7984562608 0.08906882590000001 0.1629502573
39.0 0.9822874494 0.8181818182 0.0273279352 0.13379073760000001
