42.0 0.1322482198 0.44021739130000004 0.2502543235 0.42934782600000004
41.0 0.2980671414 0.7540760870000001 0.0528992879 0.1875
45.0 0.3570701932 0.7404891304 0.0610376399 0.0896739131
20.0 0.4328585962 0.6929347826000001 0.0559511699 0.2173913044
10.0 0.48880976600000003 0.5611413044 0.0457782299 0.035326086900000005
0.0 0.7797558494 0.5597826087000001 0.37538148530000004 0.027173913
27.0 0.7212614446000001 0.43206521740000003 0.0528992879 0.1956521739
10.0 0.7680569684 0.254076087 0.0406917599 0.0298913043
16.0 0.8163784334 0.2377717392 0.0457782299 0.24728260870000002
41.0 0.8636826042 0.26766304350000003 0.0427263479 0.1711956522
41.0 0.6500508647000001 0.8288043478 0.0671414038 0.222826087
2.0 0.7146490336 0.7961956522 0.039674465900000004 0.2826086957
41.0 0.7716174975000001 0.8233695652 0.0701932859 0.2173913044
9.0 0.8321464904 0.7839673913 0.0386571719 0.2092391304
13.0 0.8758901322 0.7812500000000001 0.0264496439 0.2690217392
14.0 0.9170905392 0.6820652174 0.0661241099 0.2065217392
5.0 0.976093591 0.8369565218 0.0254323499 0.29891304350000003
