49.0 0.049859155 0.4418145956 0.0738028169 0.2445759369
8.0 0.152112676 0.4270216962 0.0529577465 0.25049309670000003
22.0 0.24788732400000002 0.43293885600000004 0.0822535211 0.11242603550000001
0.0 0.6442253521 0.5591715976 0.7115492958 0.1045364891
42.0 0.4374647888 0.1548323472 0.09295774650000001 0.23076923070000002
29.0 0.5090140845 0.31065088760000004 0.0230985916 0.1755424063
45.0 0.5405633803000001 0.3343195266 0.034366197200000004 0.0650887574
0.0 0.5907042254 0.3471400394 0.0569014085 0.0157790927
4.0 0.6022535211 0.2712031558 0.036056338 0.14398422090000002
19.0 0.6064788732 0.40927021700000005 0.0366197183 0.10059171600000001
10.0 0.6569014084 0.18540433920000002 0.0225352113 0.019723865900000002
48.0 0.7523943662 0.1301775148 0.09521126760000001 0.19329388560000002
29.0 0.8611267606 0.1321499014 0.030985915500000002 0.2169625246
42.0 0.34 0.6538461538 0.08845070420000001 0.2268244576
29.0 0.4129577464 0.8037475345 0.0202816901 0.1637080868
45.0 0.44619718300000005 0.8392504931 0.033802816900000004 0.0690335306
0.0 0.4969014084 0.8510848126 0.0788732395 0.0177514793
4.0 0.5084507042 0.7889546351000001 0.0366197183 0.1499013806
21.0 0.5107042254 0.9309664694 0.0276056338 0.1262327416
10.0 0.5633802817 0.6873767258 0.022535211200000002 0.021696252500000002
10.0 0.6295774648 0.6715976332 0.032112676 0.0256410257
20.0 0.6769014084 0.6232741617 0.0523943661 0.1499013807
47.0 0.7991549296 0.6627218935 0.1369014084 0.1617357002
20.0 0.8892957746 0.5493096647 0.0411267605 0.1045364892
29.0 0.9546478874000001 0.6390532544 0.030985915500000002 0.22485207100000001
