42.0 0.052032520400000004 0.1782511211 0.0943089431 0.3116591928
30.0 0.1132791328 0.4966367713 0.027100271000000002 0.19058295960000002
45.0 0.1577235773 0.5179372197000001 0.0466124661 0.0538116592
4.0 0.2387533876 0.3677130045 0.0666666667 0.24215246640000002
11.0 0.2794037941 0.5179372198000001 0.0406504065 0.28699551570000004
20.0 0.308401084 0.5739910314000001 0.019512195200000002 0.1524663677
0.0 0.6807588076000001 0.5112107623000001 0.616802168 0.1479820628
0.0 0.4146341463 0.19058295960000002 0.0368563685 0.0179372197
26.0 0.41626016260000004 0.100896861 0.0162601626 0.13004484300000002
26.0 0.3978319784 0.2668161435 0.014092140900000001 0.12556053820000002
30.0 0.4203252032 0.27242152470000003 0.0222222223 0.1322869955
2.0 0.4653116532 0.182735426 0.0189701897 0.1771300448
46.0 0.5533875339000001 0.1973094171 0.101897019 0.1704035875
30.0 0.641192412 0.2242152466 0.0303523035 0.1793721973
9.0 0.6807588076000001 0.24215246640000002 0.033604336000000005 0.16591928250000001
10.0 0.7159891599 0.2813901346 0.026016260200000002 0.0112107623
14.0 0.7460704607 0.288116592 0.0298102981 0.0919282511
47.0 0.8482384824 0.3195067264 0.1094850948 0.1547085201
30.0 0.9368563686 0.3262331838 0.036314363100000004 0.20403587450000002
5.0 0.9674796748000001 0.3430493274 0.0119241192 0.2331838565
0.0 0.5021680216000001 0.7533632287 0.0243902439 0.0134529148
26.0 0.49539295400000005 0.653587444 0.0173441735 0.1367713005
26.0 0.4788617886 0.8273542601 0.0178861788 0.13004484300000002
30.0 0.5 0.8385650224000001 0.021138211400000002 0.14349775780000001
2.0 0.5517615176 0.7701793722 0.026016260200000002 0.2264573991
30.0 0.5894308943000001 0.735426009 0.0395663956 0.1793721973
9.0 0.6176151761 0.7589686099 0.0319783197 0.168161435
10.0 0.6514905149 0.8015695067 0.022764227600000003 0.0112107623
19.0 0.6829268292 0.8004484305 0.0249322493 0.13452914800000002
4.0 0.7495934959 0.687219731 0.081300813 0.3251121077
11.0 0.7948509485 0.7668161435 0.030894309000000002 0.2780269058
20.0 0.8333333333 0.8811659193 0.0200542005 0.19730941700000001
5.0 0.8612466124 0.8710762332 0.014092140900000001 0.2488789238
