14.0 0.0375880971 0.25147929 0.0720438528 0.3017751479
11.0 0.088880188 0.4053254438 0.0555990603 0.3668639053
21.0 0.1393891934 0.47485207100000004 0.0548159749 0.352071006
42.0 0.29326546600000003 0.4186390532 0.15896632730000002 0.3934911243
25.0 0.2388410336 0.8076923077 0.040720438500000004 0.2130177514
45.0 0.28386844170000003 0.8653846154 0.050900548100000005 0.1213017752
14.0 0.3606108066 0.7928994083 0.0602975724 0.2544378698
0.0 0.6922474549000001 0.5739644970000001 0.5544244323 0.0828402367
47.0 0.5908379013 0.2647928994 0.2545027408 0.3224852071
2.0 0.7685982772000001 0.2662721894 0.0258418168 0.5147928995000001
21.0 0.8379013313 0.2352071006 0.0657791699 0.3816568048
25.0 0.9209083790000001 0.2855029586 0.0610806578 0.3047337278
5.0 0.9749412686000001 0.273668639 0.0391542678 0.4467455621
15.0 0.7004698512 0.75147929 0.0649960846 0.3431952663
25.0 0.7654659358 0.8195266272 0.058731401700000005 0.2781065089
