42.0 0.0685817806 0.5678438662 0.1257763975 0.2583643123
32.0 0.16899585920000001 0.9265799256 0.024327122200000002 0.13940520450000002
45.0 0.1917701863 0.845724907 0.0263975155 0.0706319703
4.0 0.2445652174 0.5957249071 0.0636645962 0.18773234200000002
11.0 0.3369565217 0.6719330855 0.099378882 0.49628252780000004
16.0 0.4019151139 0.7407063197 0.025362318800000002 0.1133828996
0.0 0.7305900621 0.32713754640000003 0.5222567288000001 0.2230483271
14.0 0.46247412 0.2342007435 0.0377846791 0.16356877320000002
48.0 0.5403726708000001 0.20817843860000002 0.0807453416 0.1672862453
32.0 0.6203416150000001 0.2546468402 0.0284679089 0.1635687733
9.0 0.6609730849000001 0.1524163569 0.0517598344 0.1449814126
10.0 0.70626294 0.14869888480000001 0.0336438923 0.022304832700000003
17.0 0.7484472049 0.1171003718 0.045548654300000005 0.1710037175
47.0 0.8457556936 0.1013011152 0.1045548654 0.18401486990000002
32.0 0.9358178054 0.1384758364 0.0248447205 0.1765799257
14.0 0.5351966874 0.7063197026 0.0372670807 0.16356877320000002
32.0 0.5690993789000001 0.7973977695000001 0.0263975155 0.1821561338
9.0 0.6162008282 0.686802974 0.0574534161 0.1691449814
10.0 0.6599378882 0.6728624536000001 0.034161490600000004 0.022304832700000003
18.0 0.6995341615 0.624535316 0.0388198758 0.1747211896
4.0 0.7417184265 0.4275092936 0.0559006212 0.1598513011
11.0 0.8310041408000001 0.467472119 0.0822981366 0.4107806691
14.0 0.9042443064000001 0.5585501859 0.0383022774 0.1691449814
