42.0 0.15833333330000002 0.4574468085 0.30897435900000003 0.4113475178
34.0 0.37628205130000003 0.7854609929 0.067948718 0.23758865240000002
45.0 0.4397435898 0.7322695036 0.0538461539 0.0957446809
1.0 0.5134615384 0.670212766 0.0551282051 0.11347517730000001
0.0 0.8192307692 0.5478723404 0.3538461539 0.046099290800000005
14.0 0.7019230769 0.3280141844 0.0525641026 0.244680851
18.0 0.7878205128 0.3510638298 0.0782051282 0.24113475180000002
34.0 0.8891025641 0.3829787234 0.091025641 0.3191489362
18.0 0.967948718 0.1436170213 0.06410256410000001 0.1737588652
20.0 0.7262820513 0.7765957446 0.0653846154 0.27659574470000003
3.0 0.7839743589 0.7765957446 0.014102564100000001 0.27659574470000003
34.0 0.8487179487000001 0.8280141844000001 0.0871794872 0.2730496454
17.0 0.933974359 0.6613475178 0.0679487179 0.2304964539
6.0 0.9826923077 0.7890070922 0.008974359000000001 0.2943262412
