0.0 0.4845857418 0.5696040868000001 0.9431599230000001 0.0510855683
42.0 0.0662331406 0.2254150702 0.1315028901 0.23371647510000002
34.0 0.0168593449 0.39846743300000004 0.0231213872 0.0893997445
45.0 0.054913294800000005 0.414431673 0.0366088632 0.0881226053
15.0 0.10019267820000001 0.38697318010000004 0.0337186898 0.1507024266
0.0 0.2117052023 0.23946360160000002 0.10934489400000001 0.0089399745
26.0 0.20712909440000002 0.13346104720000002 0.037572254400000005 0.16985951470000002
26.0 0.18906551060000001 0.3301404853 0.040944123400000004 0.16475095780000001
34.0 0.2218208092 0.3480204342 0.0293834297 0.12899106
13.0 0.267822736 0.18646232440000002 0.0067437379 0.15581098340000002
12.0 0.2947976878 0.20753512130000001 0.0356454721 0.18518518520000002
50.0 0.41425818880000004 0.2228607918 0.1502890173 0.15708812260000002
2.0 0.5305876686000001 0.2388250319 0.0370905588 0.2222222222
14.0 0.58044316 0.17241379310000002 0.0385356455 0.18390804600000002
34.0 0.6158477842 0.21966794380000002 0.028420038600000003 0.1149425288
5.0 0.6616088632 0.23946360160000002 0.027456647400000003 0.2439335887
44.0 0.7562620423 0.23690932320000002 0.1175337187 0.1417624521
2.0 0.8562138728 0.24137931040000002 0.0370905588 0.22477650070000002
15.0 0.9142581888 0.18901660280000002 0.052023121400000004 0.1787994892
34.0 0.9523121388 0.22733077910000002 0.0317919075 0.1251596424
5.0 0.9891618497 0.20817369100000002 0.018786127200000002 0.20178799490000002
42.0 0.37764932560000003 0.6871008940000001 0.11464354530000001 0.19157088120000001
34.0 0.34489402700000005 0.9240102171000001 0.0240847784 0.098339719
45.0 0.3810211946 0.9278416348 0.034682081000000003 0.08045977010000001
14.0 0.4287090559 0.908045977 0.0337186898 0.1762452108
0.0 0.5303468208000001 0.7413793103 0.1088631984 0.016602809700000002
26.0 0.5303468208000001 0.6366538952 0.035645472000000004 0.16985951470000002
26.0 0.5086705202 0.8116219668 0.0346820809 0.1519795658
34.0 0.549132948 0.8397190294 0.0337186898 0.12899106
17.0 0.6071772639 0.7017879949 0.0390173411 0.18773946360000002
34.0 0.6567919075 0.7286079182 0.0332369942 0.1340996169
