42.0 0.07599431820000001 0.5303514377 0.1420454546 0.27476038340000003
24.0 0.16512784090000002 0.7316293930000001 0.0220170454 0.1533546326
45.0 0.1967329546 0.7460063898 0.0355113637 0.0670926518
12.0 0.2336647727 0.7380191694 0.015625 0.1405750799
9.0 0.25461647730000003 0.5255591054000001 0.0177556818 0.0862619808
0.0 0.6342329545000001 0.587859425 0.6988636363 0.10223642170000001
0.0 0.4524147727 0.3178913738 0.0724431818 0.0159744408
26.0 0.47088068180000003 0.2172523962 0.0241477273 0.1597444089
26.0 0.4598721591 0.4089456869 0.024857954600000003 0.1533546326
24.0 0.4847301136 0.41533546320000003 0.022017045500000002 0.1469648563
2.0 0.5308948864 0.285942492 0.0191761363 0.23322683700000002
16.0 0.5667613636000001 0.3178913738 0.0411931818 0.19488817900000002
9.0 0.6065340909 0.285942492 0.0227272728 0.11821086260000001
10.0 0.6342329546000001 0.3019169329 0.0198863637 0.0223642172
47.0 0.73046875 0.3051118211 0.104403409 0.1757188498
21.0 0.8050426136000001 0.1054313099 0.0191761363 0.1405750798
24.0 0.8682528409 0.2891373802 0.0291193182 0.19488817890000001
5.0 0.8966619318 0.2907348243 0.0205965909 0.24920127800000003
0.0 0.3451704545 0.7859424920000001 0.0482954545 0.019169329000000002
26.0 0.3806818182 0.6661341853 0.0213068182 0.1693290734
26.0 0.37322443180000003 0.8945686901000001 0.0262784091 0.1533546326
24.0 0.3963068182 0.8945686901000001 0.0198863636 0.1405750798
2.0 0.4428267046 0.7396166134000001 0.0191761363 0.214057508
50.0 0.5419034091 0.7571884984 0.1164772728 0.198083067
24.0 0.6548295454 0.7587859425 0.029829545500000002 0.2012779552
9.0 0.6843039773 0.7619808306 0.0234375 0.1309904153
24.0 0.7201704546000001 0.7555910544000001 0.0326704545 0.19488817890000001
46.0 0.8043323864 0.7731629393 0.0901988637 0.17891373800000002
14.0 0.8824573864 0.6182108626 0.0291193182 0.11821086260000001
24.0 0.9549005682 0.768370607 0.0276988636 0.214057508
5.0 0.9857954546000001 0.768370607 0.022727272700000002 0.25878594250000003
