42.0 0.1485294118 0.42578125 0.29313725490000003 0.4296875
38.0 0.3656862745 0.7812500000000001 0.07647058820000001 0.125
45.0 0.4382352942 0.787109375 0.0568627451 0.08984375
1.0 0.5215686274 0.7109375 0.0588235295 0.1171875
0.0 0.7696078432 0.51953125 0.30392156870000003 0.0390625
43.0 0.7088235294 0.22460937500000003 0.1568627451 0.37109375
20.0 0.8357843138000001 0.376953125 0.0617647059 0.23828125
18.0 0.8916666666 0.33203125 0.0343137255 0.171875
15.0 0.9700980392 0.203125 0.05 0.2265625
43.0 0.7328431372 0.755859375 0.1656862745 0.40234375
14.0 0.8455882353 0.828125 0.044117647 0.140625
14.0 0.887745098 0.826171875 0.038235294100000004 0.15234375
19.0 0.9696078431 0.658203125 0.0549019608 0.23828125
