42.0 0.1666666666 0.3947990543 0.2882352941 0.5059101655
34.0 0.1044117647 0.7423167849000001 0.044117647 0.2600472813
45.0 0.1617647059 0.7860520095 0.0509803922 0.0780141844
16.0 0.2220588236 0.7446808511 0.0421568627 0.1607565012
0.0 0.6745098039 0.4799054374 0.6000000000000001 0.014184397100000001
47.0 0.5754901961000001 0.2754137116 0.3588235294 0.4657210402
15.0 0.8676470588 0.31796690310000003 0.0745098039 0.26713947990000003
34.0 0.9583333333 0.2245862884 0.081372549 0.39716312060000003
50.0 0.562745098 0.7895981088 0.2764705883 0.30260047290000003
16.0 0.8318627451 0.7364066194000001 0.0656862746 0.2576832152
34.0 0.9279411765000001 0.7541371158 0.08725490200000001 0.4680851064
