10.0 0.042570951600000004 0.5422535211 0.0751252087 0.0352112676
16.0 0.1268781302 0.5299295774 0.08347245410000001 0.45422535210000003
42.0 0.33764607680000003 0.4595070422 0.1761268782 0.4894366197
41.0 0.2303839732 0.8591549296000001 0.0383973289 0.2535211268
45.0 0.28464106840000003 0.8732394366 0.0517529215 0.1197183098
10.0 0.3501669449 0.823943662 0.037562604400000005 0.021126760600000002
1.0 0.4236227046 0.7957746479000001 0.0492487479 0.1338028169
49.0 0.5797161936 0.48239436620000004 0.1260434057 0.5140845070000001
3.0 0.6961602671 0.4507042254 0.020033389000000002 0.5422535211
41.0 0.75 0.5686619718 0.0742904842 0.411971831
19.0 0.8251252087000001 0.21302816900000002 0.0525876461 0.1654929578
9.0 0.9085976628 0.471830986 0.0692821369 0.2957746479
13.0 0.9607679466000001 0.5211267606000001 0.0116861436 0.5492957747
6.0 0.9895659432 0.3996478874 0.0191986645 0.4753521127
