49.0 0.053571428600000005 0.4611940298 0.0965909091 0.22985074630000002
35.0 0.1716720779 0.44626865670000004 0.06574675320000001 0.1820895522
22.0 0.2197646104 0.47238805970000003 0.053977272800000003 0.08805970140000001
0.0 0.6030844156 0.5925373134 0.788961039 0.1313432836
42.0 0.3758116884 0.0888059702 0.1387987013 0.1656716417
32.0 0.4648944806 0.352238806 0.0304383117 0.1194029851
45.0 0.49573863640000004 0.3552238806 0.0336850649 0.056716418000000005
4.0 0.5570211039 0.1791044776 0.0750811688 0.1791044776
11.0 0.6233766234 0.2776119403 0.0592532468 0.3582089552
14.0 0.6341314935 0.3485074627 0.021509740200000002 0.1149253732
10.0 0.6501623376 0.24776119400000002 0.0170454545 0.0149253731
0.0 0.7278814935 0.1276119403 0.08076298700000001 0.0164179104
26.0 0.7197646103 0.0611940298 0.0247564935 0.1104477611
26.0 0.7053571429000001 0.180597015 0.0259740259 0.0985074627
32.0 0.7329545454 0.20597014930000002 0.0292207793 0.12238805970000001
44.0 0.833400974 0.10074626860000001 0.1124188312 0.1238805971
32.0 0.9224837662 0.1126865672 0.0405844156 0.1358208955
42.0 0.309862013 0.6567164179 0.11972402600000001 0.1970149254
32.0 0.4111201299 0.8910447761 0.0275974026 0.1134328358
45.0 0.44561688320000004 0.9029850746 0.0357142857 0.0626865672
4.0 0.5066964286 0.7350746268 0.0767045455 0.1955223881
11.0 0.5687905844 0.8171641791 0.054788961000000004 0.3059701492
15.0 0.5732548702 0.8865671642 0.0190746753 0.1044776119
10.0 0.5943587662 0.7850746268000001 0.0166396104 0.0059701493
0.0 0.6617288961000001 0.6701492538 0.0515422078 0.0149253731
26.0 0.6643668831 0.5902985074 0.0251623376 0.1029850747
26.0 0.6509740260000001 0.7201492538 0.026785714300000003 0.0940298507
32.0 0.6783685064 0.7440298508000001 0.0304383117 0.1179104477
10.0 0.7177353897000001 0.6634328358 0.0231331169 0.0223880597
15.0 0.7447240260000001 0.6552238806 0.034090909100000004 0.1492537314
48.0 0.8471996753000001 0.6626865672000001 0.1489448052 0.1701492537
18.0 0.9259334416 0.5776119402000001 0.0206980519 0.12238805970000001
32.0 0.9726055195000001 0.6619402985 0.038555194800000005 0.14179104480000002
