42.0 0.0850515464 0.5284697509 0.1391752578 0.32384341640000003
39.0 0.1945876288 0.8274021353000001 0.048969072100000004 0.2384341637
45.0 0.2628865979 0.8683274022 0.08247422680000001 0.1708185053
18.0 0.3363402062 0.7758007118 0.0352233677 0.3629893239
0.0 0.7117697594 0.8024911032 0.5077319587 0.1245551602
7.0 0.6516323024 0.44128113880000003 0.40463917520000003 0.6903914590000001
15.0 0.5128865979 0.1441281139 0.0463917526 0.2241992882
21.0 0.6146907216 0.3914590747 0.0386597939 0.2918149466
9.0 0.6645189004000001 0.44839857650000003 0.0403780069 0.177935943
16.0 0.7319587628 0.3896797153 0.0618556701 0.2882562278
39.0 0.8200171822000001 0.48398576520000003 0.0695876289 0.24911032030000002
9.0 0.8780068728 0.49822064060000004 0.0498281787 0.1992882562
20.0 0.9471649484 0.46263345200000006 0.0644329897 0.3345195729
39.0 0.6941580756 0.8950177936 0.056701031000000006 0.1886120996
