42.0 0.14166666660000002 0.3188405797 0.1983333333 0.3105590062
39.0 0.03 0.6645962733 0.031666666600000004 0.1200828158
45.0 0.0854166666 0.6459627329000001 0.0691666667 0.0786749482
0.0 0.19041666670000001 0.652173913 0.14250000000000002 0.033126294
4.0 0.19 0.5672877847000001 0.065 0.1449275362
18.0 0.2070833334 0.734989648 0.0391666667 0.1449275362
0.0 0.6425000000000001 0.3260869565 0.59 0.0641821946
46.0 0.5283333334 0.1935817806 0.2033333333 0.1552795031
39.0 0.7345833334 0.1770186335 0.0491666667 0.1801242236
10.0 0.7958333333000001 0.1811594203 0.055 0.0476190476
15.0 0.8520833334 0.13561076600000002 0.0508333333 0.2008281573
7.0 0.6195833334 0.6511387164 0.5208333333 0.6728778468000001
46.0 0.6270833334 0.5672877846000001 0.2091666667 0.1863354037
39.0 0.8195833333 0.5527950311000001 0.0475 0.2070393375
10.0 0.8820833334 0.5393374741 0.0491666667 0.0476190476
14.0 0.9545833334 0.4917184265 0.0758333333 0.22153209100000001
