42.0 0.103565365 0.3554006968 0.1731748727 0.6968641115
38.0 0.2372665534 0.6202090592 0.0755517827 0.3484320557
45.0 0.3191850594 0.6515679442 0.0814940577 0.2229965157
4.0 0.4346349746 0.6585365854 0.09507640070000001 0.3344947735
0.0 0.7860780985 0.49128919860000003 0.3820033956 0.0418118467
47.0 0.7160441426 0.30662020900000003 0.21816638370000002 0.4459930313
38.0 0.8968590832000001 0.2770034843 0.0755517826 0.3240418118
38.0 0.6078098472 0.6567944251000001 0.0797962648 0.3240418118
9.0 0.6752971138 0.6777003484 0.053480475300000004 0.2891986063
10.0 0.7270797962000001 0.6986062718 0.0415959253 0.031358885
15.0 0.7886247878 0.7038327526 0.0713073005 0.41114982580000003
4.0 0.9121392190000001 0.7073170732 0.084040747 0.3275261324
