42.0 0.034201123 0.6140552995 0.0632976008 0.22350230410000002
39.0 0.011740684000000001 0.9228110599 0.0142930066 0.0806451613
45.0 0.0334354262 0.9112903226 0.0290964778 0.0714285714
13.0 0.060490045900000004 0.9101382488 0.0158244002 0.0921658987
9.0 0.0755487494 0.7707373272 0.013272077600000001 0.08525345620000001
0.0 0.5505359878 0.4907834102 0.8938233793 0.3179723503
10.0 0.30985196530000003 0.4228110599 0.021439510000000002 0.034562212
20.0 0.3346094946 0.4158986176 0.0209290455 0.20046082950000002
48.0 0.4198570699 0.3951612903 0.08831036240000001 0.2096774194
39.0 0.5148034712 0.3894009216 0.0280755487 0.1797235023
50.0 0.6010719755 0.3467741936 0.10158244 0.1912442397
15.0 0.6653905054 0.1463133641 0.0158244002 0.1129032258
39.0 0.7266462481 0.2949308755 0.028075548800000003 0.15207373270000002
46.0 0.1750893313 0.8168202765 0.0949464012 0.2142857142
21.0 0.2281776416 0.6889400922000001 0.0091883615 0.1013824885
39.0 0.28228688100000005 0.7995391705 0.0296069423 0.1612903226
9.0 0.3052577846 0.7707373272 0.019397651800000002 0.1451612904
2.0 0.3392036753 0.7661290323000001 0.0260336907 0.2972350231
15.0 0.3626850434 0.7188940092 0.022970903600000002 0.18894009220000002
39.0 0.39433384380000003 0.7626728111000001 0.0260336906 0.1566820277
50.0 0.49515058700000003 0.7373271889 0.1153649821 0.1981566821
39.0 0.5847371108 0.7050691244 0.0290964778 0.1566820276
9.0 0.6174068402 0.6820276498000001 0.028075548800000003 0.15207373270000002
14.0 0.6564573762 0.6624423963 0.045941807 0.20046082950000002
5.0 0.6960183768 0.6347926267 0.0403266973 0.34792626730000004
47.0 0.8144461460000001 0.6221198157 0.1281265952 0.20737327190000002
19.0 0.8805513017000001 0.4965437788 0.025523226200000002 0.1221198156
39.0 0.9517611026 0.6152073733 0.0362429812 0.1797235023
