42.0 0.17794117650000002 0.5330882353 0.2941176471 0.3088235294
28.0 0.3588235294 0.8915441176000001 0.05 0.18014705890000002
45.0 0.4272058824 0.768382353 0.0779411765 0.1323529411
10.0 0.5036764706 0.7463235294 0.0279411764 0.044117647
1.0 0.6095588236 0.6930147059 0.0691176471 0.1213235294
0.0 0.8757352942000001 0.4264705882 0.2132352941 0.08088235290000001
3.0 0.8007352941 0.1488970588 0.030882353 0.2022058824
28.0 0.8544117647 0.27573529420000004 0.0647058824 0.2132352941
6.0 0.9044117647000001 0.125 0.0411764706 0.1985294118
19.0 0.830882353 0.5882352941 0.09411764710000001 0.2426470588
28.0 0.9323529412 0.7261029412000001 0.0617647059 0.2169117647
