42.0 0.0587074494 0.2403381642 0.1124814997 0.3454106281
31.0 0.1623088308 0.5132850242 0.0266403552 0.1521739131
45.0 0.1938825851 0.49879227060000003 0.0305870744 0.0893719807
20.0 0.23606314750000001 0.5060386474 0.0360138136 0.1666666667
9.0 0.2703502713 0.327294686 0.025653675400000003 0.11352657000000001
48.0 0.4008386778 0.2198067633 0.14060187470000002 0.309178744
0.0 0.5231869759000001 0.3031400966 0.061667488900000005 0.0217391304
14.0 0.5207202763000001 0.1570048309 0.0379871732 0.2222222222
31.0 0.5209669462000001 0.42028985500000005 0.0266403552 0.2125603865
7.0 0.7802170695 0.4939613527 0.4198322645 0.9541062802
31.0 0.6798223976000001 0.27657004830000004 0.0355204736 0.28743961360000003
2.0 0.7217562901 0.2379227053 0.025653675400000003 0.3164251208
20.0 0.7594967933 0.24516908210000002 0.0478539714 0.2777777778
9.0 0.8172175629 0.1871980677 0.0360138136 0.1908212561
10.0 0.8591514554 0.2185990338 0.0271336951 0.036231884
16.0 0.9015786877 0.1920289855 0.0478539714 0.2777777778
31.0 0.9536260484 0.2282608696 0.0325604341 0.2487922705
5.0 0.9869264924000001 0.1630434782 0.0241736557 0.2729468599
