42.0 0.1403033586 0.4431818182 0.269772481 0.2395104895
39.0 0.062296858000000004 0.6284965035 0.0509209101 0.1136363636
45.0 0.1170097508 0.6468531469000001 0.054171181000000006 0.06293706290000001
1.0 0.1923076923 0.6013986014 0.0660888408 0.0594405594
0.0 0.647887324 0.5061188811 0.6760563381 0.0437062937
7.0 0.6213434453000001 0.25611888110000003 0.4907908992 0.42482517480000004
39.0 0.6641386783000001 0.3277972028 0.0758396533 0.236013986
15.0 0.7253521127 0.21241258740000002 0.0444203684 0.1136363636
9.0 0.8163596966000001 0.2727272727 0.0790899241 0.1538461539
39.0 0.9144095341 0.2937062937 0.0693391116 0.1853146854
7.0 0.6381365114 0.7351398602 0.55687974 0.4737762237
15.0 0.661971831 0.7176573426 0.1040086674 0.2045454545
39.0 0.7665222102 0.7421328671 0.08992416040000001 0.1835664336
17.0 0.821235103 0.6617132867000001 0.0390032503 0.1171328672
10.0 0.8932827736000001 0.7456293706 0.0530877573 0.0192307692
16.0 0.9631635970000001 0.6905594406000001 0.0628385699 0.1993006993
