22.0 0.0351288056 0.5959885387 0.0608899298 0.1432664756
42.0 0.19906323180000002 0.5171919770000001 0.1686182669 0.3123209169
29.0 0.2974238876 0.6891117478000001 0.0452771272 0.2206303725
45.0 0.3368462139 0.7335243553 0.0429352068 0.06876790840000001
20.0 0.3797814208 0.6891117478000001 0.019516003100000002 0.1805157593
0.0 0.7107728338 0.44699140400000004 0.5253708041 0.1776504298
17.0 0.6670569868 0.2865329513 0.0757220921 0.2636103152
29.0 0.7513661202 0.2550143266 0.0757220921 0.3553008596
7.0 0.6834504294 0.6790830946 0.4051522249 0.5329512894
20.0 0.6389539422 0.7965616046 0.0335675254 0.2808022922
29.0 0.6955503513 0.7277936962 0.0702576112 0.3266475645
9.0 0.7642466823 0.7679083094 0.0671350508 0.1719197707
15.0 0.8341139734 0.723495702 0.0632318501 0.2378223496
10.0 0.9016393443 0.7392550143000001 0.043715847 0.034383954200000004
14.0 0.9644808744000001 0.6962750716 0.0616705699 0.2578796561
