42.0 0.1058275058 0.4722772277 0.10069930070000001 0.2554455446
29.0 0.013286713300000001 0.9128712872 0.0237762238 0.1346534653
45.0 0.044988345000000006 0.9346534654 0.0368298368 0.10297029710000001
4.0 0.1088578089 0.7049504951000001 0.0741258741 0.2653465347
11.0 0.1668997669 0.7396039604 0.0382284382 0.3900990099
17.0 0.2011655012 0.8455445544 0.021911421900000002 0.10297029710000001
0.0 0.6142191142 0.30891089110000003 0.7230769231 0.3683168317
48.0 0.5142191142 0.2346534654 0.10909090910000001 0.2831683169
29.0 0.6191142192 0.1297029703 0.0428904429 0.21188118820000001
10.0 0.668065268 0.1851485148 0.047552447500000004 0.0970297029
15.0 0.7263403264 0.1326732673 0.0354312355 0.2415841584
50.0 0.3337995338 0.5653465346000001 0.1622377622 0.2435643565
16.0 0.41305361300000004 0.44158415840000004 0.0205128205 0.11881188120000001
29.0 0.47109557100000005 0.48019801980000004 0.0358974359 0.2356435644
9.0 0.5247086247 0.4891089109 0.0461538462 0.22574257420000002
14.0 0.586013986 0.4742574258 0.055944056000000006 0.2435643565
44.0 0.6993006993 0.4376237624 0.1398601398 0.2613861386
29.0 0.8233100233 0.3207920792 0.043822843800000004 0.22574257420000002
10.0 0.8804195804 0.35940594060000003 0.0592074592 0.093069307
14.0 0.9375291376 0.300990099 0.0512820513 0.2178217822
