42.0 0.0776196636 0.330749354 0.1397153945 0.37209302320000004
25.0 0.022962483800000003 0.5904392765 0.0278137128 0.11627906980000001
45.0 0.0582147477 0.6343669251 0.0465717982 0.0801033592
17.0 0.10608020700000001 0.6111111111 0.0336351876 0.1627906976
0.0 0.5569210867000001 0.6330749354 0.7218628719 0.3824289406
2.0 0.2069857698 0.24160206720000002 0.0310478655 0.3281653747
25.0 0.2461190168 0.22609819120000002 0.048512289800000004 0.2093023256
10.0 0.2894566624 0.2441860465 0.026520051700000002 0.0335917312
15.0 0.3337645536 0.2144702842 0.053040103500000005 0.3049095607
5.0 0.3822768434 0.28294573640000004 0.0401034929 0.36434108530000003
2.0 0.4065329884 0.2971576228 0.0213454075 0.31524547810000003
7.0 0.6348641656 0.2054263566 0.392626132 0.4005167958
21.0 0.6054333764000001 0.369509044 0.0582147477 0.3772609819
25.0 0.6571798189 0.3708010336 0.0504527814 0.2093023256
9.0 0.7289780078 0.3785529716 0.0659767141 0.173126615
17.0 0.7949547219 0.4379844962 0.0724450194 0.3695090439
9.0 0.8560802070000001 0.4211886305 0.0653298836 0.17054263560000002
19.0 0.9227037516000001 0.4005167959 0.0666235446 0.29457364340000003
5.0 0.9747736093 0.5762273902 0.042690815 0.4909560724
15.0 0.4087968952 0.7248062016 0.056921086700000005 0.34366925070000004
25.0 0.46377749030000004 0.7726098191 0.0504527814 0.22739018090000002
9.0 0.5271668822 0.7713178294 0.056921086700000005 0.17829457370000001
18.0 0.5947606727 0.815245478 0.07050452780000001 0.3591731266
10.0 0.6468305304 0.8514211887 0.0258732212 0.0387596899
18.0 0.6998706339 0.819121447 0.064683053 0.2997416021
