42.0 0.233040201 0.3636363636 0.2399497488 0.2748414377
36.0 0.029522613000000003 0.6226215645000001 0.0489949749 0.12050739960000001
45.0 0.1551507538 0.6046511628 0.141959799 0.10570824520000001
10.0 0.2625628141 0.5813953488 0.0628140703 0.0126849895
1.0 0.40326633170000004 0.5665961945 0.0904522613 0.11839323460000001
0.0 0.7814070352 0.4038054968 0.364321608 0.016913319200000002
17.0 0.7167085427000001 0.2769556026 0.13944723620000002 0.2410147991
36.0 0.8216080402 0.32346723050000004 0.057788944800000006 0.1522198731
13.0 0.9038944724 0.11522198730000001 0.0263819095 0.2262156448
14.0 0.6369346734 0.6353065539 0.1155778895 0.24735729380000002
3.0 0.7217336684 0.712473573 0.0263819095 0.49471458770000004
36.0 0.8033919598 0.7145877379000001 0.0766331658 0.1564482029
15.0 0.8988693467000001 0.5221987315000001 0.07412060300000001 0.19450317120000002
6.0 0.9798994975 0.6997885836000001 0.0326633166 0.47780126850000004
