42.0 0.1127612761 0.3810483871 0.1628162816 0.5282258064
35.0 0.20654565460000002 0.6834677419 0.0324532453 0.2379032258
45.0 0.2384488448 0.7258064516 0.0324532453 0.120967742
0.0 0.30088008800000005 0.7560483871 0.0781078108 0.052419354800000005
4.0 0.31490649060000003 0.6370967742 0.0577557755 0.2177419354
20.0 0.308030803 0.8689516129 0.0319031903 0.19758064520000002
10.0 0.3693619362 0.49596774200000004 0.019251925200000002 0.0322580645
0.0 0.7186468647 0.6411290323000001 0.5374037404 0.2177419355
47.0 0.49889989 0.3024193549 0.1199119912 0.2661290323
21.0 0.5893839384 0.1592741936 0.0203520352 0.1895161291
35.0 0.6399889989 0.3104838709 0.0313531354 0.23387096770000002
2.0 0.6713421342 0.3225806452 0.024752475200000002 0.5887096774
20.0 0.7048954896 0.3729838709 0.033553355300000004 0.2298387097
35.0 0.7367986798 0.35483870970000003 0.029152915300000002 0.2258064516
9.0 0.7689768976 0.3487903225 0.0308030803 0.1814516129
2.0 0.7953795379 0.41129032260000004 0.015401540100000001 0.3467741936
14.0 0.8223322332 0.41129032260000004 0.0330033003 0.18548387100000002
4.0 0.8795379538 0.4495967742 0.0473047304 0.20564516130000002
5.0 0.9246424642000001 0.47983870970000003 0.0132013201 0.3629032258
16.0 0.9386688669000001 0.3225806451 0.0148514852 0.17741935490000002
5.0 0.9658965897 0.42741935480000004 0.0198019802 0.5161290323000001
21.0 0.7260726073 0.7822580645 0.022002200200000002 0.2338709678
