42.0 0.0993442623 0.35256410260000004 0.1055737705 0.2179487179
29.0 0.0140983606 0.8538461538000001 0.0268852459 0.1230769231
45.0 0.0439344262 0.8576923077 0.0314754098 0.0487179488
4.0 0.09737704920000001 0.6141025641 0.0478688524 0.1923076924
11.0 0.1593442623 0.7628205128000001 0.0629508196 0.2282051282
14.0 0.197704918 0.8717948718 0.015081967200000001 0.12820512820000002
0.0 0.6291803279 0.42948717950000004 0.6773770492 0.0487179487
19.0 0.2849180328 0.276923077 0.0452459016 0.2205128205
46.0 0.3947540983 0.31410256410000004 0.1140983607 0.2282051282
19.0 0.4819672131 0.1205128205 0.022295082 0.1333333334
29.0 0.5649180328 0.2743589744 0.0504918033 0.2102564103
9.0 0.6127868852 0.2628205128 0.04 0.1923076923
10.0 0.6544262295000001 0.282051282 0.0249180328 0.0461538461
19.0 0.6993442623 0.2628205128 0.0439344262 0.20256410260000002
44.0 0.8078688524000001 0.3051282051 0.1127868853 0.2153846154
16.0 0.8973770492 0.1205128205 0.017704918 0.1333333334
29.0 0.9737704918000001 0.2782051282 0.0459016394 0.2128205128
18.0 0.6259016394 0.558974359 0.0268852459 0.2358974359
