42.0 0.1815960912 0.5029411765 0.2915309446 0.47647058820000004
33.0 0.3925081433 0.7794117647000001 0.048859934800000004 0.1235294118
45.0 0.45195439740000004 0.7647058823 0.0700325733 0.1529411765
1.0 0.5521172638 0.694117647 0.0651465798 0.12941176470000001
0.0 0.8794788274 0.4323529412 0.1921824105 0.029411764700000002
3.0 0.7671009772 0.22058823530000002 0.013029316 0.3117647058
33.0 0.8110749185 0.2911764706 0.0488599349 0.1588235294
6.0 0.8517915309 0.2323529412 0.0065146579 0.3117647059
18.0 0.7711726384 0.6705882353 0.0635179153 0.3529411764
33.0 0.8395765472000001 0.7117647059000001 0.040716612400000005 0.1647058824
