42.0 0.099249659 0.5231213872 0.1725784447 0.4104046243
23.0 0.2182810368 0.9060693642000001 0.0286493861 0.12427745670000001
45.0 0.2530695771 0.8713872832 0.0477489768 0.0722543353
4.0 0.34242837660000003 0.5910404624 0.1064120055 0.39595375720000003
11.0 0.41746248290000004 0.6835260116 0.0272851296 0.4421965318
19.0 0.47714870400000003 0.7471098266 0.0211459755 0.10693641620000001
0.0 0.7537517054 0.2817919075 0.4338335607 0.2630057804
48.0 0.5743519781 0.19075144500000002 0.0832196453 0.2485549133
23.0 0.6691678035 0.2080924855 0.025920873100000002 0.1445086705
9.0 0.6984993179 0.1661849711 0.0272851296 0.18208092480000002
10.0 0.7332878582 0.1734104047 0.0218281037 0.0231213873
14.0 0.7653478854 0.161849711 0.0259208732 0.10982658960000001
47.0 0.8540245566 0.11271676300000001 0.0886766712 0.2023121388
23.0 0.9304229195 0.09104046240000001 0.0231923602 0.14161849710000002
23.0 0.6480218281 0.6921965318000001 0.0231923602 0.147398844
9.0 0.6831514325 0.637283237 0.0334242838 0.18208092480000002
10.0 0.7162346522 0.6560693641 0.0218281037 0.040462427700000005
18.0 0.7465893588 0.6184971098000001 0.022510232 0.1213872832
4.0 0.7929740791000001 0.36416184970000004 0.0811732606 0.27167630060000003
11.0 0.8465211460000001 0.4739884393 0.0177353342 0.27745664740000003
15.0 0.8799454297 0.549132948 0.0204638472 0.1271676301
