42.0 0.1823425022 0.339539007 0.3575865129 0.3705673759
40.0 0.0740905058 0.6267730496 0.0665483585 0.18262411350000002
45.0 0.1477373558 0.5824468086 0.0594498669 0.0514184397
1.0 0.2187222715 0.5744680851 0.047027506600000005 0.0531914894
0.0 0.6770186336 0.5035460992 0.6441881101 0.11347517730000001
17.0 0.4489795918 0.1631205674 0.06566104710000001 0.21985815600000003
18.0 0.5279503106 0.1675531915 0.0638864241 0.21099290780000002
49.0 0.7165039929 0.16489361700000002 0.2209405502 0.3191489362
40.0 0.9414374446 0.3865248227 0.11535048810000001 0.3191489362
7.0 0.7094055014 0.7632978724 0.3132209405 0.4627659575
39.0 0.7830523514000001 0.7535460993 0.1020408163 0.1737588652
