42.0 0.066149635 0.574204947 0.12135036490000001 0.22968197880000002
39.0 0.1651459854 0.7897526502000001 0.0237226278 0.1024734982
45.0 0.20164233580000002 0.7632508834 0.0328467153 0.0989399294
14.0 0.2554744526 0.7703180212 0.0328467153 0.1272084806
49.0 0.3708941606 0.5830388692 0.068430657 0.2402826855
0.0 0.6984489051 0.6077738516 0.5903284672 0.0636042403
14.0 0.5059306569 0.49116607780000004 0.031934306600000004 0.1342756183
2.0 0.5401459854 0.4469964664 0.0200729927 0.2367491166
7.0 0.7408759124000001 0.2526501766 0.34306569340000004 0.4416961131
39.0 0.730839416 0.5070671378 0.025547445300000002 0.10954063600000001
13.0 0.7545620438 0.2932862191 0.0091240876 0.1696113074
10.0 0.7947080292 0.4717314488 0.032846715400000004 0.0388692579
21.0 0.8266423358 0.49116607770000004 0.0218978102 0.14840989400000001
14.0 0.8622262774 0.49293286220000004 0.0310218978 0.13780918720000002
10.0 0.9019160584 0.4681978799 0.030109489000000003 0.031802120100000004
21.0 0.9388686132 0.4787985866 0.025547445300000002 0.1307420495
5.0 0.9680656934 0.4540636042 0.023722627700000002 0.24381625440000002
20.0 0.6656021898000001 0.6943462898 0.026459854 0.1448763251
39.0 0.697080292 0.7155477032 0.025547445300000002 0.10954063600000001
10.0 0.7312956204000001 0.6696113074000001 0.0301094891 0.0247349823
21.0 0.7677919709000001 0.6978798586 0.024635036500000002 0.1448763251
14.0 0.8010948905 0.6925795053 0.0310218978 0.1272084806
