42.0 0.0615509762 0.4772256728 0.1144251627 0.25051759830000003
37.0 0.0254880694 0.6935817806 0.0173535792 0.0952380953
45.0 0.046637744 0.6915113872 0.0249457701 0.049689441
15.0 0.079175705 0.6666666667000001 0.0184381778 0.1449275362
0.0 0.5656182213000001 0.5828157350000001 0.7819956616 0.1138716356
48.0 0.204989154 0.3053830228 0.100867679 0.1925465839
2.0 0.3001626898 0.3664596274 0.0211496746 0.3850931677
19.0 0.3554772234 0.251552795 0.048264642100000005 0.2298136646
37.0 0.4042841648 0.347826087 0.0287418655 0.1821946169
5.0 0.44793926240000004 0.35300207040000003 0.0368763557 0.3623188406
48.0 0.5279284164 0.317805383 0.09056399130000001 0.2091097308
2.0 0.64994577 0.3260869565 0.0460954447 0.33333333330000003
18.0 0.6854663775000001 0.2670807454 0.0444685467 0.25672877850000003
37.0 0.7269522776 0.3157349896 0.0287418655 0.1387163561
5.0 0.7611171367 0.33643892340000003 0.0254880694 0.3416149068
16.0 0.8077548807 0.1915113872 0.0460954446 0.2712215321
11.0 0.8202277657 0.2639751553 0.0298264642 0.2960662526
15.0 0.8600867679 0.3126293996 0.0347071584 0.2691511387
18.0 0.9048264642 0.1780538302 0.042841648600000004 0.2774327122
11.0 0.9398047722 0.2857142858 0.0401301519 0.3022774327
37.0 0.9739696312 0.3550724638 0.0292841649 0.1635610766
47.0 0.3665943601 0.801242236 0.1214750542 0.1697722567
2.0 0.4910520607 0.8209109731 0.0406724512 0.3498964804
15.0 0.5273861172000001 0.7732919254 0.0374186551 0.26708074530000003
37.0 0.5639913232 0.8354037268000001 0.0303687636 0.1884057971
5.0 0.6035791757 0.798136646 0.033622559600000004 0.3126293996
20.0 0.6423535792 0.6490683230000001 0.0471800434 0.2587991718
11.0 0.6689262472 0.7443064182 0.0374186551 0.2795031056
14.0 0.7169197397 0.7826086956 0.057483731 0.24430641830000002
21.0 0.7567787418 0.6501035197 0.0417570499 0.2608695652
11.0 0.7763015184000001 0.7857142857 0.0298264642 0.3581780538
37.0 0.8221258134 0.8374741201 0.0281995661 0.1635610766
