42.0 0.2324561404 0.45689655170000004 0.36666666670000003 0.4310344828
29.0 0.100877193 0.7112068966 0.0754385965 0.2442528735
45.0 0.2043859649 0.7672413793 0.09649122800000001 0.1494252874
1.0 0.3394736842 0.683908046 0.1280701754 0.0747126437
0.0 0.748245614 0.4956896552 0.2684210527 0.0373563218
13.0 0.6192982456 0.2844827586 0.0315789474 0.3620689655
13.0 0.6842105263 0.26580459770000003 0.0385964912 0.3362068966
29.0 0.7903508772000001 0.231321839 0.1350877193 0.3879310345
16.0 0.9271929824 0.1293103448 0.0789473685 0.20689655170000001
13.0 0.6236842106 0.7456896552000001 0.026315789500000002 0.341954023
3.0 0.6912280702 0.7442528736 0.0315789474 0.48275862070000003
29.0 0.7754385965 0.7140804598 0.1192982456 0.3994252873
13.0 0.8921052632 0.6235632184000001 0.0157894737 0.1666666666
6.0 0.9692982456 0.7413793103 0.0368421052 0.4885057471
