42.0 0.052217453500000004 0.6240601504000001 0.10300429180000001 0.2355889724
40.0 0.152360515 0.8834586466000001 0.034334764000000004 0.1979949875
45.0 0.1877682404 0.8157894737 0.0278969957 0.06265664160000001
15.0 0.2246065808 0.8145363408 0.0271816881 0.1303258145
0.0 0.6230329042 0.6528822055 0.6108726753 0.037593985
7.0 0.4341917024 0.3182957394 0.26752503580000003 0.4260651629
15.0 0.3633762518 0.2205513784 0.0157367668 0.10025062650000001
18.0 0.43812589420000003 0.3458646617 0.0422031473 0.1403508772
9.0 0.4756795422 0.3421052632 0.0228898426 0.1077694235
40.0 0.5196709585 0.41102756890000003 0.047925608 0.2205513784
9.0 0.5582975680000001 0.3333333334 0.0221745351 0.0952380953
10.0 0.5919170243 0.3345864662 0.030758226000000003 0.0325814537
20.0 0.63018598 0.32832080210000003 0.028612303300000003 0.1604010025
7.0 0.8204577968000001 0.3609022556 0.3490701001 0.4862155389
15.0 0.700286123 0.2355889724 0.0228898426 0.1303258145
18.0 0.7821888412 0.3408521304 0.0407725322 0.13533834590000002
9.0 0.8215307582 0.3408521304 0.0236051502 0.1052631579
10.0 0.8555078684 0.33333333330000003 0.0329041488 0.030075188000000003
15.0 0.8966380544 0.3421052632 0.0350500715 0.1629072681
40.0 0.9467095852 0.4085213032 0.052217453500000004 0.21553884710000001
40.0 0.6394849786 0.7769423558 0.0529327611 0.2305764411
