42.0 0.128808124 0.3243902439 0.1549973276 0.35121951220000003
40.0 0.023784072700000002 0.7804878048 0.0379476216 0.4292682927
45.0 0.0817744522 0.7109756098000001 0.0630678781 0.2268292683
10.0 0.1437733832 0.6597560976 0.035275253900000005 0.0414634147
1.0 0.2057723142 0.6621951220000001 0.0427578835 0.1536585365
40.0 0.291555318 0.5207317073000001 0.0454302512 0.4951219512
13.0 0.3530197755 0.1951219512 0.055050775 0.2536585366
9.0 0.4283805452 0.3890243902 0.0582576163 0.2512195122
10.0 0.482362373 0.4170731707 0.040085515700000005 0.0536585366
16.0 0.5285943346 0.4024390244 0.0331373597 0.2634146342
7.0 0.781133084 0.3768292683 0.4345269909 0.6707317074
40.0 0.7129877072 0.5219512195 0.0427578835 0.4487804878
14.0 0.761090326 0.33780487810000004 0.0374131481 0.2268292683
9.0 0.8172100481 0.40609756100000005 0.048102619000000006 0.2317073171
12.0 0.871191876 0.4341463414 0.0427578834 0.2878048781
40.0 0.9254409406 0.5426829268 0.0443613041 0.4512195122
15.0 0.9681988242 0.3231707317 0.0336718333 0.212195122
