42.0 0.1231470924 0.3467966574 0.2257696693 0.4038997214
39.0 0.058722919000000005 0.7033426184 0.06955530210000001 0.15320334260000001
45.0 0.1277080958 0.7200557103 0.0912200684 0.08635097500000001
17.0 0.2246294185 0.6615598886 0.0501710376 0.1977715878
0.0 0.6242873432 0.5306406686 0.6419612315000001 0.1142061281
46.0 0.49087799320000003 0.2966573816 0.2839224629 0.4317548746
17.0 0.7941847206 0.1866295264 0.078677309 0.3509749303
39.0 0.913340935 0.2618384402 0.1231470924 0.2618384401
44.0 0.5364880274 0.7883008357 0.3249714937 0.4122562675
20.0 0.795895097 0.7214484680000001 0.0843785633 0.41225626740000004
39.0 0.8768529076 0.7548746518 0.0912200684 0.2506963788
