0.0 0.5087139423 0.7027272728 0.9296875 0.0854545455
42.0 0.049579327000000006 0.22909090910000002 0.0907451923 0.1963636364
24.0 0.0288461538 0.3563636364 0.016826923100000002 0.0909090909
45.0 0.0483774038 0.3536363636 0.0186298077 0.0418181818
14.0 0.0790264423 0.3745454546 0.0198317308 0.0690909091
14.0 0.1598557692 0.2663636364 0.034855769200000004 0.1363636363
12.0 0.1986177885 0.2281818182 0.0294471154 0.1290909091
47.0 0.33203125 0.2809090909 0.1616586538 0.2127272728
2.0 0.4702524038 0.21090909100000002 0.0414663461 0.2109090909
21.0 0.5093149038 0.22090909090000002 0.0294471153 0.16181818180000002
24.0 0.5489783654 0.2236363636 0.0318509616 0.1709090909
5.0 0.5862379808 0.1772727272 0.0294471154 0.2454545455
46.0 0.7022235576 0.24454545460000002 0.1376201923 0.15090909090000001
2.0 0.8353365384 0.2145454545 0.0360576923 0.2145454545
14.0 0.8804086538 0.2690909091 0.0348557693 0.1418181818
24.0 0.9185697116 0.2218181818 0.0282451923 0.1672727273
5.0 0.9630408654 0.18818181820000002 0.0354567308 0.26
42.0 0.4275841346 0.77 0.0907451923 0.190909091
24.0 0.4131610577 0.9009090909 0.0162259616 0.0818181818
45.0 0.4341947116 0.9018181818000001 0.0198317307 0.04
13.0 0.4588341346 0.9063636364000001 0.0090144231 0.0818181818
14.0 0.5348557692 0.7990909091 0.03125 0.12181818180000001
24.0 0.579326923 0.7609090909 0.0324519231 0.16181818180000002
