42.0 0.1406357982 0.5399515738 0.1541119558 0.3728813559
8.0 0.0355908777 0.8099273608 0.0476848652 0.21549636800000002
45.0 0.1392536282 0.7978208232 0.06427090540000001 0.0508474577
1.0 0.23220456120000002 0.7421307506 0.0456116103 0.0702179176
0.0 0.6468555632 0.485472155 0.5501036627 0.1719128329
20.0 0.5653075328 0.3026634382 0.0539046303 0.2033898305
8.0 0.6682791984 0.289346247 0.0635798203 0.2687651332
14.0 0.7270214236 0.10774818400000001 0.048375950300000005 0.205811138
12.0 0.37698686940000004 0.7845036320000001 0.0822391154 0.2615012107
8.0 0.48686938500000004 0.7869249394000001 0.0670352453 0.3050847457
14.0 0.5563234278 0.6174334140000001 0.0539046303 0.21791767550000002
9.0 0.6496199033000001 0.7276029056000001 0.0539046303 0.1476997579
19.0 0.7149274360000001 0.6828087167 0.0518313753 0.2518159806
3.0 0.7657221838 0.7493946731000001 0.0248790601 0.3462469734
8.0 0.8282653766 0.6634382566 0.053213545300000005 0.2566585957
14.0 0.890463027 0.5242130751 0.0463026953 0.200968523
6.0 0.9692467174 0.6876513317 0.0283344851 0.32929782080000003
