14.0 0.034565530500000004 0.11973180080000001 0.046087374 0.17816091950000001
11.0 0.06673067690000001 0.2318007662 0.0403264522 0.22988505750000002
17.0 0.0962554008 0.2672413793 0.0484877581 0.20114942530000002
42.0 0.1824291887 0.2863984674 0.1075372059 0.2624521073
23.0 0.23523763800000003 0.49808429120000003 0.0220835334 0.0842911878
45.0 0.265962554 0.504789272 0.029764762400000002 0.059386973200000005
19.0 0.3072491598 0.4856321839 0.0412866059 0.1513409962
0.0 0.7013922228 0.6427203065 0.5866538647 0.3544061302
0.0 0.5050408065 0.3630268199 0.18915026410000002 0.1283524904
44.0 0.4457513202 0.2059386973 0.08593374940000001 0.1398467433
2.0 0.5223235718 0.2155172414 0.0211233797 0.1475095786
14.0 0.5511281806 0.209770115 0.0355256841 0.1206896551
23.0 0.5888142102 0.2710727969 0.0283245319 0.0862068965
5.0 0.6207393183000001 0.2624521073 0.016322611600000002 0.18773946360000002
15.0 0.48847815650000004 0.3994252874 0.0235237638 0.1130268199
23.0 0.5117618819 0.4626436782 0.0278444552 0.09386973180000001
48.0 0.7097935670000001 0.3706896551 0.0984157465 0.19731800770000002
2.0 0.8101296207 0.4272030651 0.0302448391 0.22988505750000002
19.0 0.8564570331 0.4310344828 0.0710513682 0.2605363985
23.0 0.936149784 0.5124521073 0.0480076812 0.13218390800000002
5.0 0.9860777724 0.5162835249000001 0.0249639943 0.3045977012
0.0 0.6413826212 0.8295019157 0.26692270760000003 0.1685823754
46.0 0.5964954392 0.6590038314000001 0.11281805090000001 0.1379310345
2.0 0.6721075372 0.6954022988 0.0220835334 0.1647509579
15.0 0.7018722996 0.6810344828 0.0288046087 0.1321839081
23.0 0.7251560250000001 0.7394636016 0.0283245319 0.08045977010000001
5.0 0.7604416706 0.7643678161 0.018242918900000002 0.2298850574
16.0 0.6250600096000001 0.8917624521 0.032645223200000004 0.1283524904
23.0 0.6553048488000001 0.9463601532 0.030724916 0.1034482759
