42.0 0.064224548 0.334038055 0.1189343483 0.1945031713
23.0 0.035204567 0.5179704017 0.0342530923 0.10147991540000001
45.0 0.0708848716 0.49894291760000004 0.0371075167 0.0634249471
33.0 0.1189343483 0.5084566596 0.0209324453 0.061310782200000004
0.0 0.5922930542 0.3773784355 0.8097050428 0.0317124736
23.0 0.41912464320000004 0.254756871 0.0599429116 0.1966173361
14.0 0.4809705043 0.0623678646 0.056137012400000005 0.0909090909
9.0 0.5547098002 0.18710359410000002 0.0570884872 0.11205074
10.0 0.6179828734 0.20507399580000002 0.0523311133 0.046511627900000005
15.0 0.6931493816000001 0.198731501 0.056137012300000004 0.18181818190000001
33.0 0.7469077070000001 0.2283298097 0.043767840100000004 0.10147991540000001
12.0 0.7944814462 0.0634249471 0.039961941 0.08879492600000001
7.0 0.3739295908 0.6596194503 0.2645099905 0.5369978858000001
39.0 0.4719314938 0.6797040169 0.0475737393 0.1289640592
9.0 0.5256898192 0.6458773784 0.0504281636 0.1289640592
10.0 0.5937202664 0.6395348837 0.053282588000000006 0.0317124736
18.0 0.6722169362 0.6490486258 0.0637488107 0.20295983080000002
7.0 0.8463368221 0.6955602537000001 0.2597526166 0.600422833
23.0 0.9581351094 0.689217759 0.0627973359 0.1818181818
