42.0 0.111952862 0.4342507645 0.1919191919 0.4525993884
33.0 0.2495791245 0.7629969419 0.0345117845 0.131498471
45.0 0.2967171717 0.7966360856 0.059764309800000005 0.0948012232
13.0 0.3455387206 0.7324159022000001 0.005892255900000001 0.1681957187
0.0 0.6717171717 0.5963302752 0.5808080808 0.0489296636
15.0 0.45833333340000004 0.3425076452 0.0547138047 0.2568807339
44.0 0.5824915825 0.3914373089 0.15656565660000002 0.25076452600000004
15.0 0.7201178451 0.1850152905 0.032828282800000004 0.19266055040000002
2.0 0.8013468014 0.3608562692 0.033670033700000004 0.3119266055
17.0 0.8413299663 0.3241590214 0.0446127946 0.244648318
33.0 0.8867845118000001 0.380733945 0.0378787879 0.1743119266
5.0 0.9255050506 0.36544342500000004 0.0143097643 0.33333333330000003
33.0 0.6565656566 0.8868501529 0.0420875421 0.1896024464
21.0 0.7041245791 0.7140672783 0.0412457912 0.1987767584
