42.0 0.1379018612 0.5307167236 0.2487309645 0.1877133105
39.0 0.07783417940000001 0.8191126280000001 0.0541455161 0.08873720140000001
45.0 0.1565143824 0.800341297 0.089678511 0.11262798630000001
1.0 0.2538071066 0.7576791809000001 0.07445008460000001 0.10238907850000001
0.0 0.6776649746 0.5597269625 0.6142131980000001 0.040955631400000005
16.0 0.630287648 0.319112628 0.09644670050000001 0.27645051200000004
39.0 0.7318104907 0.4129692833 0.0998307952 0.1501706485
16.0 0.8138747885000001 0.11092150170000001 0.0473773266 0.15358361780000002
19.0 0.5676818951 0.8122866894 0.1472081218 0.24573378840000001
3.0 0.6692047377 0.8071672355 0.0287648054 0.32423208200000003
39.0 0.7470389171 0.8839590444000001 0.089678511 0.16382252560000002
15.0 0.8375634518 0.6518771331000001 0.0541455161 0.1501706484
6.0 0.9399323181 0.7969283276 0.045685279200000005 0.31058020470000003
