42.0 0.19946452480000001 0.41030534350000003 0.3266398929 0.5229007634
38.0 0.10374832660000001 0.8473282443 0.1057563587 0.2442748092
45.0 0.1934404284 0.9122137404 0.0682730924 0.1221374045
15.0 0.3065595716 0.8683206107 0.09370816600000001 0.2557251908
0.0 0.7389558233 0.6622137404 0.516733601 0.1488549619
27.0 0.5515394913 0.41412213740000003 0.09638554220000001 0.2633587786
17.0 0.640562249 0.2022900763 0.0575635876 0.19847328250000001
38.0 0.7135207496 0.2538167939 0.0776439089 0.17175572520000001
10.0 0.7871485944000001 0.4465648855 0.0374832664 0.038167939000000005
19.0 0.8641231593 0.4332061069 0.078982597 0.3702290076
38.0 0.7202141901 0.8110687023 0.1499330656 0.36259541980000004
