42.0 0.17934002870000001 0.40807174890000003 0.3472022956 0.5470852018
34.0 0.3608321377 0.8094170404000001 0.047345767600000005 0.1838565023
45.0 0.4275466284 0.8295964125 0.06312769010000001 0.11659192830000001
10.0 0.5028694404 0.8318385650000001 0.044476327100000004 0.0134529148
1.0 0.5932568149 0.7937219731 0.0272596844 0.0448430494
0.0 0.8020086083 0.6502242152000001 0.2725968436 0.0538116591
3.0 0.7474892396 0.3542600897 0.0172166428 0.4932735426
34.0 0.7977044476 0.3542600896 0.0516499283 0.2062780269
6.0 0.8579626972000001 0.3430493274 0.0315638451 0.4260089687
18.0 0.7668579627000001 0.8183856502 0.053084648400000004 0.3094170404
34.0 0.8328550933000001 0.8834080718 0.055954088900000004 0.2242152467
