7.0 0.4616626312 0.483974359 0.9152542373 0.9594017094
0.0 0.6489104116000001 0.5801282052 0.6941081517000001 0.09615384610000001
42.0 0.3773204197 0.2852564103 0.165456013 0.2329059829
39.0 0.48224374500000006 0.3931623932 0.044390637600000005 0.14957264950000002
45.0 0.5637610976 0.43910256410000004 0.07021791770000001 0.0961538462
20.0 0.6355932203 0.3696581196 0.0347054076 0.20085470090000002
39.0 0.7348668281 0.30982905980000003 0.0637610976 0.1794871795
14.0 0.7881355932 0.1314102564 0.0460048426 0.1688034188
9.0 0.8656174334000001 0.2617521367 0.0460048426 0.09615384610000001
16.0 0.9281678773 0.264957265 0.0597255852 0.1837606837
42.0 0.33131557710000004 0.7350427350000001 0.1606133979 0.22649572650000002
39.0 0.4491525424 0.892094017 0.0573042776 0.18589743590000002
45.0 0.52582728 0.9059829060000001 0.07667473770000001 0.09401709400000001
15.0 0.601291364 0.8173076924 0.0548829702 0.18589743590000002
7.0 0.7901533494 0.7371794872 0.21146085550000002 0.40598290600000003
39.0 0.8458434221000001 0.7510683760000001 0.053268765200000005 0.1602564103
9.0 0.9079903148 0.7254273504000001 0.0451977401 0.108974359
15.0 0.9620661824000001 0.6955128206 0.048426150200000004 0.18589743590000002
