42.0 0.1021857924 0.39697802200000004 0.15628415310000002 0.22802197800000001
36.0 0.0207650274 0.7664835165 0.0306010929 0.065934066
45.0 0.068852459 0.7527472528 0.050273224000000005 0.0494505495
18.0 0.1344262295 0.7252747252 0.041530054600000005 0.1593406593
9.0 0.180874317 0.5659340659000001 0.0382513661 0.0934065934
0.0 0.6273224044 0.4217032967 0.7344262295 0.024725274800000002
0.0 0.6524590164 0.2664835164 0.0459016394 0.0164835165
15.0 0.6475409836 0.1222527472 0.0579234972 0.2170329671
36.0 0.6459016394 0.35027472530000003 0.0415300547 0.0961538462
0.0 0.468306011 0.760989011 0.30054644810000003 0.021978022
10.0 0.44808743170000004 0.6332417583000001 0.043715847 0.0247252747
20.0 0.512021858 0.6126373626 0.055737704900000004 0.20879120880000002
47.0 0.4360655738 0.8296703297 0.1879781421 0.1263736264
36.0 0.6049180328 0.8557692308 0.0448087432 0.09615384610000001
0.0 0.8562841531000001 0.7541208792 0.1693989071 0.013736263700000001
46.0 0.7748633880000001 0.6662087913 0.1530054645 0.15109890110000002
36.0 0.9366120218 0.6758241758 0.045901639300000005 0.0934065934
48.0 0.7825136612 0.8695054945 0.1508196722 0.162087912
36.0 0.9316939891 0.8914835165 0.0448087432 0.0906593406
