42.0 0.0772964899 0.4935275081 0.14861837190000002 0.715210356
39.0 0.2012696042 0.7669902912000001 0.0470500374 0.2394822007
45.0 0.2725914862 0.8414239482 0.074682599 0.2071197411
13.0 0.3517550411 0.7621359223 0.0567587752 0.3139158576
9.0 0.40739357730000003 0.6181229774 0.0440627334 0.2200647249
0.0 0.7427184466000001 0.6003236246 0.5145631068000001 0.029126213600000003
15.0 0.5388349514 0.3252427184 0.0619865571 0.30097087370000003
39.0 0.6135175504 0.3268608414 0.069454817 0.30420711970000003
16.0 0.6691560866 0.147249191 0.0328603435 0.2686084143
9.0 0.7326362958 0.4093851133 0.058252427100000004 0.28802589
10.0 0.7983569828 0.4093851133 0.0627333831 0.0679611651
20.0 0.8487677372 0.2993527508 0.0380881255 0.28802589
39.0 0.9088872293 0.3495145632 0.071695295 0.33656957930000003
21.0 0.9648991785000001 0.1634304207 0.0373412994 0.27508090620000003
3.0 0.6516056758000001 0.8090614887 0.0097087379 0.36893203880000003
39.0 0.6994025392000001 0.7799352751 0.070948469 0.3106796116
10.0 0.7669902913000001 0.8446601942 0.0567587752 0.0453074434
20.0 0.8226288275 0.7993527508 0.039581777400000004 0.355987055
6.0 0.8502613891 0.8090614887 0.0097087378 0.36893203880000003
