42.0 0.15 0.5110294118 0.2234567902 0.2573529412
25.0 0.025308642000000003 0.7267156863 0.0432098765 0.08088235290000001
45.0 0.1228395062 0.7328431373000001 0.1197530864 0.0686274509
1.0 0.237037037 0.6740196078 0.0864197531 0.0784313725
0.0 0.7080246914 0.49387254900000005 0.5765432099000001 0.0759803922
13.0 0.4327160494 0.3259803922 0.0185185185 0.2843137255
12.0 0.5462962963 0.3529411765 0.1666666666 0.2450980392
25.0 0.6975308642 0.3602941176 0.08888888880000001 0.12745098030000002
12.0 0.8370370370000001 0.131127451 0.1555555555 0.1985294118
12.0 0.5049382716 0.7536764706 0.1777777778 0.2916666666
3.0 0.6197530864 0.7524509804 0.029629629600000002 0.4901960784
25.0 0.7049382716 0.7512254902000001 0.1086419753 0.1446078432
20.0 0.8172839506 0.5637254902000001 0.1259259259 0.1519607844
6.0 0.9586419753000001 0.7328431372 0.0308641976 0.5245098039
