42.0 0.1874074074 0.5173796792 0.3451851852 0.3983957219
36.0 0.0807407408 0.8770053476 0.1170370371 0.2139037434
45.0 0.19037037040000002 0.9064171123 0.12 0.0855614974
13.0 0.3251851852 0.8435828877 0.0637037037 0.26470588240000004
0.0 0.7066666666 0.5949197861000001 0.5155555555 0.0240641712
3.0 0.4948148148 0.3409090909 0.0207407408 0.4946524064
36.0 0.5792592592 0.314171123 0.1185185185 0.2379679144
10.0 0.7214814815 0.327540107 0.077037037 0.029411764700000002
13.0 0.8251851852000001 0.2820855615 0.082962963 0.32887700540000003
6.0 0.8837037037000001 0.327540107 0.0192592592 0.5
36.0 0.5881481481 0.8074866310000001 0.12740740750000001 0.23529411760000002
10.0 0.7274074074 0.8302139038 0.077037037 0.0347593583
13.0 0.8303703704000001 0.7593582888 0.0874074074 0.2994652407
