42.0 0.0819672132 0.1135057471 0.1557377049 0.2212643678
30.0 0.0584016393 0.3146551724 0.0368852459 0.1005747126
45.0 0.10040983610000001 0.341954023 0.038934426200000004 0.051724138
15.0 0.1460040984 0.3520114942 0.0338114754 0.1178160919
0.0 0.6096311476 0.3735632184 0.6598360655000001 0.1781609196
16.0 0.6096311476 0.24712643680000002 0.07172131150000001 0.24712643680000002
30.0 0.6880122951000001 0.2140804598 0.0788934426 0.2040229885
7.0 0.5988729508 0.6594827586 0.6014344262 0.658045977
19.0 0.5420081968 0.7227011494000001 0.0491803279 0.2212643678
30.0 0.6198770492 0.75 0.0819672131 0.2068965518
9.0 0.7044057377 0.8045977012000001 0.074795082 0.20114942530000002
16.0 0.794057377 0.8318965518 0.0655737705 0.2040229885
9.0 0.8821721312 0.8649425288 0.0819672131 0.20114942530000002
12.0 0.9585040984000001 0.9008620690000001 0.0522540983 0.1695402299
