42.0 0.2253313696 0.39192399050000004 0.35640648010000003 0.3420427554
29.0 0.0758468336 0.6591448931 0.0839469808 0.2066508314
45.0 0.1907216495 0.7517814727000001 0.1310751104 0.1401425178
1.0 0.36303387340000004 0.6615201901000001 0.16347569950000002 0.1163895487
0.0 0.7407952872 0.4857482185 0.4270986745 0.026128266
16.0 0.6435935199 0.3040380048 0.1119293078 0.28978622330000003
29.0 0.7452135494000001 0.3087885986 0.0913107511 0.32304038
14.0 0.8696612666 0.1080760095 0.0898379971 0.2066508314
27.0 0.7083946981 0.7790973872 0.1296023564 0.2232779097
29.0 0.8269513991 0.5890736342 0.0780559646 0.1947743468
