42.0 0.0894366197 0.5142857143 0.176056338 0.3532467532
32.0 0.20387323940000002 0.9233766234 0.0401408451 0.1272727273
45.0 0.2383802817 0.8610389610000001 0.033098591600000005 0.0649350649
4.0 0.3077464789 0.6077922078 0.0704225352 0.1506493506
11.0 0.3799295774 0.6766233767000001 0.0697183099 0.46493506490000003
19.0 0.4267605634 0.8 0.0366197183 0.1558441558
0.0 0.7320422535000001 0.44805194800000003 0.5345070422 0.1740259741
47.0 0.5556338029 0.3545454545 0.1098591549 0.2051948052
21.0 0.6327464788 0.1545454546 0.016197183100000002 0.1584415585
32.0 0.7052816902 0.34155844160000004 0.0401408451 0.1376623377
9.0 0.7461267605 0.28051948060000004 0.031690140900000004 0.11428571430000001
46.0 0.8348591550000001 0.2649350649 0.0978873239 0.1714285714
15.0 0.9137323944 0.1064935065 0.0373239437 0.135064935
32.0 0.9799295774000001 0.28051948060000004 0.0345070423 0.1298701299
21.0 0.7623239436 0.5363636364000001 0.0190140845 0.2207792208
