42.0 0.0801787592 0.3753541077 0.14773922180000001 0.4957507083
36.0 0.1614090431 0.7762039660000001 0.032597266 0.1303116148
45.0 0.195320715 0.8201133144 0.0352260778 0.1048158641
4.0 0.2620925342 0.49433427760000004 0.0730809674 0.3201133144
11.0 0.3220294427 0.6643059490000001 0.044689800200000004 0.3201133144
21.0 0.35699263940000003 0.7379603399 0.0220820189 0.16713881020000002
0.0 0.6987381704000001 0.4575070822 0.5078864353 0.09348441930000001
18.0 0.4345425868 0.20963172800000002 0.0362776025 0.3059490085
50.0 0.545741325 0.2889518413 0.1377497371 0.37393767710000003
36.0 0.6637749738000001 0.25495750710000004 0.0362776025 0.1699716714
9.0 0.7082018928 0.20679886690000002 0.0294426919 0.164305949
10.0 0.7347528917 0.24220963180000002 0.0226077812 0.0368271955
19.0 0.7757623554 0.18696883860000002 0.0467928496 0.3002832861
44.0 0.8709253418 0.24220963180000002 0.1046267087 0.2351274787
36.0 0.9779179811 0.2535410765 0.0420609884 0.16713881020000002
14.0 0.5423238696 0.7818696884 0.044689800200000004 0.3059490085
36.0 0.5883280757 0.8314447592 0.0410094638 0.1614730878
9.0 0.6277602524 0.7861189802 0.0283911672 0.1614730878
10.0 0.6550998948 0.8158640226 0.023133543700000002 0.0283286119
14.0 0.7008412198 0.7974504249000001 0.051524710800000005 0.32577903680000003
4.0 0.7628811778 0.5920679886 0.07886435330000001 0.3172804533
11.0 0.8278128286 0.7507082152 0.0509989484 0.3059490085
14.0 0.8767087276000001 0.8101983002 0.0488958991 0.3116147309
