42.0 0.06930398580000001 0.5060096154 0.1290898275 0.3100961538
39.0 0.0362879238 0.7740384616 0.021415823900000002 0.10576923070000001
45.0 0.0687091018 0.7776442308 0.0291493159 0.0745192308
14.0 0.1008328376 0.7463942308 0.019631172000000002 0.1514423077
0.0 0.6026174896000001 0.6334134615 0.766210589 0.0841346154
2.0 0.2132659131 0.3413461538 0.0422367639 0.3798076923
39.0 0.257287329 0.3533653846 0.0422367638 0.1875
10.0 0.3108268887 0.34495192300000005 0.0434265319 0.016826923100000002
14.0 0.3566329566 0.3161057692 0.0374776919 0.28125
5.0 0.4054134444 0.3509615384 0.0422367638 0.4230769231
2.0 0.4556811422 0.3569711538 0.0392623438 0.4014423077
7.0 0.6585365854 0.2548076923 0.3378941107 0.48557692300000005
21.0 0.6359309934 0.3233173077 0.0380725759 0.3245192308
39.0 0.6861986912 0.3665865384 0.045806067900000004 0.2043269231
9.0 0.7346817371000001 0.3365384616 0.040452111900000004 0.1490384615
21.0 0.7810826888 0.3221153846 0.0356930399 0.3221153846
9.0 0.8265913147 0.3521634616 0.037477691800000004 0.1706730769
17.0 0.9027364664 0.3125 0.08982748360000001 0.24519230760000002
5.0 0.9776918501 0.3954326923 0.0410469958 0.483173077
20.0 0.4479476502 0.7920673077 0.044021415800000005 0.3052884616
14.0 0.498810232 0.8088942308 0.0410469958 0.3100961539
2.0 0.5431290898 0.8088942308 0.0380725759 0.3774038461
39.0 0.5892325997 0.8185096154 0.0410469959 0.1802884616
10.0 0.6439619274 0.8173076923 0.0434265318 0.0192307692
20.0 0.6924449732 0.7620192308 0.042831647800000004 0.2644230769
5.0 0.7391433671000001 0.796875 0.036287923900000005 0.39182692300000005
