42.0 0.1088175331 0.20579710140000002 0.121814475 0.3362318841
39.0 0.0170744138 0.5884057971000001 0.0198776759 0.1739130434
45.0 0.0540265035 0.5855072464000001 0.038735983700000004 0.09275362320000001
0.0 0.119520897 0.6405797101 0.08002038730000001 0.0695652174
4.0 0.119520897 0.5144927536 0.0402650357 0.2405797101
21.0 0.11748216110000001 0.7478260870000001 0.027013251800000002 0.1913043479
10.0 0.1824668706 0.44927536230000004 0.0275229357 0.0289855072
0.0 0.6470438328 0.6739130434 0.6957186544 0.5420289855
44.0 0.3305300714 0.2362318841 0.1503567788 0.29275362320000003
14.0 0.42074413860000004 0.0956521739 0.027013251800000002 0.1565217392
39.0 0.4844546382 0.3594202898 0.0321100917 0.28405797110000003
2.0 0.5298165137 0.3173913044 0.0351681957 0.4260869565
20.0 0.5690621814 0.3086956522 0.0310907237 0.2985507246
39.0 0.6095820592 0.45362318840000004 0.0326197757 0.2985507246
9.0 0.6521406728 0.45217391300000004 0.0382262997 0.3130434783
2.0 0.6972477064 0.4420289855 0.0316004078 0.3855072464
16.0 0.7336901121 0.48840579710000004 0.0372069317 0.2753623188
4.0 0.8119266056000001 0.5275362318 0.0621814475 0.3652173913
5.0 0.8944954128 0.5898550724 0.036697247700000005 0.3797101449
14.0 0.9306829766 0.4579710145 0.0234454639 0.1449275362
5.0 0.9704383282000001 0.6405797101 0.038735983700000004 0.3942028985
16.0 0.6437308868 0.7420289855000001 0.0407747197 0.220289855
