42.0 0.102165088 0.4529616724 0.1569688769 0.3344947735
29.0 0.0219891746 0.7578397212 0.029093369400000003 0.18466898950000002
45.0 0.0605548038 0.7891986062 0.0331529094 0.1080139373
0.0 0.08254397840000001 0.8153310104 0.0838971583 0.0278745645
4.0 0.13700947230000002 0.6968641115 0.045331529100000004 0.18118466900000002
14.0 0.1414073072 0.9041811847000001 0.0270635995 0.14982578400000002
44.0 0.3416779432 0.4094076655 0.2219215155 0.3101045296
20.0 0.4807171854 0.1463414634 0.0250338295 0.1672473868
29.0 0.5774695535000001 0.41289198600000004 0.0642760487 0.4146341463
9.0 0.6400541272 0.3919860627 0.052774019000000005 0.2822299652
48.0 0.7990527740000001 0.3832752613 0.1677943166 0.2787456446
16.0 0.8903924222 0.1393728223 0.021650879600000002 0.1602787456
29.0 0.9739512855 0.3693379791 0.052097429 0.3554006968
