42.0 0.0753536452 0.4179331307 0.1452665941 0.4650455928
40.0 0.15533188250000002 0.7218844984 0.0255712731 0.2462006079
45.0 0.1896082698 0.7264437690000001 0.0364526659 0.0790273556
14.0 0.2301414582 0.6778115501 0.0304678999 0.24316109430000002
9.0 0.2608813928 0.4954407295 0.0299238302 0.1580547112
10.0 0.3370511426 0.45136778120000004 0.0331882481 0.0455927051
14.0 0.3947225245 0.3571428572 0.06583242660000001 0.36778115510000003
0.0 0.7032100109 0.5273556231000001 0.5870511426 0.06990881460000001
13.0 0.5027203482 0.1869300912 0.007616975000000001 0.27659574470000003
48.0 0.5739934712 0.22188449840000002 0.0935799783 0.3161094225
40.0 0.6716539717000001 0.2629179331 0.0375408052 0.3130699088
46.0 0.7750272035 0.3465045592 0.1278563656 0.41945288750000004
40.0 0.8759521218 0.27355623100000004 0.0337323177 0.3282674772
47.0 0.483405876 0.7097264437 0.10500544070000001 0.2705167173
40.0 0.5862350381 0.7750759878 0.0321001088 0.36474164130000003
9.0 0.6316648531 0.6747720365000001 0.042437432000000004 0.18237082070000002
10.0 0.6645810664 0.7158054711 0.0223068553 0.0334346505
20.0 0.6972252448 0.6550151976 0.0331882481 0.2948328267
40.0 0.7358541893 0.7674772036 0.034276387400000004 0.3556231003
46.0 0.8310663765 0.7537993921 0.1126224156 0.3282674772
40.0 0.9447769314000001 0.7583586626000001 0.0353645267 0.3434650456
