42.0 0.10830860540000001 0.25 0.2126607319 0.2721518988
39.0 0.2398615232 0.707278481 0.0286844709 0.1297468354
45.0 0.2863501484 0.6693037975 0.0425321464 0.0981012658
4.0 0.3630069238 0.3971518988 0.0573689417 0.2246835443
11.0 0.412462908 0.5601265823 0.0415430267 0.2848101266
15.0 0.4357072206 0.6724683544000001 0.018793274000000002 0.1360759494
10.0 0.4777448072 0.4810126582 0.0395647873 0.012658227900000001
0.0 0.7858555885 0.3702531646 0.412462908 0.0189873417
44.0 0.7106824926 0.2768987342 0.1256181998 0.167721519
16.0 0.8194856578 0.0838607595 0.0227497527 0.1487341772
39.0 0.8931750742000001 0.2848101266 0.031651829900000004 0.1455696202
0.0 0.7858555885 0.6772151899000001 0.3669634026 0.0189873418
21.0 0.7823936696 0.5917721519 0.0257171118 0.1329113924
14.0 0.6350148368 0.9018987342 0.0257171118 0.1518987342
39.0 0.6706231454 0.9414556962 0.027695351200000003 0.1170886076
9.0 0.7037586548 0.8987341772 0.0286844708 0.1518987342
2.0 0.7354104846 0.8892405063000001 0.024727992100000002 0.1139240506
16.0 0.7650840752 0.8924050633 0.024727992100000002 0.1518987342
4.0 0.8234421365 0.8892405064000001 0.026706231400000002 0.1265822785
5.0 0.8857566766 0.8797468354 0.008902077100000001 0.1139240507
17.0 0.9085064292 0.7705696202000001 0.024727992100000002 0.1424050633
