42.0 0.0644141954 0.512562814 0.0996596986 0.36683417090000003
30.0 0.1208070004 0.6871859296 0.0267379679 0.23869346730000002
45.0 0.1516771998 0.7613065327 0.034030141 0.11055276380000001
0.0 0.2029654837 0.7776381910000001 0.041322314000000006 0.0175879397
4.0 0.2078269324 0.6972361809000001 0.0364608653 0.1432160804
19.0 0.2078269324 0.8781407035000001 0.0296548371 0.17336683420000001
10.0 0.2576567818 0.5427135678 0.028196402500000002 0.0301507537
0.0 0.647301896 0.6344221106 0.6995624696 0.0477386935
44.0 0.36947010210000003 0.3316582914 0.09333981520000001 0.1859296483
20.0 0.43971803600000003 0.14949748740000002 0.0277102577 0.2487437186
30.0 0.4936801166 0.3103015075 0.0277102577 0.2738693467
2.0 0.530140982 0.2889447236 0.034516285800000004 0.4522613065
17.0 0.5726786582 0.3278894472 0.0427807487 0.2638190955
30.0 0.6062226544 0.30025125620000004 0.022362664100000002 0.2638190955
9.0 0.6402527954 0.3216080402 0.026251823100000002 0.2060301508
2.0 0.6740398639 0.324120603 0.0257656782 0.2864321608
19.0 0.7078269324 0.2914572864 0.0408361692 0.2060301507
4.0 0.7795333009000001 0.3454773869 0.058823529400000005 0.1783919598
5.0 0.84929509 0.3907035176 0.024307243500000002 0.40452261300000003
19.0 0.8816237239 0.1268844221 0.042294603800000004 0.2236180904
5.0 0.9450656296000001 0.3542713568 0.0350024307 0.608040201
20.0 0.6263976665000001 0.7713567839000001 0.0315994166 0.256281407
