42.0 0.0887281036 0.4140969163 0.1698400609 0.7488986784
39.0 0.21477532370000002 0.8348017621 0.0350342726 0.2863436124
45.0 0.256664128 0.8920704846 0.0380807311 0.127753304
12.0 0.30921553700000004 0.7577092511 0.0380807311 0.22907488980000001
9.0 0.349581112 0.5220264318 0.0335110434 0.1806167401
27.0 0.4733434882 0.49779735680000003 0.0891089109 0.5022026432
47.0 0.5925361767 0.2709251102 0.1401370906 0.3832599119
39.0 0.7117288652 0.2136563876 0.034272658000000004 0.30396475770000003
49.0 0.7837014471 0.2026431718 0.0472201066 0.3524229075
2.0 0.8545316070000001 0.19162995600000002 0.0198019802 0.3392070485
14.0 0.8834729626000001 0.15859030840000002 0.036557501900000004 0.2995594714
9.0 0.9207920792000001 0.16519823790000002 0.0335110434 0.1806167401
39.0 0.9592536176 0.2136563876 0.0373191165 0.30396475770000003
5.0 0.9904798172 0.20925110130000002 0.0175171364 0.3744493392
