42.0 0.13253012050000001 0.6024464832 0.25129087780000003 0.5259938838
32.0 0.31110154900000003 0.8256880734 0.0542168675 0.3241590214
45.0 0.40060240960000004 0.7706422018 0.10757314970000001 0.1345565749
15.0 0.4922547332 0.7155963303 0.0516351119 0.3058103976
12.0 0.5490533563000001 0.7140672782 0.0585197934 0.28440366970000003
0.0 0.7723752152000001 0.5749235474000001 0.42426850250000003 0.0978593272
7.0 0.7723752152000001 0.3394495413 0.20051635110000002 0.5993883792
16.0 0.7168674698 0.12079510700000001 0.0567986231 0.1804281345
39.0 0.8248709122000001 0.3058103976 0.061101549000000005 0.2446483181
9.0 0.8919965576000001 0.22782874620000002 0.0662650603 0.1987767584
12.0 0.9530981067000001 0.2660550458 0.052495697 0.2691131499
32.0 0.7620481928 0.8058103975 0.0421686747 0.3088685015
10.0 0.8313253012 0.7293577982 0.074010327 0.0764525994
15.0 0.8980206540000001 0.6896024464 0.043889845100000005 0.2599388379
