42.0 0.16564417180000002 0.6872727272 0.3190184049 0.42909090910000003
36.0 0.36809815960000003 0.8909090909 0.06625766870000001 0.1672727272
45.0 0.4466257668 0.8181818182 0.0736196319 0.10909090910000001
1.0 0.526993865 0.7327272727 0.0404907975 0.061818181800000004
0.0 0.8165644171 0.5509090909000001 0.2319018405 0.1418181818
43.0 0.7472392638 0.2745454546 0.19386503060000002 0.2945454545
14.0 0.835582822 0.39818181820000004 0.0392638037 0.1781818182
14.0 0.8723926380000001 0.3818181818 0.0392638037 0.1745454546
20.0 0.9521472392 0.18363636360000002 0.0539877301 0.2
43.0 0.7478527608000001 0.7363636364 0.1779141105 0.31636363630000003
19.0 0.8515337424 0.7836363636 0.046625766900000004 0.1490909091
14.0 0.8993865031 0.7781818182 0.0417177914 0.1818181818
14.0 0.9742331288 0.5872727272 0.049079754600000004 0.22909090910000002
