42.0 0.0805322129 0.3022988506 0.14985994400000002 0.32413793100000005
30.0 0.029761904800000002 0.5114942529000001 0.0259103641 0.1172413793
45.0 0.068627451 0.5586206896 0.033613445400000004 0.045977011500000005
12.0 0.10294117650000001 0.5333333333 0.025210084 0.1425287356
0.0 0.5479691877 0.4931034483 0.7836134454 0.27356321840000003
27.0 0.318627451 0.2804597701 0.0602240896 0.2344827586
30.0 0.3697478992 0.1195402299 0.0336134453 0.1333333334
9.0 0.4422268908 0.26206896550000003 0.0735294117 0.2022988506
48.0 0.6228991597 0.291954023 0.1911764706 0.33103448280000003
30.0 0.8074229692 0.3172413793 0.0854341736 0.2574712644
19.0 0.2156862745 0.548275862 0.0420168068 0.2827586207
14.0 0.2822128852 0.5678160919 0.0686274509 0.2436781609
30.0 0.3679971989 0.6149425288 0.07773109240000001 0.2781609195
14.0 0.4222689076 0.5436781609 0.043417366900000004 0.1494252874
9.0 0.5028011204 0.6448275862 0.0868347339 0.1954022988
18.0 0.5850840336 0.6390804598000001 0.07773109240000001 0.2528735632
30.0 0.6659663866000001 0.6827586207 0.0770308123 0.2574712644
9.0 0.7636554622 0.7356321839000001 0.0889355742 0.216091954
21.0 0.8571428571 0.8 0.0756302521 0.4
20.0 0.9551820728 0.7804597702 0.0714285714 0.35632183910000004
