42.0 0.1403596404 0.5893617021 0.1888111888 0.285106383
33.0 0.0434565434 0.8574468085 0.0389610389 0.114893617
45.0 0.11288711280000001 0.8638297872 0.08391608390000001 0.114893617
1.0 0.2137862137 0.8308510638000001 0.0899100899 0.1085106383
0.0 0.6738261738 0.6000000000000001 0.6523476523 0.14042553200000002
15.0 0.41708291700000005 0.4404255319 0.1268731269 0.2382978724
7.0 0.6808191808 0.3585106383 0.3986013986 0.529787234
33.0 0.7722277722 0.3946808511 0.0979020979 0.22340425530000002
15.0 0.8776223776000001 0.2893617022 0.0769230769 0.1574468085
33.0 0.3986013986 0.7478723405000001 0.09190809200000001 0.1893617021
9.0 0.516983017 0.7840425531 0.10289710290000001 0.2574468085
10.0 0.6388611388000001 0.7489361702 0.10089910090000001 0.0680851064
40.0 0.7952047952 0.7244680852000001 0.1218781218 0.30851063830000003
33.0 0.9225774226000001 0.7010638298 0.10289710290000001 0.2489361702
