22.0 0.0380693406 0.5976027397 0.044867437100000004 0.13356164380000002
42.0 0.1815091774 0.5359589041 0.1631543168 0.544520548
39.0 0.27362338540000003 0.8287671233 0.0251529571 0.2260273972
45.0 0.3174711081 0.8681506849 0.0475866758 0.1130136986
17.0 0.3670972128 0.8184931507000001 0.035350102 0.2191780822
7.0 0.7100611828000001 0.4571917808 0.5526852481 0.7431506849
39.0 0.6029911625000001 0.5821917808 0.0435078178 0.4520547945
2.0 0.6658735554 0.5719178082 0.0455472468 0.4178082192
39.0 0.7171991843000001 0.5924657534000001 0.050305914300000004 0.46575342470000003
9.0 0.7957171992000001 0.6095890411 0.08769544530000001 0.2465753424
19.0 0.8732154997 0.5 0.0537049626 0.4178082192
5.0 0.9388171312 0.6198630137000001 0.0625424881 0.6438356164
