42.0 0.056010340400000004 0.3421717172 0.1068504955 0.3358585859
36.0 0.1249461439 0.5997474748 0.0232658336 0.1136363637
45.0 0.1475657044 0.5921717172000001 0.0193881947 0.0833333333
14.0 0.1783713916 0.5669191919000001 0.0224041361 0.148989899
0.0 0.2850064628 0.4419191919 0.1227919001 0.0252525252
19.0 0.2856527359 0.2967171717 0.020680741000000002 0.2651515152
36.0 0.2442912538 0.6035353536 0.0301594141 0.1313131313
9.0 0.2858681602 0.5984848485 0.0452391211 0.2171717172
18.0 0.3283067644 0.5631313131 0.0318828091 0.202020202
0.0 0.6688927186 0.4936868687 0.6286083585000001 0.09343434340000001
19.0 0.5305902628 0.1515151515 0.0193881948 0.2373737374
9.0 0.5715208962 0.2083333333 0.0452391211 0.23484848490000002
18.0 0.6130978027 0.1881313131 0.0310211116 0.2398989899
2.0 0.6447651874 0.20833333340000001 0.02455838 0.38636363630000004
36.0 0.6811719086 0.20959595960000002 0.028436018900000002 0.1464646464
9.0 0.7268418785 0.2083333333 0.0482550624 0.23484848490000002
16.0 0.7613097803000001 0.178030303 0.0215424386 0.2045454545
5.0 0.8037483844000001 0.2335858586 0.0443774235 0.3762626262
15.0 0.39250323140000004 0.6944444444 0.0353295993 0.2070707071
7.0 0.5165876777 0.6414141414 0.1999138302 0.3636363636
36.0 0.5040930634 0.7335858586 0.0292977165 0.13383838380000002
9.0 0.5437311504 0.7411616162 0.0422231797 0.23484848490000002
15.0 0.5930633348000001 0.7083333334 0.0383455407 0.2247474747
2.0 0.6277466609 0.7777777777 0.0310211116 0.4343434343
17.0 0.6641533822 0.7234848485 0.0383455407 0.20959595960000002
9.0 0.716501508 0.7664141414000001 0.0482550625 0.2702020202
7.0 0.8401551056000001 0.6628787879 0.19043515730000002 0.41161616160000003
36.0 0.8302455838 0.7424242425 0.028436019000000003 0.14646464650000002
9.0 0.8694528220000001 0.7247474748 0.039638087100000004 0.2121212121
19.0 0.9105988798 0.6805555556 0.0211115898 0.23484848490000002
5.0 0.9545454546000001 0.75 0.0495476087 0.3535353536
