42.0 0.0692924872 0.7476076555000001 0.13129102850000002 0.2511961722
39.0 0.1630196937 0.8672248804 0.0342815463 0.1555023924
45.0 0.2122538293 0.8839712918 0.0510576222 0.0645933015
16.0 0.27972283000000003 0.8672248804 0.0459518599 0.2511961722
0.0 0.6528081692000001 0.7344497608 0.6535375638 0.1387559809
19.0 0.35557986880000003 0.29784689000000003 0.028446389500000002 0.1985645933
9.0 0.4175784099 0.28110047850000003 0.0634573304 0.11722488040000001
19.0 0.4679066374 0.2559808612 0.0299051787 0.2057416268
0.0 0.7166301969000001 0.2655502392 0.5288110868 0.2248803828
39.0 0.7009482130000001 0.1315789474 0.0350109409 0.17224880380000002
7.0 0.7304886944 0.48205741620000003 0.37272064180000003 0.5430622009
39.0 0.7097009482000001 0.5933014354 0.042304887 0.1770334928
15.0 0.7574762947 0.4282296651 0.0692924872 0.2248803828
10.0 0.8493800146 0.5633971292000001 0.045951860000000004 0.0406698564
14.0 0.9172137126000001 0.5322966508 0.0809628009 0.1985645933
20.0 0.6473377097 0.8397129187 0.0765864332 0.1961722488
