42.0 0.0944967414 0.4840425532 0.17161477190000002 0.4574468085
38.0 0.20999275890000002 0.8705673758 0.0535843592 0.22340425530000002
45.0 0.26031860970000004 0.8386524823 0.0398262128 0.19503546100000002
15.0 0.3052136133 0.8315602837 0.0282404055 0.18085106380000002
9.0 0.33852280960000003 0.5726950354 0.026792179500000003 0.1737588653
0.0 0.6553222303 0.5992907802 0.6792179580000001 0.0496453901
20.0 0.6517016655 0.2056737588 0.0362056481 0.3617021277
11.0 0.6893555394 0.24113475180000002 0.0550325851 0.45390070920000003
38.0 0.7552498190000001 0.420212766 0.0506879073 0.22340425530000002
10.0 0.4420709631 0.7464539007000001 0.0152063722 0.024822695000000002
17.0 0.4699493121 0.7358156028 0.026068066600000002 0.2730496454
46.0 0.5778421434000001 0.7730496454 0.1230992035 0.2482269504
38.0 0.7005792904 0.7890070922 0.0485155684 0.2234042554
47.0 0.8244026068 0.7464539007000001 0.1296162202 0.2588652482
38.0 0.952570601 0.7890070922 0.047067342500000005 0.2234042554
