42.0 0.11338962600000001 0.4077306733 0.1218335343 0.24688279300000002
31.0 0.0153799758 0.8902743142 0.0271411339 0.12468827930000001
45.0 0.0560916767 0.8940149626 0.0398069964 0.102244389
4.0 0.10615199040000001 0.6334164589 0.0458383595 0.1795511222
11.0 0.1727985525 0.7518703242 0.0621230398 0.44139650880000003
14.0 0.22617611580000002 0.8802992518 0.026537997600000002 0.16458852870000001
50.0 0.35916767190000004 0.3890274314 0.17189384800000002 0.3241895262
20.0 0.46924004820000004 0.1845386534 0.027744270300000002 0.1945137157
31.0 0.5512665862 0.4064837906 0.056694813100000005 0.2344139651
9.0 0.6112786490000001 0.385286783 0.0500603136 0.2718204489
44.0 0.757840772 0.4289276808 0.1803377564 0.24937655860000002
14.0 0.8841978287000001 0.19326683290000002 0.025331725000000003 0.1770573566
31.0 0.9680337756 0.3840399002 0.056694813000000004 0.20448877810000002
