27.0 0.0524168236 0.8611111112000001 0.0533584432 0.27248677250000003
42.0 0.1933458882 0.22619047620000002 0.16446955430000001 0.41005291
34.0 0.1242937853 0.7010582011000001 0.0276208412 0.18518518520000002
45.0 0.1569365976 0.7473544974 0.0389202762 0.0555555555
15.0 0.2005649717 0.7063492064 0.0320150659 0.1798941799
9.0 0.2401129944 0.5436507936 0.0357815443 0.1455026455
0.0 0.6534839924 0.4351851852 0.6754551161 0.1560846561
20.0 0.6443816698 0.2023809524 0.042059008200000005 0.3571428572
2.0 0.3367859385 0.6455026455 0.026993094800000002 0.5343915344
34.0 0.39108600120000003 0.6283068784 0.053986189500000004 0.37830687830000004
9.0 0.4544883867 0.574074074 0.0640301318 0.2857142857
21.0 0.5260514752000001 0.6402116402 0.051475204000000004 0.4338624338
5.0 0.5734463276 0.6997354498 0.0194601381 0.5423280423
47.0 0.744507219 0.7314814815 0.2322661645 0.4047619048
34.0 0.9482109228000001 0.7685185186 0.0684243566 0.37830687830000004
