42.0 0.1153519932 0.6052631579000001 0.22052586940000002 0.5975232198
39.0 0.2340966921 0.8947368421 0.0271416454 0.1981424148
45.0 0.28244274810000003 0.9164086688 0.05258693800000001 0.12383900930000001
18.0 0.3430873622 0.8513931888 0.0449533503 0.21671826630000002
9.0 0.3825275657 0.6393188854 0.0237489398 0.1455108359
27.0 0.48473282440000004 0.6486068112000001 0.0466497031 0.3003095975
49.0 0.5559796438 0.39783281740000004 0.0636132315 0.2445820433
2.0 0.6318914334 0.40092879260000003 0.0169635284 0.2445820433
18.0 0.6751484309 0.3962848297 0.0491942324 0.23529411760000002
9.0 0.7137404580000001 0.3808049536 0.0245971162 0.1671826625
39.0 0.7451229856 0.41950464400000004 0.0330788804 0.1888544891
48.0 0.8210347752 0.1873065016 0.1170483461 0.2879256965
39.0 0.9385072095 0.23374613 0.0313825276 0.2012383901
5.0 0.9787955894 0.4380804954 0.020356234100000002 0.2569659443
