42.0 0.046360309 0.42292490120000004 0.09028060190000001 0.32411067200000004
38.0 0.1106140708 0.7490118577 0.0227734851 0.16205533600000002
45.0 0.1384709232 0.7213438736000001 0.024806832100000002 0.1225296443
0.0 0.18198454660000002 0.7549407114000001 0.0361935746 0.0316205533
4.0 0.1836112241 0.6205533596 0.0313135421 0.2213438735
14.0 0.1834078894 0.8537549407 0.016266775100000002 0.1660079052
47.0 0.3029686864 0.4446640316 0.1252541683 0.3992094862
17.0 0.38877592520000004 0.15810276680000002 0.0122000813 0.1660079052
38.0 0.4511996746 0.4822134387 0.0492069947 0.31620553360000003
9.0 0.4884099228 0.3893280632 0.0309068727 0.3122529645
42.0 0.5766571778 0.4011857708 0.0894672631 0.2964426877
38.0 0.643757625 0.7509881423 0.025213501500000002 0.1660079052
45.0 0.667344449 0.7193675890000001 0.0219601464 0.1185770751
0.0 0.713094754 0.7490118577 0.0361935746 0.027667984200000002
4.0 0.7143147621 0.6897233201 0.030500203400000002 0.2964426877
16.0 0.7165514437 0.8833992095000001 0.015453436400000001 0.1936758894
46.0 0.8296055307 0.4703557312 0.1146807646 0.4347826087
14.0 0.9082960553 0.1739130435 0.0158601058 0.1818181818
38.0 0.9719398129000001 0.45849802370000003 0.0479869866 0.2845849802
