42.0 0.0849917082 0.7037037037 0.1666666667 0.4095860566
41.0 0.2048092869 0.9193899782 0.0580431178 0.1568627451
45.0 0.2711442786 0.9095860566 0.0663349917 0.0980392157
14.0 0.3436981758 0.8899782135000001 0.062189054800000004 0.1982570806
9.0 0.3747927032 0.7244008715 0.0381426203 0.1154684096
27.0 0.4991708126 0.6078431372 0.0912106136 0.2832244009
49.0 0.5617744610000001 0.47167755990000004 0.0621890547 0.22875817
41.0 0.6529850746 0.454248366 0.0588723051 0.1590413944
0.0 0.8474295191000001 0.2124183006 0.29684908790000003 0.1023965141
19.0 0.832504146 0.105664488 0.051409618500000004 0.20261437910000002
15.0 0.7441956882 0.3976034858 0.0721393035 0.18518518520000002
9.0 0.7914593698 0.37145969500000003 0.037313432800000004 0.119825708
49.0 0.8673300166000001 0.3289760349 0.0713101161 0.2091503268
41.0 0.9643449420000001 0.3235294118 0.0679933665 0.1546840959
