42.0 0.1145038168 0.3225108225 0.20763358780000002 0.6363636364
24.0 0.2492366412 0.7835497836 0.0496183206 0.2770562771
45.0 0.2977099237 0.906926407 0.0564885496 0.12554112550000002
13.0 0.35076335880000004 0.8246753247 0.020610687000000003 0.24675324680000002
9.0 0.3805343512 0.5887445888 0.0374045801 0.18181818190000001
27.0 0.4919847328 0.5930735930000001 0.060305343500000004 0.4675324675
49.0 0.5561068702 0.3138528138 0.055725190800000005 0.33333333330000003
2.0 0.6469465648 0.3225108225 0.0541984733 0.3073593074
15.0 0.6786259542 0.3658008658 0.027480916 0.27272727280000003
9.0 0.7103053435000001 0.42207792200000005 0.0297709924 0.2121212121
24.0 0.751908397 0.4393939394 0.0396946565 0.3073593074
50.0 0.8389312977000001 0.2294372294 0.1236641222 0.2943722943
24.0 0.9354961832 0.2597402598 0.035877862600000004 0.2510822511
5.0 0.9725190840000001 0.5086580086 0.0183206107 0.26406926410000003
