42.0 0.1051088777 0.35310734460000004 0.18174204360000001 0.593220339
41.0 0.2311557789 0.8418079096000001 0.0335008376 0.2372881356
45.0 0.2730318258 0.8022598870000001 0.053601340000000004 0.11299435020000001
17.0 0.33752093800000005 0.8192090396 0.030150753800000003 0.2372881355
9.0 0.38484087100000003 0.4717514124 0.044388609700000005 0.24293785310000002
50.0 0.5787269682 0.4604519774 0.2127303183 0.40112994360000004
47.0 0.7269681742 0.2457627119 0.08207705200000001 0.2768361582
2.0 0.8094639866000001 0.2288135593 0.0192629816 0.3898305085
41.0 0.8299832496 0.23163841810000002 0.0217755444 0.14689265540000002
5.0 0.8500837521 0.2146892656 0.013400335000000001 0.3841807909
2.0 0.9128978224000001 0.4943502825 0.028475711900000002 0.6610169492
41.0 0.9602177554 0.5112994350000001 0.0427135679 0.2542372881
5.0 0.9886934674000001 0.42090395480000004 0.0209380235 0.5819209040000001
