42.0 0.1274509804 0.5226130653000001 0.23398692810000002 0.432160804
36.0 0.2954248366 0.9221105528 0.044444444400000005 0.1457286432
45.0 0.3470588235 0.8693467336 0.058823529400000005 0.1608040201
1.0 0.43137254900000005 0.8341708543 0.0732026144 0.1407035176
0.0 0.7947712418 0.5628140704 0.3660130719 0.050251256300000005
20.0 0.6437908496 0.3718592965 0.0692810457 0.3216080402
12.0 0.7091503268 0.379396985 0.048366013000000006 0.3366834171
20.0 0.7790849674 0.3768844221 0.0705882353 0.3316582914
36.0 0.8431372549 0.4296482412 0.0496732026 0.216080402
14.0 0.9111111111 0.11557788940000001 0.0549019608 0.2010050251
27.0 0.7464052288 0.8944723618 0.0496732026 0.20100502520000002
36.0 0.8019607843000001 0.6708542714 0.040522875800000004 0.1658291457
