22.0 0.0648795649 0.41826086960000003 0.0955710956 0.10608695650000001
42.0 0.2583527584 0.3982608696 0.1965811965 0.2330434783
36.0 0.4106449106 0.5582608696 0.0520590521 0.1217391305
45.0 0.47125097120000004 0.5704347826 0.0489510489 0.0173913044
1.0 0.559052059 0.527826087 0.0800310801 0.07130434790000001
0.0 0.8570318570000001 0.47217391300000006 0.2843822844 0.0156521739
0.0 0.8628593629 0.2452173913 0.23698523700000002 0.024347826000000003
43.0 0.7676767677 0.10260869560000001 0.1134421134 0.1843478261
18.0 0.83993784 0.1591304348 0.0357420357 0.1443478261
13.0 0.8737373737 0.14782608700000002 0.020979021 0.1078260869
36.0 0.9444444444000001 0.0973913044 0.0411810411 0.0869565217
43.0 0.7571872572 0.3339130434 0.10489510490000001 0.1843478261
17.0 0.8348873349 0.3869565218 0.0334110334 0.13739130430000002
15.0 0.8725718726 0.3826086956 0.0341880342 0.1286956521
19.0 0.9526029526 0.29130434780000003 0.0388500388 0.09217391300000001
0.0 0.8344988345000001 0.7565217392 0.2455322456 0.0278260869
43.0 0.7451437452 0.6269565217 0.0916860917 0.2104347826
17.0 0.8329448330000001 0.6704347826 0.0341880341 0.1373913044
18.0 0.8729603730000001 0.6565217392 0.038073038100000005 0.1339130435
36.0 0.9514374514 0.6104347826000001 0.0427350427 0.0973913044
43.0 0.7443667443 0.8408695652 0.09324009330000001 0.16521739130000002
15.0 0.8329448330000001 0.8930434782000001 0.0372960373 0.11652173910000001
20.0 0.8725718726 0.9008695652 0.0326340326 0.1252173913
16.0 0.9502719503 0.8260869566 0.0466200466 0.1252173913
