42.0 0.060350421800000005 0.5440613026000001 0.1181051266 0.2681992337
30.0 0.0282284231 0.759578544 0.0253082414 0.1398467433
45.0 0.0600259572 0.7911877394 0.0343932511 0.08045977010000001
1.0 0.1038286826 0.7461685824000001 0.0337443219 0.0363984674
0.0 0.5762491888 0.5680076628 0.8020765737000001 0.0440613027
43.0 0.2582738482 0.3802681992 0.1077222583 0.3582375479
18.0 0.3718364698 0.40229885060000004 0.0428293316 0.1800766284
13.0 0.412394549 0.4147509579 0.0240103828 0.1513409961
30.0 0.4977287476 0.25957854410000003 0.0597014925 0.2586206897
43.0 0.6395197923 0.3237547892 0.1576898118 0.39846743290000003
13.0 0.7401038286 0.34099616860000004 0.024010382900000002 0.1379310345
21.0 0.7829331603 0.3783524904 0.0434782608 0.22030651340000001
17.0 0.8958468527000001 0.1666666666 0.0733290072 0.23371647510000002
43.0 0.256651525 0.7921455938 0.12654120700000002 0.3850574713
15.0 0.3679428943 0.8544061302 0.0532121999 0.1954022989
18.0 0.4117456197 0.8036398468 0.0447761194 0.1666666667
18.0 0.5246593122000001 0.6963601532 0.0811161583 0.3084291187
43.0 0.6735885788 0.7471264368 0.16872160930000002 0.40229885060000004
21.0 0.7848799481000001 0.8362068966 0.0434782608 0.2164750957
19.0 0.8387410772 0.8199233716000001 0.0460739779 0.21839080460000002
30.0 0.9539260220000001 0.6542145594000001 0.0687865023 0.3122605364
