42.0 0.1135430916 0.47491039420000003 0.2134062927 0.34050179210000003
36.0 0.033515731800000004 0.9301075268000001 0.031463748300000004 0.1111111111
45.0 0.0848153215 0.9139784946 0.0547195622 0.0788530466
16.0 0.1491108071 0.9139784946 0.043775649800000004 0.164874552
9.0 0.1997264022 0.6792114696 0.0328317374 0.10394265230000001
27.0 0.3638850889 0.546594982 0.0683994528 0.1971326165
48.0 0.45759233920000003 0.1810035842 0.0998632011 0.1612903226
36.0 0.6046511628 0.20788530460000001 0.030095759200000002 0.1146953405
49.0 0.7065663474 0.1756272401 0.0697674419 0.1792114695
2.0 0.8105335157 0.170250896 0.015047879600000001 0.1756272401
19.0 0.8461012312 0.1863799283 0.0369357045 0.1577060932
9.0 0.89124487 0.1845878136 0.031463748300000004 0.1111111111
36.0 0.9350205198 0.20609319 0.0341997264 0.1111111111
5.0 0.9651162790000001 0.1684587813 0.0177838577 0.1792114695
