42.0 0.0602272728 0.17500000000000002 0.1053030303 0.2155172414
39.0 0.1522727273 0.4215517241 0.0378787879 0.09482758620000001
45.0 0.2007575758 0.4310344828 0.05 0.0689655173
4.0 0.2984848484 0.3103448276 0.0772727273 0.1620689655
11.0 0.3723484848 0.4129310345 0.09166666670000001 0.2706896552
21.0 0.4106060606 0.49655172420000004 0.030303030300000002 0.1862068965
10.0 0.44621212120000003 0.3681034482 0.0196969697 0.0120689655
0.0 0.7784090909 0.35000000000000003 0.4371212122 0.0724137932
47.0 0.7018939394 0.2612068966 0.171969697 0.1948275863
20.0 0.8318181818 0.1198275862 0.0515151515 0.20862068960000002
39.0 0.9215909091000001 0.2879310345 0.0507575758 0.1344827586
19.0 0.5526515152 0.5094827586 0.0446969697 0.1637931034
0.0 0.8034090909 0.6077586207 0.3856060606 0.0810344828
18.0 0.7981060606 0.525 0.0401515152 0.1293103448
16.0 0.6174242424 0.7922413793 0.0287878788 0.1086206896
39.0 0.6481060606 0.825862069 0.0401515152 0.0965517241
9.0 0.6821969697 0.8103448276 0.034090909 0.0689655172
2.0 0.7132575757 0.8396551724 0.0265151515 0.1551724138
21.0 0.7420454545 0.8362068966 0.023484848500000002 0.1448275863
4.0 0.8132575758 0.8612068966 0.0522727273 0.10517241370000001
5.0 0.8939393940000001 0.8974137931 0.0257575757 0.1948275862
20.0 0.9488636364 0.7732758620000001 0.0522727273 0.2362068965
