42.0 0.1072216097 0.2760252366 0.2001102536 0.5394321766
39.0 0.0162624035 0.689274448 0.031422271200000004 0.1924290221
45.0 0.059536935000000006 0.7570977918 0.052921719900000004 0.1703470032
0.0 0.1518743109 0.7429022082000001 0.0556780596 0.0283911672
4.0 0.1477398016 0.5914826498 0.0573318633 0.1861198739
19.0 0.1529768468 0.8675078864 0.0347298787 0.2082018927
47.0 0.32359426680000003 0.3422712934 0.1554575524 0.4069400631
14.0 0.4385336274 0.10094637220000001 0.027012127900000002 0.17665615140000002
39.0 0.5090959206 0.3280757098 0.0413450937 0.31545741320000004
9.0 0.5647739802 0.2981072556 0.0446527013 0.2365930599
42.0 0.6877067254 0.3201892744 0.15490628450000002 0.4258675079
39.0 0.618246968 0.6861198738000001 0.0226019846 0.1798107256
45.0 0.6546306505 0.7460567823 0.0413450938 0.1608832807
0.0 0.7174751930000001 0.7239747634 0.032524807100000004 0.022082019
4.0 0.7216097024 0.5977917981 0.0518191841 0.1608832808
20.0 0.7227122382000001 0.8343848580000001 0.0176405733 0.17350157730000001
46.0 0.8390297685 0.3659305994 0.10804851160000001 0.27129337540000004
14.0 0.921444322 0.1987381704 0.0181918413 0.1703470031
39.0 0.9771223814000001 0.380126183 0.0336273429 0.2681388013
