42.0 0.1278761062 0.3140350878 0.1424778761 0.3052631579
34.0 0.0190265487 0.9280701754 0.022123893800000002 0.13684210530000002
45.0 0.0619469026 0.9280701754 0.0530973451 0.10175438590000001
4.0 0.132300885 0.6070175439000001 0.050442477900000005 0.1964912281
11.0 0.2101769912 0.7017543860000001 0.0982300885 0.4210526316
15.0 0.24513274340000002 0.9035087719 0.0300884956 0.15087719300000002
46.0 0.38628318580000004 0.41228070180000004 0.1584070797 0.2701754386
17.0 0.4986725664 0.0964912281 0.0256637168 0.1719298246
34.0 0.581858407 0.3912280702 0.0309734513 0.2350877193
9.0 0.6376106194000001 0.3421052632 0.0539823009 0.2210526315
47.0 0.7951327433000001 0.39824561410000003 0.1566371681 0.2421052631
17.0 0.8898230088 0.09824561400000001 0.0185840707 0.1473684211
34.0 0.9743362832 0.3824561403 0.024778761 0.2105263157
