42.0 0.08346213300000001 0.48510242080000004 0.1561051005 0.4562383613
37.0 0.2179289026 0.5623836127 0.058732612100000005 0.2160148976
45.0 0.3214837712 0.6666666667000001 0.1159196291 0.1638733706
14.0 0.421561051 0.6052141527 0.0780525502 0.17504655500000002
0.0 0.7507727976 0.5372439479000001 0.49845440490000004 0.0502793296
0.0 0.7449768160000001 0.30167597760000003 0.4930448223 0.029795158300000003
15.0 0.579984544 0.1247672254 0.050231839300000004 0.1303538175
46.0 0.7020865534 0.144320298 0.1383307573 0.13966480450000002
2.0 0.8292117465000001 0.1536312849 0.0401854714 0.165735568
17.0 0.8806027821 0.1238361266 0.0595054096 0.1322160149
37.0 0.9439721793 0.1005586592 0.0579598146 0.1638733706
5.0 0.9729520866 0.1536312849 0.0185471407 0.2067039106
37.0 0.7782071098000001 0.38919925510000003 0.0556414219 0.156424581
0.0 0.7561823802000001 0.8175046555000001 0.3531684698 0.0409683426
13.0 0.5969860896 0.6191806332 0.054868624500000004 0.16573556790000002
47.0 0.7407264297 0.6890130354 0.16306027820000002 0.19739292360000002
2.0 0.8802163833000001 0.6517690875000001 0.0463678516 0.1601489758
37.0 0.9188562596000001 0.6098696462000001 0.0432766615 0.1731843576
5.0 0.9544049459 0.6527001862 0.0170015456 0.1880819367
18.0 0.7480680062 0.9050279330000001 0.0525502318 0.1378026071
37.0 0.7998454405000001 0.8947858473 0.0494590418 0.165735568
