42.0 0.1000685401 0.30510752690000004 0.1946538726 0.3629032258
40.0 0.0352981494 0.7701612903 0.0623714873 0.2661290323
45.0 0.0822481152 0.7634408602 0.0507196711 0.09139784940000001
12.0 0.1473612063 0.686827957 0.046607265200000005 0.2553763441
0.0 0.6065798493 0.4838709678 0.7374914325 0.1021505377
40.0 0.41912268680000003 0.2540322581 0.0651130912 0.33602150540000003
47.0 0.5856751199 0.25134408610000003 0.19671007540000002 0.3413978495
2.0 0.7203564085 0.2594086022 0.023303632600000002 0.3360215053
19.0 0.7673063742 0.19758064520000002 0.0472926662 0.3360215053
40.0 0.8276216586 0.3198924731 0.0527758739 0.3279569892
5.0 0.8687457162000001 0.2392473118 0.017135024000000002 0.3655913979
21.0 0.2748457848 0.6290322581000001 0.054832076800000004 0.31182795700000004
40.0 0.3492117889 0.7567204301 0.0719671008 0.3467741936
48.0 0.4962302948 0.6505376344 0.1617546265 0.3225806452
40.0 0.6411925977 0.7715053763 0.061000685400000004 0.33333333330000003
48.0 0.7738176834 0.6559139785 0.1398217957 0.2849462366
2.0 0.8968471556000001 0.7473118279000001 0.0226182316 0.3279569893
12.0 0.9407128170000001 0.6666666667000001 0.0472926662 0.2688172043
5.0 0.9859492804000001 0.689516129 0.0253598355 0.3252688172
