42.0 0.1867043848 0.5135746606 0.3338048091 0.3303167421
39.0 0.3889674682 0.7873303168 0.045261669000000004 0.19004524890000002
45.0 0.44342291380000004 0.757918552 0.0693069307 0.1221719457
1.0 0.5332390382000001 0.6923076924 0.0650636492 0.1447963801
0.0 0.8514851485 0.3733031674 0.2857142857 0.0950226244
16.0 0.7376237624 0.2081447964 0.07213578500000001 0.2533936652
12.0 0.8125884017 0.1696832579 0.063649222 0.221719457
18.0 0.8988684583000001 0.165158371 0.0777934936 0.2941176471
39.0 0.964639321 0.17420814480000002 0.0678925035 0.2669683258
27.0 0.8274398868 0.7171945702 0.0480905233 0.2126696833
39.0 0.8783592645 0.5158371041 0.045261669000000004 0.2081447964
