42.0 0.0678098208 0.5592885376 0.1231488699 0.3438735177
23.0 0.1570537802 0.8280632411000001 0.031956352300000004 0.1541501976
45.0 0.19875292290000002 0.8162055336 0.0436477007 0.0750988142
16.0 0.2451286048 0.7885375494 0.024162120000000002 0.1462450593
0.0 0.6757599376 0.5434782608000001 0.6188620421000001 0.19367588930000001
17.0 0.34411535460000003 0.44071146240000003 0.0350740452 0.2173913043
27.0 0.3823070928 0.4604743083 0.0257209665 0.1541501976
23.0 0.4119251753 0.2312252964 0.0366328917 0.1699604743
9.0 0.47155105220000004 0.3913043478 0.0467653936 0.2529644269
10.0 0.5148090413 0.40513834 0.024162120000000002 0.0355731225
20.0 0.5596258768 0.3537549407 0.0452065471 0.27272727280000003
23.0 0.6098986749 0.3853754941 0.0491036633 0.22529644270000002
13.0 0.6418550273 0.1126482214 0.007014809 0.2173913043
9.0 0.6929072487 0.33399209490000004 0.0483242401 0.2569169961
10.0 0.7466874512 0.3557312252 0.0311769291 0.039525691700000004
14.0 0.7868277475000001 0.3043478261 0.038191738100000004 0.2371541502
23.0 0.8390491036000001 0.3300395257 0.0615744349 0.23320158100000002
10.0 0.8873733437 0.3122529644 0.030397505800000002 0.023715415
14.0 0.9318004677 0.2845849802 0.0350740452 0.2608695652
23.0 0.6098986750000001 0.8596837945 0.0631332814 0.2411067194
20.0 0.6473109898 0.6679841897000001 0.0335151987 0.2134387352
