42.0 0.0633877841 0.3898734177 0.11896306820000001 0.3189873418
38.0 0.1351207386 0.8113924051 0.037997159100000004 0.2
45.0 0.16317471590000002 0.8278481012000001 0.0216619318 0.0455696203
4.0 0.212890625 0.5240506329 0.055042613600000005 0.2632911392
11.0 0.2434303977 0.6531645570000001 0.0223721591 0.4202531645
15.0 0.267578125 0.7898734178 0.0216619318 0.1924050633
46.0 0.34978693180000003 0.4012658228 0.0973011364 0.2658227848
19.0 0.4115767046 0.2151898734 0.0198863637 0.1620253164
38.0 0.4744318182 0.3518987342 0.058948863600000005 0.3139240506
9.0 0.5168678978 0.3075949367 0.018110795500000002 0.2151898734
42.0 0.5988991477 0.3063291139 0.1012073864 0.3341772152
38.0 0.6677911932 0.682278481 0.0301846591 0.1746835443
45.0 0.6949573864 0.7101265823 0.0184659091 0.0481012658
4.0 0.7345525568 0.45949367090000004 0.049360795400000004 0.2962025316
11.0 0.7611860796000001 0.5746835443 0.012428977300000001 0.4050632912
18.0 0.7819602273 0.6531645570000001 0.0177556818 0.18227848100000002
47.0 0.8650568182 0.335443038 0.0973011364 0.2810126582
14.0 0.9153053978000001 0.1075949367 0.026633522700000002 0.12911392400000002
38.0 0.9758522728000001 0.2544303798 0.0482954545 0.2810126583
