42.0 0.09 0.2868217054 0.1448484848 0.3514211886
39.0 0.02 0.6563307494 0.0375757576 0.1602067183
45.0 0.0566666667 0.6679586564000001 0.0418181818 0.0594315245
0.0 0.139090909 0.6653746770000001 0.0503030303 0.0180878553
4.0 0.1490909091 0.5710594315 0.06424242420000001 0.1395348837
21.0 0.1478787878 0.7764857882 0.0266666667 0.1834625323
0.0 0.6509090909 0.4173126615 0.673939394 0.0180878552
44.0 0.3372727272 0.2209302326 0.17272727270000002 0.3126614987
39.0 0.5354545454 0.1899224806 0.058787878700000004 0.2506459948
9.0 0.5878787879 0.1937984496 0.05696969700000001 0.19638242900000002
10.0 0.6375757576000001 0.1782945736 0.0339393939 0.0155038759
15.0 0.6818181818 0.1602067184 0.0412121212 0.2583979329
50.0 0.8336363636 0.2532299742 0.18121212120000002 0.4289405685
39.0 0.9633333334 0.1821705426 0.0357575757 0.2454780362
39.0 0.5196969697 0.65374677 0.049090909 0.2428940568
9.0 0.5787878788 0.673126615 0.0557575758 0.2144702842
10.0 0.6309090909 0.6485788114000001 0.035151515200000004 0.0206718346
15.0 0.6848484849 0.6472868217000001 0.0533333333 0.3023255814
0.0 0.7742424242 0.6692506460000001 0.0733333333 0.0206718346
4.0 0.7530303030000001 0.5555555556 0.058787878800000005 0.1550387597
14.0 0.7542424242 0.7777777778 0.030909090900000002 0.1757105943
