42.0 0.1057023644 0.4984756098 0.20584144640000002 0.2774390244
35.0 0.023643949900000003 0.737804878 0.0361613352 0.14634146350000002
45.0 0.0799721836 0.7530487805 0.0681502086 0.060975609800000004
1.0 0.162030598 0.7210365854 0.0653685675 0.1006097561
0.0 0.6891515994 0.5335365854 0.5688456189000001 0.0365853659
43.0 0.4624478442 0.2789634146 0.2433936022 0.48475609750000004
20.0 0.6321279555 0.3780487805 0.0709318498 0.2012195122
12.0 0.7211404729 0.39481707320000003 0.090403338 0.20426829270000002
18.0 0.9040333797000001 0.1570121952 0.09179415860000001 0.2469512195
43.0 0.4610570236 0.7698170732 0.2294853963 0.4481707317
14.0 0.6411682893 0.8993902439 0.0723226704 0.17073170740000002
19.0 0.7260083449 0.8841463415 0.0695410292 0.1951219512
16.0 0.9012517385000001 0.6600609756 0.0695410292 0.24085365860000002
