42.0 0.14255702280000002 0.33333333330000003 0.1338535414 0.3026004728
29.0 0.0234093638 0.8108747045 0.016806722700000002 0.1607565012
45.0 0.06272509 0.828605201 0.0462184874 0.0591016549
4.0 0.12515006 0.5992907801 0.0618247299 0.2293144208
11.0 0.2082833133 0.7163120567 0.0864345738 0.31678487
15.0 0.2635054022 0.8333333334 0.0264105643 0.1773049645
0.0 0.6749699880000001 0.43735224580000004 0.6476590636 0.0661938535
50.0 0.4054621849 0.25768321510000003 0.1662665066 0.22695035460000001
16.0 0.5420168068 0.0969267139 0.0216086435 0.1702127659
29.0 0.6128451380000001 0.2352245863 0.0384153661 0.3002364066
9.0 0.6611644658 0.256501182 0.0474189676 0.2151300237
44.0 0.7947178872 0.2695035461 0.1392557023 0.2600472814
14.0 0.881752701 0.09456264780000001 0.0204081633 0.1607565011
29.0 0.9588835534000001 0.2423167849 0.0414165666 0.3096926714
14.0 0.6473589436 0.5567375886 0.037815126000000004 0.28605200950000004
