15.0 0.0227381522 0.4595469256 0.0426041168 0.33656957930000003
11.0 0.06606031600000001 0.4498381877 0.0564863571 0.4854368932
14.0 0.12350406900000001 0.6003236246 0.0488271901 0.3786407767
42.0 0.2190043083 0.6148867313 0.0799425562 0.3495145631
36.0 0.2647199617 0.851132686 0.013403542400000001 0.13592233010000002
45.0 0.2795595979 0.8268608415 0.0105313548 0.0614886731
1.0 0.3051699378 0.7944983818 0.0253709909 0.10679611650000001
0.0 0.6555768311 0.6504854369 0.5777884155 0.0517799352
47.0 0.4061752034 0.5210355987 0.0780277645 0.2071197411
14.0 0.4894686453 0.3770226537 0.0378171374 0.26860841420000003
11.0 0.5246529440000001 0.2944983818 0.055528961200000004 0.4789644013
36.0 0.5615126855 0.5307443366 0.0220201054 0.1812297735
9.0 0.5830540928 0.4822006472 0.0201053135 0.1747572815
10.0 0.6065102920000001 0.4886731392 0.01627573 0.0323624595
14.0 0.6352321685 0.4546925566 0.0344662518 0.2556634304
14.0 0.6787936812 0.36893203880000003 0.0382958354 0.2588996764
11.0 0.7233125898 0.30097087380000004 0.0689325036 0.57605178
36.0 0.7565820967 0.5210355987 0.0196266156 0.1682847896
48.0 0.8180947822 0.4838187702 0.0603159406 0.2427184466
14.0 0.8896601244000001 0.3786407767 0.0349449497 0.27184466020000003
11.0 0.9351364289 0.3090614886 0.0588798468 0.5080906149000001
36.0 0.974868358 0.5064724919 0.0205840115 0.1521035598
36.0 0.6570129248000001 0.8948220065 0.0186692197 0.1585760518
10.0 0.6773575874000001 0.7411003236 0.0134035423 0.019417475700000002
21.0 0.6898037338 0.7491909385000001 0.0114887506 0.1715210356
