42.0 0.1135576447 0.20679611650000002 0.20534388920000002 0.2233009708
29.0 0.2756061356 0.4310679612 0.0385947551 0.1669902913
45.0 0.3151904998 0.4786407767 0.0435428005 0.09126213600000001
1.0 0.3659079664 0.4466019418 0.0509648689 0.1475728155
0.0 0.6969322118 0.39126213590000003 0.5744680851 0.11456310680000001
17.0 0.7206828303 0.2087378641 0.049975259800000005 0.1572815534
21.0 0.45348837210000004 0.5805825242 0.0252350322 0.2097087379
29.0 0.4940623454 0.5475728155 0.051954478000000005 0.2019417476
14.0 0.5299356754 0.4961165048 0.0237506185 0.1378640777
9.0 0.5598713508000001 0.5446601942 0.026224641200000003 0.0951456311
10.0 0.5875804058 0.5825242718 0.0272142503 0.0155339805
15.0 0.6239485404 0.5669902912 0.044532409700000004 0.1747572815
7.0 0.7934190994 0.6941747573 0.3231073725 0.6000000000000001
18.0 0.7404750124 0.5679611651 0.0351311232 0.2271844661
29.0 0.7817911925000001 0.5669902913 0.0534388916 0.22912621360000002
20.0 0.8164275112 0.4834951456 0.0237506185 0.1320388349
9.0 0.8480950025 0.5475728156 0.028698664000000002 0.0893203883
10.0 0.8718456210000001 0.5873786408 0.0247402276 0.0213592233
14.0 0.9077189510000001 0.5970873786 0.0400791687 0.2233009709
29.0 0.9453240970000001 0.5417475729 0.0549233053 0.1941747573
14.0 0.9816922316000001 0.4980582524 0.0267194458 0.1495145631
