42.0 0.0404624278 0.48362720400000003 0.0798738833 0.2921914358
8.0 0.11087756180000001 0.7078085643 0.0336311087 0.2367758187
45.0 0.1810299528 0.7304785894 0.041513399900000005 0.12090680100000001
17.0 0.2222806096 0.7304785894 0.0304781923 0.1662468514
9.0 0.2574881766 0.5314861461 0.0304781923 0.15617128460000002
0.0 0.6095638466000001 0.5491183879 0.6358381503 0.0503778338
0.0 0.48502364680000004 0.3047858942 0.0651602733 0.0201511335
26.0 0.4805570152 0.19647355160000002 0.0225959012 0.0957178841
26.0 0.45769837100000005 0.435768262 0.026274303800000003 0.1057934509
8.0 0.5007882291 0.41561712840000004 0.0241723594 0.1863979849
2.0 0.55622701 0.2808564232 0.0310036784 0.3501259446
18.0 0.5848660010000001 0.2884130982 0.0189174987 0.1486146095
9.0 0.6145559642 0.265743073 0.0299527063 0.1586901763
10.0 0.648187073 0.27707808570000003 0.025748817700000003 0.0201511335
47.0 0.7346295324000001 0.30856423180000003 0.0966894377 0.1586901763
14.0 0.7921702575 0.09445843820000001 0.0236468734 0.1586901763
8.0 0.8641618497 0.2884130982 0.0478192328 0.2745591939
5.0 0.8933263268 0.3047858942 0.0210194429 0.39294710320000004
0.0 0.3951655281 0.7884130982 0.0788229112 0.0151133501
26.0 0.3828166054 0.7229219144 0.0246978455 0.11586901770000001
26.0 0.3575932738 0.9244332494 0.0257488176 0.1259445844
8.0 0.4006831319 0.8992443325 0.0236468734 0.19647355160000002
2.0 0.4521807672 0.7644836272000001 0.0246978455 0.3400503778
50.0 0.5373095113 0.7682619647000001 0.0867052024 0.161209068
8.0 0.6303205465 0.7481108312 0.0320546506 0.2317380353
9.0 0.6744613768000001 0.7670025189 0.0289017341 0.17380352640000002
8.0 0.7333158172 0.7392947103 0.0362585391 0.21914357680000002
50.0 0.8205465055000001 0.7670025189 0.0856542302 0.1586901764
14.0 0.8943772990000001 0.6209068010000001 0.0273252758 0.1586901764
8.0 0.9508670520000001 0.7329974811000001 0.0310036784 0.2115869018
5.0 0.9908039937 0.7884130982 0.0183920126 0.3828715365
