42.0 0.1281373844 0.43805309740000004 0.23249669750000002 0.4070796461
30.0 0.06935270810000001 0.7654867256 0.035667107 0.1858407079
45.0 0.1248348745 0.7809734514000001 0.0594451784 0.1017699115
18.0 0.20409511230000002 0.7831858407000001 0.048877146600000004 0.2123893806
0.0 0.6017173052 0.5553097345 0.7384412153000001 0.08407079640000001
13.0 0.4095112286 0.26548672560000003 0.0317040951 0.4247787611
44.0 0.6089828270000001 0.36946902660000003 0.25363276090000003 0.3053097345
2.0 0.8487450462 0.2079646018 0.033025099100000004 0.3539823009
30.0 0.9220607662 0.2876106194 0.0739762219 0.37168141590000003
5.0 0.9821664465000001 0.232300885 0.0224570674 0.3495575221
17.0 0.6380449142 0.7411504425000001 0.1268163805 0.3672566372
30.0 0.7688243064 0.7190265486 0.0660501981 0.33185840710000003
