42.0 0.20706455540000002 0.42677514800000005 0.2606577345 0.19674556210000002
8.0 0.0341047503 0.6116863906000001 0.0584652862 0.1286982249
45.0 0.1656516443 0.6094674556 0.077953715 0.0798816568
1.0 0.3233861145 0.6028106509 0.09622411700000001 0.0665680474
0.0 0.7563946406000001 0.50147929 0.45554202190000004 0.0236686391
0.0 0.6936662606 0.2677514793 0.4713763703 0.0355029586
43.0 0.6029232643 0.1094674556 0.16565164440000002 0.2100591716
17.0 0.7448233861 0.17233727810000002 0.07186358100000001 0.099112426
21.0 0.8209500609 0.16494082840000002 0.0560292326 0.102071006
8.0 0.9427527406 0.0939349112 0.0560292327 0.1079881657
43.0 0.6242387332 0.3616863905 0.1790499391 0.2085798817
15.0 0.7478684531 0.4208579881 0.0511571254 0.09615384610000001
18.0 0.8093788063 0.4149408284 0.0669914738 0.102071006
15.0 0.9384896468 0.3461538462 0.0645554202 0.1301775148
0.0 0.7618757612 0.7729289941 0.47624847750000004 0.0310650888
43.0 0.6035322777000001 0.6139053254 0.1546894032 0.1923076923
18.0 0.7503045067 0.6826923077 0.065773447 0.1050295858
12.0 0.8142509135 0.6886094674000001 0.0548112058 0.09615384610000001
8.0 0.9336175396 0.625 0.052375152200000004 0.12278106500000001
43.0 0.622411693 0.8468934911 0.1827040195 0.18195266270000002
14.0 0.7393422655 0.926035503 0.0487210719 0.1005917159
17.0 0.8038976858 0.926035503 0.06577344710000001 0.09467455620000001
16.0 0.9512789281 0.8350591716 0.065773447 0.125739645
