49.0 0.0788461538 0.3130699088 0.15549450550000002 0.44376899700000005
40.0 0.1978021978 0.4878419452 0.053846153800000005 0.4954407295
22.0 0.2651098901 0.36474164130000003 0.073076923 0.1945288754
42.0 0.44642857140000003 0.39361702120000003 0.2510989011 0.5501519757000001
28.0 0.4052197802 0.8723404255 0.040109890100000004 0.2492401216
45.0 0.4483516484 0.8693009118 0.0472527473 0.1215805471
12.0 0.4865384616 0.8100303952 0.019230769300000002 0.2158054711
9.0 0.5057692308 0.603343465 0.0236263736 0.12462006070000001
28.0 0.6532967033 0.4604863222 0.076923077 0.45288753800000003
3.0 0.6931318682000001 0.3176291794 0.0104395605 0.5683890577
49.0 0.7925824176 0.3465045592 0.139010989 0.48632218850000003
28.0 0.9332417582 0.4665653496 0.07197802190000001 0.4589665653
6.0 0.9766483516000001 0.3176291794 0.0093406593 0.5683890577
