42.0 0.0738514383 0.2012048193 0.0790038643 0.3253012048
37.0 0.014813224600000001 0.543373494 0.0201803349 0.156626506
45.0 0.043151567200000004 0.5987951808 0.034778875 0.0698795181
17.0 0.0884499786 0.5891566265 0.039501932100000005 0.2240963856
9.0 0.1266638042 0.45060240960000003 0.024903392 0.1397590361
0.0 0.2760841563 0.36867469880000003 0.2026620868 0.1204819278
50.0 0.25182481760000003 0.1855421687 0.1378273937 0.3469879518
37.0 0.35873765560000004 0.21807228920000002 0.0261914985 0.22891566270000002
37.0 0.2767282095 0.4759036144 0.0339201374 0.2144578313
42.0 0.4791756118 0.38433734940000003 0.0978960927 0.3831325302
37.0 0.4169171318 0.7289156626000001 0.0231859167 0.16144578310000002
45.0 0.452769429 0.7987951807 0.0407900387 0.09397590360000001
20.0 0.4980678403 0.765060241 0.0283383426 0.2626506024
9.0 0.5358522971 0.6240963856 0.030055818 0.1493975903
7.0 0.7863890082 0.3963855422 0.4048948047 0.5903614458
37.0 0.7091026192000001 0.4831325301 0.0416487763 0.2337349398
2.0 0.7408759124000001 0.5506024096000001 0.0261914985 0.46506024090000003
14.0 0.78939459 0.5192771084 0.0450837269 0.2867469879
9.0 0.8411335337 0.5289156626 0.0403606698 0.2192771085
21.0 0.8922284242 0.5108433735 0.0429368828 0.3036144578
37.0 0.9426792615 0.5710843374 0.0390725634 0.2554216867
5.0 0.9841133534000001 0.6240963855 0.027479605 0.4385542169
