42.0 0.10024855020000001 0.37920000000000004 0.11267605630000001 0.16
39.0 0.0563380282 0.4864 0.0165700083 0.0448
45.0 0.0894780448 0.4832 0.0364540183 0.041600000000000005
1.0 0.1458160729 0.4632 0.051367025600000005 0.0304
0.0 0.35459817730000004 0.4136 0.25849212920000003 0.04
0.0 0.425849213 0.3224 0.0662800331 0.014400000000000001
18.0 0.39933719970000003 0.23920000000000002 0.0530240265 0.1424
39.0 0.39726594860000003 0.36160000000000003 0.024026512 0.064
0.0 0.3927091964 0.6808000000000001 0.2319801159 0.046400000000000004
15.0 0.396023198 0.596 0.0563380282 0.14880000000000002
14.0 0.2837613918 0.7728 0.042253521100000004 0.128
7.0 0.42874896440000004 0.844 0.1781275891 0.296
39.0 0.4937862469 0.8544 0.0331400166 0.07680000000000001
0.0 0.770091135 0.4384 0.3454846727 0.038400000000000004
15.0 0.6512013256 0.1232 0.07787903900000001 0.1792
7.0 0.823943662 0.2056 0.2510356255 0.3952
39.0 0.9175642088 0.2064 0.0405965203 0.0864
20.0 0.6425020712 0.5736 0.0787075393 0.1872
7.0 0.8425849213000001 0.64 0.2916321458 0.3776
39.0 0.9067937034 0.6656000000000001 0.038939519400000004 0.096
