42.0 0.084752322 0.2022058824 0.16486068110000002 0.3455882353
35.0 0.1996904025 0.4387254902 0.020123839 0.1519607844
45.0 0.2368421052 0.4705882353 0.0417956657 0.044117647
18.0 0.2852167183 0.455882353 0.039473684200000005 0.1519607843
0.0 0.6865325078000001 0.4485294118 0.5820433437 0.11764705880000001
7.0 0.6586687307 0.19485294120000002 0.1455108359 0.3406862745
39.0 0.7376160991 0.2634803922 0.041795665600000004 0.1200980393
10.0 0.7778637771 0.24387254900000002 0.035603715200000004 0.0220588235
13.0 0.8010835914000001 0.2291666666 0.0077399381000000005 0.21813725490000002
2.0 0.38699690400000003 0.6004901960000001 0.0216718266 0.33333333330000003
7.0 0.48684210520000004 0.5845588236 0.1594427245 0.3602941177
39.0 0.5638544892 0.6495098039 0.044117647100000004 0.137254902
10.0 0.6052631579000001 0.6200980392000001 0.0371517028 0.024509803900000002
13.0 0.6296439628 0.6053921568 0.0100619195 0.2254901961
5.0 0.657120743 0.6360294118 0.0309597523 0.2965686275
2.0 0.6834365325 0.6495098039 0.020123839 0.29901960780000003
7.0 0.7759287926 0.75 0.1462848297 0.4852941176
39.0 0.8544891641 0.7095588235 0.041795665600000004 0.1200980392
9.0 0.8935758514000001 0.6825980392000001 0.033281733800000005 0.13480392160000002
20.0 0.9404024768 0.6875 0.047987616100000005 0.1446078432
5.0 0.9798761610000001 0.7377450980000001 0.0263157894 0.3284313725
