22.0 0.038686131400000004 0.3338983051 0.054014598600000005 0.2
42.0 0.2142335766 0.30169491530000003 0.2124087591 0.5898305085000001
38.0 0.34635036500000005 0.6389830508000001 0.06496350370000001 0.3355932203
45.0 0.4171532846 0.6610169492 0.0678832117 0.16949152550000002
10.0 0.5018248175 0.6169491526 0.0459854014 0.047457627100000004
1.0 0.5762773723 0.533898305 0.0547445255 0.1661016949
0.0 0.8332116788 0.4694915254 0.3204379562 0.0711864407
16.0 0.805109489 0.23220338980000002 0.048175182500000004 0.3355932203
38.0 0.8682481752000001 0.293220339 0.0693430657 0.2881355932
38.0 0.7124087591 0.7050847458 0.0583941606 0.27118644070000003
9.0 0.7791970803 0.6508474577000001 0.0459854014 0.2101694915
10.0 0.8237226277 0.7186440678 0.038686131400000004 0.027118644
21.0 0.8711678832 0.6508474577000001 0.0401459854 0.2983050847
3.0 0.9047445256000001 0.7050847458 0.0109489051 0.5220338983
38.0 0.9478102190000001 0.693220339 0.0664233577 0.2542372882
6.0 0.9901459854 0.7135593221000001 0.010948905200000001 0.5050847457000001
