42.0 0.1099447514 0.3027027027 0.19116022100000002 0.5405405406
33.0 0.0397790055 0.6472972973000001 0.06187845300000001 0.1378378378
45.0 0.1055248619 0.7121621622000001 0.07182320440000001 0.1
20.0 0.18121546970000002 0.6716216216 0.0419889503 0.1594594595
10.0 0.24033149180000002 0.5432432432000001 0.0408839779 0.0108108108
0.0 0.6491712708 0.5189189189 0.5491712707 0.172972973
33.0 0.4453038674 0.29189189190000003 0.1082872928 0.25405405400000003
17.0 0.5309392265 0.14594594600000002 0.047513812200000005 0.1729729729
9.0 0.6370165746 0.3135135135 0.1359116022 0.1891891892
10.0 0.7662983426000001 0.39054054060000004 0.0718232045 0.024324324300000002
16.0 0.8436464088000001 0.3972972973 0.0629834254 0.345945946
33.0 0.9408839779 0.4067567568 0.0895027624 0.22432432430000002
3.0 0.6049723757000001 0.7432432432 0.023204419900000002 0.4216216217
33.0 0.6729281768 0.795945946 0.09281767960000001 0.2729729729
6.0 0.7403314917 0.7797297298 0.0198895028 0.4189189189
