42.0 0.10866752910000001 0.3355263157 0.19663648120000002 0.3552631579
40.0 0.031694696 0.6210526316 0.0375161708 0.15789473680000002
45.0 0.0860284605 0.6026315790000001 0.06338939190000001 0.0473684211
1.0 0.1759379042 0.5447368421000001 0.0750323415 0.0578947368
0.0 0.6688227684 0.4855263158 0.6080206986000001 0.0763157894
43.0 0.5155239328 0.21447368420000001 0.2652005175 0.3921052632
18.0 0.6811125485 0.33421052630000003 0.0582147478 0.22105263160000002
21.0 0.7406209573 0.3381578947 0.0349288486 0.1710526316
15.0 0.9010349288 0.1184210526 0.0892626131 0.2105263158
43.0 0.49029754200000003 0.7565789474 0.2742561449 0.47631578950000003
19.0 0.6655886158000001 0.8460526316 0.063389392 0.2184210526
14.0 0.7393272962 0.8302631578 0.060802069900000005 0.1552631579
15.0 0.9100905563 0.6394736842000001 0.0944372574 0.247368421
