42.0 0.046284765400000004 0.30033557040000003 0.0884184309 0.3993288591
8.0 0.104400166 0.49496644300000003 0.0170195101 0.1778523489
45.0 0.1488169365 0.5620805369 0.0244914902 0.1040268456
1.0 0.2046492321 0.5218120805 0.0249066003 0.09060402690000001
0.0 0.402449149 0.5335570469 0.2337069323 0.1409395973
10.0 0.2791614778 0.1644295302 0.0178497302 0.0268456376
14.0 0.306351183 0.1644295302 0.0273972603 0.2013422818
2.0 0.3260689082 0.1661073825 0.0070568701 0.2046979865
44.0 0.3744292238 0.2516778524 0.0539643005 0.16107382550000002
14.0 0.44416770440000003 0.1577181208 0.0265670403 0.2080536912
11.0 0.4597343296 0.2214765101 0.0186799502 0.3489932886
8.0 0.4788293898 0.2181208054 0.0203403902 0.2348993289
9.0 0.5209630552 0.5587248322 0.0240763802 0.14429530200000001
10.0 0.5570776256000001 0.6073825503 0.0232461602 0.0469798658
16.0 0.5871731009 0.5939597316 0.0253217103 0.24161073830000002
14.0 0.6257783312 0.49496644300000003 0.034454130300000003 0.2651006711
11.0 0.6361560814 0.6291946308 0.0161892901 0.36577181210000004
8.0 0.6488169365 0.6459731544 0.0190950602 0.2248322147
46.0 0.7208385222 0.7298657718 0.0726442508 0.1845637584
15.0 0.800539643 0.610738255 0.0344541304 0.2214765101
11.0 0.8171440432 0.7315436242000001 0.0095475301 0.3020134228
8.0 0.8345786634 0.7667785235 0.0170195101 0.2248322148
5.0 0.8561643836 0.7651006712 0.0053964301 0.2483221477
10.0 0.8754669988 0.8070469798000001 0.0224159403 0.0302013423
14.0 0.904939809 0.8003355704 0.029887920300000002 0.2583892617
8.0 0.9452054794 0.8087248322 0.014113740100000001 0.22818791940000002
10.0 0.9699045247 0.6325503356000001 0.0153590702 0.0234899329
16.0 0.9883769199 0.639261745 0.0166044002 0.1845637584
