42.0 0.0493403694 0.6106094808 0.0965699208 0.34988713320000003
8.0 0.12189973620000001 0.7663656885 0.024274406300000002 0.1106094808
45.0 0.1810026385 0.7866817156 0.0474934037 0.1422121896
1.0 0.2488126649 0.7302483070000001 0.0469656992 0.0970654628
0.0 0.44722955140000004 0.5553047404 0.2928759895 0.0948081264
43.0 0.382585752 0.4187358916 0.108707124 0.3769751693
21.0 0.473878628 0.441309255 0.0263852243 0.1873589165
20.0 0.5007915568 0.4164785553 0.0189973615 0.151241535
8.0 0.5601583114 0.3013544018 0.038522427500000005 0.1602708804
43.0 0.3889182058 0.7945823928 0.11398416880000001 0.3792325056
15.0 0.4767810026 0.8126410836 0.035356200500000004 0.13092550790000002
18.0 0.5147757256000001 0.7923250564000001 0.0332453826 0.14898419870000001
15.0 0.5825857520000001 0.6647855530000001 0.0464379947 0.1873589165
0.0 0.7957783642 0.4176072235 0.3229551451 0.12641083520000002
43.0 0.6970976254 0.2934537246 0.1277044855 0.41083521440000004
19.0 0.8031662269000001 0.28103837470000004 0.039050132 0.1602708804
13.0 0.8614775726 0.27652370200000004 0.0480211081 0.21444695260000002
14.0 0.95646438 0.132054176 0.0744063325 0.22799097070000002
43.0 0.7306068602 0.6704288939 0.12612137210000002 0.3656884876
12.0 0.8627968338 0.7618510158 0.058047493400000004 0.2460496614
8.0 0.9437994723 0.6015801354 0.053298153 0.1828442438
