22.0 0.0359557468 0.5750000000000001 0.023970497900000002 0.06666666660000001
42.0 0.1770129072 0.5302083334000001 0.09465273510000001 0.2854166667
32.0 0.0968039336 0.9291666667 0.0239704978 0.1125
45.0 0.1293792256 0.8833333334000001 0.0362630609 0.1083333333
4.0 0.192685925 0.7552083333 0.0755992624 0.16875
11.0 0.2544560541 0.7552083333 0.0270436386 0.30625
19.0 0.2861094038 0.8489583334 0.0313460356 0.16041666670000002
47.0 0.3955132145 0.5125000000000001 0.1321450522 0.15
14.0 0.48463429620000004 0.265625 0.0436385987 0.18125000000000002
32.0 0.5706822372 0.48958333330000003 0.0411800861 0.1625
9.0 0.6235402582 0.41250000000000003 0.0571604179 0.1666666666
47.0 0.7775046097 0.4072916666 0.1647203442 0.1645833333
14.0 0.8629379226 0.12708333330000002 0.0417947142 0.17500000000000002
32.0 0.9708051629000001 0.4 0.0460971112 0.1958333334
