42.0 0.1502267574 0.3969631236 0.1394557823 0.3427331887
8.0 0.0218253968 0.8958785250000001 0.0243764172 0.1735357917
45.0 0.0870181406 0.9088937094 0.0459183674 0.0780911063
4.0 0.1607142858 0.6854663775000001 0.0776643991 0.2646420825
11.0 0.2168367347 0.7386117136 0.0425170068 0.3449023861
18.0 0.2633219954 0.8741865510000001 0.0243764173 0.1388286334
0.0 0.647675737 0.5281995662 0.6989795919 0.0976138829
47.0 0.4107142857 0.295010846 0.1615646258 0.2603036876
14.0 0.5099206349000001 0.1464208243 0.0209750567 0.1453362256
8.0 0.5853174603 0.29826464210000003 0.0504535148 0.305856833
9.0 0.6550453514 0.2689804772 0.0629251701 0.1995661605
48.0 0.7797619048000001 0.24078091100000001 0.1105442177 0.2646420825
17.0 0.8809523810000001 0.1334056399 0.0476190477 0.1540130152
8.0 0.9696712018 0.273318872 0.0436507936 0.273318872
17.0 0.668367347 0.6312364425 0.0952380953 0.2993492408
