42.0 0.1299104066 0.19296116500000002 0.133011716 0.3325242719
30.0 0.018952446600000002 0.5497572816 0.021364576200000002 0.1868932039
45.0 0.0482425913 0.5728155340000001 0.0234321158 0.08252427180000001
4.0 0.1240523776 0.42597087380000004 0.0730530669 0.21116504860000002
11.0 0.1805651275 0.5388349515 0.0702963474 0.28640776700000004
21.0 0.2139903514 0.6432038835 0.017229496900000002 0.16504854360000001
0.0 0.6364576154 0.4781553398 0.7091660923 0.2766990292
48.0 0.37284631290000003 0.1893203884 0.1295658167 0.2038834951
30.0 0.4975878704 0.2415048544 0.0441075121 0.3956310679
9.0 0.5572019297 0.2463592233 0.039283253000000004 0.1674757282
10.0 0.5971743625 0.2669902912 0.021364576200000002 0.0242718447
21.0 0.6343900758000001 0.2439320388 0.037904893200000005 0.2985436893
47.0 0.7773949 0.322815534 0.1750516885 0.2427184466
30.0 0.9583046175000001 0.42839805820000004 0.05582357 0.4344660195
30.0 0.45003445900000005 0.6128640777000001 0.044107512 0.3762135922
9.0 0.5086147484 0.6383495146 0.0385940731 0.1650485437
10.0 0.5485871813000001 0.6638349515 0.022053756100000002 0.0218446602
15.0 0.5864920744000001 0.6856796116 0.0372157133 0.1723300971
4.0 0.6592005514 0.6055825243 0.0778773259 0.22087378640000002
11.0 0.744658856 0.7050970874 0.0902825637 0.31310679610000003
16.0 0.7977257064000001 0.7354368932 0.028256374900000002 0.3058252428
