0.0 0.1036706349 0.4 0.08432539680000001 0.034285714200000005
14.0 0.1418650793 0.18 0.0555555555 0.33714285720000003
14.0 0.1284722222 0.5942857143 0.0446428571 0.3428571428
42.0 0.3348214286 0.3714285714 0.16369047620000002 0.5485714286
29.0 0.43700396820000004 0.8228571428 0.022817460300000002 0.2742857143
45.0 0.48214285710000004 0.8342857143 0.0555555555 0.1371428572
16.0 0.535218254 0.7685714286 0.0188492063 0.2685714286
0.0 0.8010912698 0.42285714280000003 0.38194444450000004 0.0342857143
15.0 0.6488095238 0.2085714286 0.0317460318 0.3257142857
44.0 0.7604166666000001 0.2542857143 0.1021825397 0.2
2.0 0.8645833334 0.2 0.016865079300000002 0.32
15.0 0.9047619048000001 0.2142857143 0.0357142857 0.30285714280000003
29.0 0.9389880952 0.2571428572 0.0287698413 0.3085714285
5.0 0.9687500000000001 0.2142857142 0.018849206400000002 0.3257142857
16.0 0.7981150794 0.6571428572 0.0248015873 0.38857142850000004
29.0 0.8293650794 0.6628571429 0.0297619047 0.2971428571
