42.0 0.0756395995 0.3105263158 0.1379310345 0.4947368421
39.0 0.1629588432 0.597368421 0.0511679644 0.1894736843
45.0 0.21245828700000002 0.6631578948 0.061179087900000005 0.16842105270000002
1.0 0.2847608454 0.6289473684 0.063403782 0.1421052632
0.0 0.5147385984 0.4947368421 0.2519466073 0.0421052632
43.0 0.4371523916 0.2171052632 0.1112347053 0.4184210527
21.0 0.5241935484 0.3552631579 0.0272525028 0.18947368420000002
14.0 0.5614571746 0.3855263158 0.039488320300000004 0.1763157894
39.0 0.6323692993000001 0.2513157894 0.0444938821 0.2236842105
43.0 0.4541156841 0.6802631579 0.12402669640000001 0.3710526316
14.0 0.5350389322 0.875 0.036707452700000004 0.1868421052
17.0 0.6181868743000001 0.7065789473 0.0583982202 0.20789473690000002
0.0 0.8378754172 0.5394736842 0.3097886541 0.0578947368
43.0 0.7513904338 0.2421052632 0.1078976641 0.3578947369
13.0 0.8334260289000001 0.4157894737 0.0406006674 0.22105263160000002
13.0 0.8706896552000001 0.4039473684 0.0372636263 0.19736842100000002
14.0 0.940211346 0.3118421052 0.0461624027 0.21315789470000002
43.0 0.7522246941 0.7552631579 0.1051167964 0.4368421052
21.0 0.8289766408 0.8657894737 0.0250278087 0.2
14.0 0.8587319244 0.8736842105 0.030033370400000002 0.1684210526
39.0 0.9318687430000001 0.7539473684 0.0472747497 0.2342105263
