42.0 0.0968468468 0.40619469020000004 0.18468468470000002 0.23893805310000002
28.0 0.2342342342 0.6035398230000001 0.0360360361 0.1026548672
45.0 0.285472973 0.5539823008 0.06644144140000001 0.0495575221
1.0 0.3643018018 0.5362831858 0.057432432400000004 0.0389380531
0.0 0.7556306306 0.5008849557 0.4684684685 0.0389380531
0.0 0.6920045045000001 0.23982300880000001 0.2623873874 0.0123893805
43.0 0.6362612612 0.1061946902 0.1396396397 0.19115044250000002
18.0 0.7286036036 0.1433628318 0.045045045000000006 0.1168141593
13.0 0.7652027027 0.168141593 0.010135135200000001 0.1168141593
28.0 0.8530405406 0.1495575221 0.0371621621 0.12212389380000001
43.0 0.6368243244 0.3522123894 0.1295045045 0.1982300885
21.0 0.7376126126 0.41681415920000003 0.0382882883 0.1575221239
13.0 0.7691441442 0.4044247788 0.0112612613 0.12212389380000001
16.0 0.8575450450000001 0.32831858410000003 0.0371621621 0.11858407080000001
0.0 0.7252252252 0.7646017700000001 0.4189189189 0.046017699100000004
43.0 0.6086711712 0.6486725663 0.12049549550000001 0.2283185841
14.0 0.7218468468 0.6831858408 0.0585585585 0.1238938053
14.0 0.7877252252 0.6823008850000001 0.0619369369 0.1150442477
28.0 0.9014639640000001 0.6964601770000001 0.0484234234 0.12212389380000001
43.0 0.6289414415 0.8637168142 0.1272522523 0.2159292035
15.0 0.7376126126 0.9132743362 0.0495495496 0.12743362830000002
18.0 0.7871621622 0.9247787611 0.051801801800000005 0.12920353980000002
16.0 0.8918918918000001 0.8407079646000001 0.0382882883 0.1026548672
