42.0 0.17909454060000002 0.291262136 0.344873502 0.5242718447
39.0 0.39014647140000003 0.5533980582 0.058588548600000005 0.2135922331
45.0 0.46404793600000005 0.5598705502 0.0705725699 0.0970873787
1.0 0.5559254328000001 0.5210355987 0.0705725699 0.1035598706
0.0 0.8295605859 0.3899676375 0.327563249 0.029126213600000003
49.0 0.7743009321000001 0.18446601940000001 0.1051930759 0.27184466020000003
39.0 0.9074567244 0.24757281550000002 0.0599201065 0.2297734628
15.0 0.964713715 0.10032362460000001 0.0412782956 0.1877022654
7.0 0.844207723 0.71197411 0.2263648469 0.5631067961
39.0 0.9513981358 0.6521035599 0.0599201065 0.21682847900000002
