42.0 0.1142631994 0.3093220339 0.15760441290000002 0.1822033898
38.0 0.0327029157 0.4925847458 0.0338849488 0.061440677900000004
45.0 0.0780141844 0.49046610160000004 0.048857368000000005 0.07838983050000001
10.0 0.1245074862 0.4841101695 0.0204885736 0.0190677966
1.0 0.1840031521 0.4650423728 0.037037037 0.0656779661
0.0 0.56107171 0.36122881360000003 0.6052009456 0.0487288135
21.0 0.31520882580000004 0.22033898300000002 0.0409771473 0.1906779661
13.0 0.3467297084 0.1980932203 0.014184397100000001 0.18432203390000002
38.0 0.3947990544 0.25 0.0661938534 0.127118644
14.0 0.4483845548 0.0646186441 0.0346729709 0.1080508475
9.0 0.5015760442 0.20550847460000002 0.048069345900000005 0.1271186441
38.0 0.5697399527 0.25 0.0583136328 0.127118644
14.0 0.6272655634000001 0.0762711864 0.0330969267 0.1228813559
9.0 0.6847911742 0.1959745763 0.0520094563 0.1122881356
16.0 0.7490149724 0.1949152542 0.0543735224 0.1737288135
38.0 0.81678487 0.25 0.060677699 0.127118644
7.0 0.6520882585000001 0.6747881356000001 0.6910953507 0.6038135594
15.0 0.4834515366 0.6514830508 0.0527974783 0.18432203390000002
17.0 0.5330969267 0.6779661016 0.0527974784 0.1906779661
38.0 0.608747045 0.6970338983000001 0.0575256107 0.12288135600000001
14.0 0.6690307328 0.5646186441000001 0.0346729709 0.1165254237
9.0 0.7218282112000001 0.655720339 0.048857368000000005 0.125
38.0 0.7974783294000001 0.7033898305 0.0677698976 0.1313559322
14.0 0.8423955870000001 0.5593220339 0.0252167061 0.1101694916
