42.0 0.14231601730000001 0.5425170068 0.262987013 0.5
35.0 0.3446969697 0.7772108844000001 0.0551948052 0.24829931970000002
45.0 0.4204545455 0.8214285714 0.079004329 0.1326530612
18.0 0.4989177489 0.75 0.0497835498 0.2482993198
0.0 0.7489177490000001 0.5102040816 0.3722943723 0.1020408163
27.0 0.6958874459000001 0.3843537415 0.08441558440000001 0.2585034014
35.0 0.7640692640000001 0.11224489800000001 0.0454545455 0.20408163270000002
10.0 0.8484848485 0.3146258504 0.0584415584 0.0442176871
14.0 0.9258658009 0.2534013606 0.079004329 0.2414965987
48.0 0.7137445888 0.7125850340000001 0.1829004329 0.3163265306
20.0 0.8917748918 0.6887755102 0.06709956710000001 0.30952380960000003
35.0 0.9653679654 0.6411564626 0.06709956710000001 0.2823129252
