42.0 0.07042747020000001 0.4664082687 0.1310441486 0.3591731266
35.0 0.011913104400000001 0.7739018088 0.016818500400000002 0.173126615
45.0 0.035388927800000004 0.7764857881 0.0287316048 0.2454780362
0.0 0.11527680450000001 0.7803617571 0.055360897000000006 0.0206718346
4.0 0.0942536791 0.6795865633 0.0385423967 0.180878553
15.0 0.1040644709 0.8669250646000001 0.034337771600000004 0.15245478040000002
47.0 0.2610371408 0.4664082688 0.1674842327 0.3281653747
21.0 0.3899789768 0.21188630490000002 0.030133146500000003 0.1447028424
35.0 0.4863349684 0.3591731266 0.0420462509 0.28423772610000003
9.0 0.5567624387 0.3475452196 0.0847932726 0.2144702843
46.0 0.7358093904 0.38372093020000003 0.1892081289 0.2919896641
14.0 0.8668535389 0.1072351421 0.0252277506 0.157622739
35.0 0.9667133848 0.31136950900000004 0.0427470217 0.34366925070000004
