42.0 0.1412175649 0.6114369502 0.22255489020000002 0.43695014670000004
40.0 0.3108782436 0.8519061584000001 0.0349301397 0.1730205279
45.0 0.3597804391 0.8533724340000001 0.0568862276 0.0762463343
16.0 0.4216566866 0.7917888563000001 0.0249500998 0.1407624634
9.0 0.4605788424 0.6070381231 0.0409181637 0.0997067449
0.0 0.7744510978 0.642228739 0.369261477 0.023460410600000002
7.0 0.7824351298000001 0.3005865103 0.3812375249 0.5718475073
40.0 0.7894211577 0.3870967742 0.0419161676 0.1935483871
15.0 0.8443113772 0.2038123167 0.0479041917 0.1671554252
10.0 0.9171656686 0.3812316716 0.0558882235 0.041055718500000005
21.0 0.9775449102 0.3152492669 0.0429141716 0.1906158358
40.0 0.7380239521 0.8563049854 0.0469061876 0.2228739003
9.0 0.7989021956 0.7859237536 0.060878243500000005 0.1407624633
21.0 0.8547904192 0.7668621701 0.0409181637 0.1964809384
