42.0 0.0802274163 0.4537914692 0.1528742894 0.3815165876
36.0 0.0271636134 0.8909952607 0.0379027164 0.14218009480000002
45.0 0.07043588120000001 0.9004739336 0.0448515477 0.09952606630000001
17.0 0.1181301326 0.8518957346 0.0315855969 0.1682464455
9.0 0.1503474416 0.7061611374 0.030322173100000002 0.1232227488
0.0 0.6013897662000001 0.6101895735 0.7757422615 0.1113744076
15.0 0.562539482 0.182464455 0.0461149716 0.31753554500000003
11.0 0.5975994946000001 0.2772511848 0.0290587492 0.327014218
36.0 0.6538218572000001 0.3909952606 0.0644346178 0.2180094787
10.0 0.25110549590000003 0.759478673 0.0372710044 0.0213270142
17.0 0.3085912824 0.7298578199 0.0612760581 0.3222748816
47.0 0.4598862918 0.7654028436 0.18445988630000001 0.2748815166
36.0 0.6370814908 0.7926540284 0.0751737208 0.2677725119
46.0 0.7946936197000001 0.7962085308 0.18572331020000002 0.31753554500000003
36.0 0.9624131396000001 0.7488151658000001 0.0638029058 0.20853080570000002
