42.0 0.0524142312 0.4140401146 0.1022871665 0.2722063037
23.0 0.124841169 0.6518624642 0.0184243964 0.10601719200000001
45.0 0.1540660737 0.6361031519 0.031130876800000002 0.0458452722
1.0 0.1858322745 0.6045845272 0.0158831004 0.0630372493
7.0 0.3996188056 0.4169054441 0.293519695 0.787965616
23.0 0.4075603558 0.441260745 0.036213468900000004 0.1833810888
13.0 0.43837357060000004 0.2979942693 0.0216010165 0.1318051576
9.0 0.4806226176 0.4140401146 0.036213468900000004 0.2263610315
23.0 0.5276365947 0.4484240688 0.033672172800000004 0.19197707730000002
9.0 0.5689326556000001 0.4097421203 0.034942820900000005 0.22349570200000002
10.0 0.6121346887 0.42836676220000003 0.0235069886 0.0544412608
7.0 0.7855781448 0.5243553009 0.3119440915 0.9340974212
23.0 0.7935196950000001 0.43123209170000004 0.033036848800000004 0.16905444120000002
21.0 0.8262388818 0.293696275 0.0196950445 0.1404011461
9.0 0.8713468869000001 0.41690544420000003 0.043837357 0.2320916905
10.0 0.9069250318000001 0.4183381089 0.0222363405 0.0401146132
14.0 0.9396442186 0.4255014327 0.0228716645 0.2492836676
23.0 0.9812579416 0.4326647564 0.0374841169 0.1719197707
