22.0 0.027393617000000002 0.4767641996 0.045212766 0.0998278829
42.0 0.1609042554 0.4819277108 0.1484042553 0.2753872633
28.0 0.11063829780000001 0.7633390706000001 0.0372340425 0.2220309811
45.0 0.15425531920000002 0.7512908778 0.048936170300000005 0.0843373494
18.0 0.2132978724 0.678141136 0.0404255319 0.17900172120000002
0.0 0.6640957447 0.43803786580000004 0.6707446808 0.0912220309
20.0 0.5226063830000001 0.1703958692 0.028191489400000002 0.199655766
28.0 0.5718085106 0.2719449226 0.042553191500000004 0.3098106713
10.0 0.6090425532 0.18244406200000002 0.0287234042 0.013769363100000001
14.0 0.6585106383 0.13080895 0.0521276596 0.2099827883
13.0 0.7066489362 0.1540447504 0.023936170200000002 0.2082616179
2.0 0.29760638300000003 0.7495697074000001 0.023936170200000002 0.29776247840000003
28.0 0.3382978723 0.7882960413000001 0.0436170213 0.3235800344
10.0 0.38138297870000004 0.6927710844 0.030851063800000002 0.0154905335
21.0 0.42340425530000003 0.6308089501 0.0382978724 0.17383821
5.0 0.4688829787 0.6953528399000001 0.028191489400000002 0.25129087780000003
2.0 0.5029255319 0.6807228916 0.0218085106 0.2495697074
7.0 0.6893617022 0.6712564544 0.3244680851 0.5094664372000001
19.0 0.6595744680000001 0.5645438898 0.0606382979 0.1893287435
28.0 0.7284574468 0.7151462995 0.0430851064 0.3149741824
10.0 0.7614361702 0.6282271945 0.023936170200000002 0.017211704
16.0 0.8114361702 0.5697074011000001 0.0526595744 0.2203098107
9.0 0.867819149 0.5757314975 0.0324468085 0.11187607570000001
20.0 0.9095744681000001 0.5550774527 0.030851063800000002 0.17383821
5.0 0.9470744681000001 0.6084337350000001 0.0260638298 0.23924268510000002
