22.0 0.0328549849 0.2894736842 0.0521148036 0.0855263158
0.0 0.5475830816 0.5378289474 0.8851963746 0.1875
42.0 0.2549093656 0.0863486842 0.1291540785 0.1628289474
36.0 0.3357250755 0.2861842106 0.0475830816 0.1513157895
45.0 0.3995468278 0.3396381579 0.0513595166 0.0805921052
0.0 0.4739425982 0.3445723684 0.079305136 0.0279605263
4.0 0.48791540790000004 0.2902960526 0.0498489426 0.09375000000000001
20.0 0.4894259818 0.40953947360000004 0.028700906300000002 0.1052631579
10.0 0.5675981873 0.19078947370000002 0.0219033232 0.0131578948
44.0 0.7129909366 0.25 0.1722054381 0.125
36.0 0.8693353474000001 0.2582236842 0.0513595166 0.1546052632
42.0 0.1351963746 0.5493421052 0.11329305140000001 0.1513157895
36.0 0.2288519638 0.7771381579000001 0.0513595167 0.1726973684
45.0 0.2877643505 0.8199013158 0.0498489426 0.0805921052
0.0 0.3761329305 0.833881579 0.0770392749 0.026315789500000002
4.0 0.37802114800000003 0.7837171053 0.053625377700000004 0.09375000000000001
15.0 0.371978852 0.9202302632 0.0415407855 0.1299342105
10.0 0.45430513600000005 0.677631579 0.0188821753 0.0131578947
10.0 0.5271903323 0.6907894737 0.0181268882 0.0131578948
15.0 0.5668429003000001 0.7162828948000001 0.0506042296 0.1858552631
46.0 0.7137462236000001 0.7664473684 0.16163141990000002 0.1315789474
18.0 0.8576283988000001 0.6883223684 0.0611782478 0.1726973684
36.0 0.9475075528 0.8215460526 0.0581570997 0.1694078947
