0.0 0.5146529563 0.7406015038 0.9706940874000001 0.4511278195
42.0 0.0375321336 0.2236842105 0.0688946015 0.2894736842
24.0 0.08894601540000001 0.3815789473 0.0164524422 0.20676691730000002
45.0 0.11336760920000001 0.4436090226 0.0262210797 0.0827067669
15.0 0.1470437018 0.3834586466 0.0205655527 0.2030075188
13.0 0.18508997430000002 0.2838345865 0.0061696658 0.24436090230000002
15.0 0.2097686376 0.2706766917 0.0267352185 0.2706766917
2.0 0.2398457584 0.2631578948 0.0210796915 0.49624060150000004
10.0 0.27095115680000004 0.3609022556 0.0287917738 0.0526315789
14.0 0.298714653 0.3176691729 0.0246786633 0.2669172932
48.0 0.3694087404 0.3665413534 0.0735218509 0.2744360902
15.0 0.4380462724 0.1804511278 0.0267352185 0.2030075188
2.0 0.4812339332 0.42481203 0.0174807198 0.3458646617
21.0 0.5084832905000001 0.3815789473 0.0236503856 0.23684210530000002
24.0 0.5401028278000001 0.447368421 0.0313624679 0.33082706770000003
5.0 0.5719794344 0.447368421 0.0179948587 0.36842105270000003
9.0 0.5984575836 0.447368421 0.031876606700000004 0.1879699249
44.0 0.6966580977 0.5657894737 0.1131105398 0.3345864662
14.0 0.7688946016 0.3233082707 0.0241645245 0.2330827068
2.0 0.8241645244 0.5770676692 0.021593830300000002 0.39473684210000004
16.0 0.8491002571 0.5394736842 0.0241645244 0.25187969920000003
24.0 0.8840616966 0.5507518797000001 0.0385604113 0.31203007520000003
5.0 0.9210796915 0.5921052632 0.0221079692 0.40977443610000003
5.0 0.9514138818000001 0.5620300752 0.0251928021 0.6804511278
14.0 0.4187660668 0.8270676692000001 0.0221079691 0.29323308270000004
