42.0 0.1290070368 0.4369024856 0.2533229085 0.3422562141
29.0 0.0406567631 0.7896749522000001 0.0422204848 0.2141491396
45.0 0.0996872557 0.7877629063 0.0602032838 0.0764818356
13.0 0.1637998436 0.7313575526 0.052384675500000005 0.1434034417
9.0 0.2071931196 0.6166347992 0.0359655981 0.0898661568
0.0 0.6739640344000001 0.3193116635 0.6505082096 0.17590822180000001
29.0 0.5738858484 0.189292543 0.0672400313 0.309751434
10.0 0.646207975 0.1969407266 0.0602032838 0.0191204589
13.0 0.7142298671 0.1281070746 0.0742767788 0.206500956
7.0 0.6450351838 0.6242829828 0.6489444879 0.4760994264
29.0 0.5261923378 0.5927342256 0.0672400313 0.29063097520000003
17.0 0.5832681783 0.5564053537 0.0328381548 0.14531548760000002
9.0 0.646207975 0.5803059274 0.0570758405 0.1472275335
10.0 0.7111024238 0.5831739962 0.0586395621 0.0229445507
16.0 0.7759968725 0.5602294456 0.0508209539 0.1912045889
29.0 0.8467552776 0.5114722754000001 0.0641125879 0.2925430211
9.0 0.9010946052000001 0.5009560229 0.0461297889 0.1414913958
21.0 0.9620797498 0.47705544930000005 0.061767005400000005 0.1969407266
