42.0 0.09866220740000001 0.45691906 0.18394648830000002 0.42297650130000003
30.0 0.040551839400000005 0.7454308094000001 0.0376254181 0.2114882506
45.0 0.0844481606 0.8028720627 0.0468227425 0.0548302872
21.0 0.1400501672 0.7454308094000001 0.044314381300000004 0.1906005222
10.0 0.1705685619 0.6214099217 0.0183946488 0.0261096606
0.0 0.6396321070000001 0.5104438642 0.6839464883 0.0234986945
3.0 0.4903846154 0.2584856397 0.0108695652 0.4751958224
30.0 0.5334448161 0.2114882506 0.0568561873 0.3812010443
10.0 0.6011705685000001 0.2898172324 0.0384615385 0.0417754569
18.0 0.6626254180000001 0.225848564 0.0710702341 0.3524804177
6.0 0.7123745819 0.2584856397 0.0117056856 0.4751958224
30.0 0.3127090301 0.7506527415 0.061872909600000005 0.4464751958
19.0 0.3691471572 0.6331592689000001 0.0342809364 0.1906005222
9.0 0.4406354516 0.7232375980000001 0.0652173913 0.2140992167
10.0 0.4966555184 0.7806788512 0.0301003344 0.0417754569
14.0 0.5710702341 0.7375979112000001 0.0819397994 0.3472584856
30.0 0.6450668896 0.7193211488 0.061036789300000005 0.3994778068
9.0 0.7211538462 0.7167101828 0.06270903010000001 0.20626631850000002
18.0 0.7993311036 0.7219321148000001 0.0702341137 0.3577023499
14.0 0.8804347826000001 0.7310704961000001 0.0702341137 0.3394255875
