42.0 0.09695357830000001 0.3125 0.1184719536 0.48809523800000004
38.0 0.0241779497 0.8660714286000001 0.0464216634 0.2440476191
45.0 0.0805125726 0.8913690476 0.0585106383 0.1875
17.0 0.1356382979 0.8452380952 0.0314313346 0.2142857143
9.0 0.1743230174 0.7232142857 0.035299806600000004 0.1964285714
48.0 0.2780464217 0.3571428572 0.11508704060000001 0.4285714285
38.0 0.4122340426 0.43303571420000003 0.0556092843 0.25297619050000003
17.0 0.46349129590000004 0.2380952381 0.035299806600000004 0.2678571428
11.0 0.4900870406 0.5029761905 0.0323984526 0.49404761900000005
38.0 0.5382011606 0.5163690476 0.0531914893 0.26488095240000004
7.0 0.7785299806 0.5 0.4110251451 0.7142857142
38.0 0.6982591876 0.5148809524 0.050290135400000005 0.25
2.0 0.7483075435000001 0.6264880952 0.0314313346 0.5744047619
16.0 0.7794970987000001 0.5163690476 0.0290135397 0.2827380952
9.0 0.8181818182 0.6026785714 0.032882011600000004 0.22321428570000001
10.0 0.8624274662 0.5952380952 0.0420696325 0.0833333333
15.0 0.9052224372000001 0.5386904762 0.0290135397 0.255952381
38.0 0.9497098646000001 0.5907738095 0.0493230174 0.25892857140000003
5.0 0.9876692456 0.6592261905 0.0130560929 0.5148809524
