42.0 0.10584843490000001 0.3873626374 0.17051070840000002 0.3956043956
32.0 0.2195222406 0.635989011 0.0304777595 0.239010989
45.0 0.2586490939 0.6222527472 0.041186161400000004 0.0631868131
18.0 0.3150741351 0.5618131868 0.0420098846 0.1675824176
0.0 0.7079901154 0.440934066 0.5428336079 0.1071428571
25.0 0.6173805602 0.2156593407 0.0387149917 0.1565934066
32.0 0.6643327842 0.25 0.0387149918 0.3351648352
10.0 0.7067545304 0.1840659341 0.0247116969 0.010989011
16.0 0.7532948930000001 0.1565934065 0.0535420099 0.3076923077
13.0 0.4258649094 0.6112637362000001 0.0263591434 0.1840659341
21.0 0.46993410220000004 0.679945055 0.0535420099 0.3269230769
9.0 0.5383031302 0.6565934066 0.060131795700000004 0.1868131868
12.0 0.6074958814 0.6236263737000001 0.0535420099 0.2747252747
32.0 0.6593904448 0.7074175824000001 0.0387149918 0.3269230769
13.0 0.6993410214 0.521978022 0.0197693575 0.1483516484
9.0 0.7557660626 0.6442307692 0.0617792422 0.1895604395
27.0 0.8278418452 0.6936813186 0.0543657331 0.2335164835
32.0 0.8797364086 0.559065934 0.029654036300000002 0.2335164835
10.0 0.9114497529000001 0.532967033 0.0172981878 0.010989011
17.0 0.9522240527 0.5151098901 0.0510708402 0.21703296700000002
