42.0 0.1013737566 0.4066780822 0.1326385599 0.2619863014
28.0 0.014921838000000002 0.9032534246 0.0270014212 0.18321917810000002
45.0 0.0433443866 0.8707191781 0.0298436759 0.0359589041
4.0 0.099952629 0.7046232876 0.058739933700000004 0.3202054795
11.0 0.1501657982 0.7714041096 0.0426338228 0.2517123288
18.0 0.1828517291 0.8518835616 0.0227380389 0.15582191780000001
0.0 0.6383230696000001 0.49743150680000003 0.7100900047 0.0462328767
16.0 0.252486973 0.2517123288 0.044528659400000004 0.2739726027
47.0 0.3782567504 0.2919520548 0.15774514450000002 0.2654109589
18.0 0.4748934154 0.125 0.0175272383 0.1438356164
28.0 0.5423969683000001 0.3159246576 0.0492657509 0.3065068493
9.0 0.5999526291 0.2363013699 0.0582662246 0.1883561644
21.0 0.6482709616 0.23801369860000002 0.036475604 0.2534246575
50.0 0.8029369967000001 0.2397260274 0.1885362388 0.32534246580000004
21.0 0.9107058266 0.1155821918 0.0260540028 0.14212328770000002
28.0 0.9774988158000001 0.3107876712 0.0440549503 0.29965753430000003
15.0 0.6136901942 0.6335616438 0.0535291331 0.2842465753
