42.0 0.0690451745 0.2023411371 0.1288501027 0.3444816054
38.0 0.1391170432 0.5117056856000001 0.033880903500000004 0.0869565218
45.0 0.1727412731 0.5100334448 0.0313141684 0.1036789298
0.0 0.2317761807 0.5367892976 0.0415811088 0.0367892977
4.0 0.2335728953 0.4565217391 0.0318275154 0.1304347826
18.0 0.2310061602 0.6421404682 0.0308008213 0.1939799331
47.0 0.36447638600000004 0.3511705686 0.1057494867 0.2207357859
16.0 0.4622689938 0.1571906354 0.0272073922 0.1939799331
38.0 0.5246406571000001 0.44983277590000004 0.045174538 0.143812709
9.0 0.5713552362000001 0.41137123740000003 0.0308008213 0.18729096990000002
42.0 0.6468172485 0.4765886288 0.0728952772 0.3177257525
38.0 0.7120123203000001 0.7090301003 0.023613963 0.07357859530000001
45.0 0.7351129364 0.6872909699 0.0215605749 0.076923077
0.0 0.7831108830000001 0.720735786 0.023100616100000002 0.030100334500000003
4.0 0.7751540041 0.6404682274 0.022587269 0.0969899666
16.0 0.7759240246 0.8361204014 0.0210472279 0.1939799331
47.0 0.8688398357 0.5953177258 0.08264887060000001 0.18729096990000002
20.0 0.9265913758000001 0.3946488294 0.0164271047 0.1605351171
38.0 0.9740759753 0.6270903010000001 0.0343942505 0.1170568562
