42.0 0.0515610218 0.3567335244 0.0605487228 0.1805157593
40.0 0.0106433302 0.7005730659 0.01371807 0.1805157594
45.0 0.0298013245 0.6189111748 0.017975402 0.07449856740000001
14.0 0.0546357616 0.6547277937 0.014664143800000001 0.10028653300000001
9.0 0.0797067171 0.5028653295000001 0.014664143800000001 0.0830945558
0.0 0.2275307474 0.42406876790000003 0.2213812678 0.0802292264
0.0 0.1504257332 0.13610315180000002 0.0473036897 0.014326647500000001
26.0 0.1589403973 0.0659025788 0.0160832545 0.1031518624
26.0 0.1449858089 0.1977077364 0.01371807 0.0974212034
40.0 0.1665089877 0.27650429800000004 0.0132450332 0.1862464184
46.0 0.2559129612 0.1561604584 0.09366130560000001 0.1404011461
40.0 0.3368022706 0.2908309456 0.023651844800000002 0.3065902579
0.0 0.2050614948 0.5616045845000001 0.036423841000000005 0.0286532951
26.0 0.2121570482 0.4985673352 0.0165562913 0.11461318050000001
26.0 0.1991485336 0.6404011461 0.0170293283 0.11174785100000001
40.0 0.2197256386 0.7063037249 0.014664143800000001 0.1747851003
40.0 0.2537842952 0.6991404012 0.025070955500000002 0.30372492830000003
42.0 0.43566698200000004 0.4570200573 0.08798486280000001 0.2091690544
40.0 0.3817407758 0.8753581662000001 0.0160832545 0.2206303725
45.0 0.40799432360000004 0.7693409742 0.0260170293 0.0888252149
16.0 0.4406338694 0.8065902578 0.0184484389 0.1404011461
9.0 0.46688741720000004 0.6332378223 0.0198675497 0.10315186250000001
7.0 0.7225638600000001 0.4111747851 0.4167455062 0.4957020058
40.0 0.6508987701000001 0.6805157594 0.026490066200000002 0.3524355301
2.0 0.6868495743 0.558739255 0.0283822138 0.30372492840000004
14.0 0.7306054872000001 0.5787965616 0.043992431400000004 0.2005730659
9.0 0.7781456954 0.5372492836 0.0340586566 0.1461318051
10.0 0.8268684958 0.5730659026 0.0473036897 0.0458452722
19.0 0.8836329234 0.5744985673 0.041627246900000005 0.2951289398
40.0 0.9264427626 0.7607449857 0.0316934721 0.36962750720000004
5.0 0.9777672658000001 0.600286533 0.033112582700000004 0.4441260745
