0.0 0.024202733400000002 0.5021505376000001 0.043849658300000004 0.0193548387
18.0 0.0287585422 0.3838709678 0.0381548975 0.2172043011
15.0 0.0253416856 0.6344086021 0.0313211845 0.2408602151
42.0 0.1836560364 0.4086021506 0.1406605923 0.3698924731
40.0 0.1076309795 0.7838709678 0.026195899800000002 0.1827956989
45.0 0.1284168565 0.7677419355 0.0267653758 0.0731182796
0.0 0.2072892938 0.7666666666 0.0603644647 0.0193548387
4.0 0.1882118451 0.7010752688 0.0381548974 0.159139785
15.0 0.19476082 0.8580645161 0.0250569476 0.1634408602
10.0 0.250569476 0.5956989248 0.0216400911 0.0172043011
0.0 0.6298405467 0.5752688172 0.6845102506 0.1182795699
18.0 0.4228359909 0.188172043 0.054100227800000004 0.2860215054
2.0 0.4618451025 0.2451612904 0.0193621868 0.37849462370000003
15.0 0.5065489750000001 0.21397849470000002 0.0461275627 0.3204301075
40.0 0.5612186788 0.30537634410000003 0.042710706200000004 0.33118279570000003
9.0 0.6099088838 0.1860215054 0.054669703900000005 0.1612903226
10.0 0.6620159454 0.2365591398 0.0370159453 0.0215053764
18.0 0.7166856492 0.2096774194 0.0529612756 0.3161290323
4.0 0.8206150342 0.264516129 0.08769931660000001 0.2666666667
5.0 0.9128701594 0.270967742 0.0284738041 0.35698924730000003
10.0 0.339977221 0.7139784947000001 0.043280182300000004 0.0301075269
16.0 0.3940774488 0.6946236559 0.0580865603 0.352688172
46.0 0.548690205 0.7451612904 0.18735763100000002 0.30752688170000003
40.0 0.6796697038 0.7677419354 0.0324601367 0.3182795699
47.0 0.8305808656 0.8043010753000001 0.1896355354 0.3870967742
40.0 0.9780751708000001 0.776344086 0.0370159453 0.33118279570000003
