42.0 0.241681261 0.4578544061 0.2802101577 0.44061302680000003
41.0 0.0639229422 0.7471264368 0.0718038529 0.15325670500000002
45.0 0.1357267951 0.6915708812 0.061295972000000004 0.09578544060000001
10.0 0.2329246935 0.7088122606 0.0700525394 0.0766283525
1.0 0.373905429 0.6800766283 0.0928196147 0.1187739463
0.0 0.7197898424 0.4961685824 0.35376532400000005 0.0727969349
15.0 0.666374781 0.3275862069 0.0718038529 0.2567049808
41.0 0.7732049037000001 0.377394636 0.10683012260000001 0.2260536398
18.0 0.8441330999000001 0.09195402300000001 0.0350262697 0.16091954020000002
15.0 0.6199649737 0.7816091954000001 0.0805604203 0.26053639840000004
3.0 0.6795096322 0.7567049808 0.0280210158 0.2567049809
41.0 0.7504378283 0.8314176246 0.0963222417 0.22988505750000002
21.0 0.8476357268 0.622605364 0.0525394046 0.18773946360000002
6.0 0.9194395797 0.8141762452 0.0420315236 0.31800766280000003
