42.0 0.09295199180000001 0.2783687943 0.1797752809 0.5070921986
40.0 0.20990806950000002 0.5975177304 0.035750766100000005 0.2304964539
45.0 0.2574055159 0.5656028368 0.06332992850000001 0.1382978723
19.0 0.34218590400000004 0.6081560284 0.051072523 0.28014184400000003
0.0 0.7063329928000001 0.5035460993 0.5383043923 0.18439716320000002
27.0 0.5158324822 0.2641843971 0.08375893770000001 0.1808510639
40.0 0.5801838611 0.1914893617 0.044943820200000005 0.2907801418
9.0 0.6506639428000001 0.2393617022 0.0612870276 0.2304964539
27.0 0.7323799796 0.29255319150000003 0.08375893770000001 0.1666666666
12.0 0.8268641471 0.1241134752 0.062308478 0.22695035460000001
10.0 0.9106230848 0.3439716312 0.08069458630000001 0.042553191500000004
13.0 0.9770173647 0.2960992907 0.027579162400000003 0.3156028369
40.0 0.4902962206 0.6843971631 0.044943820200000005 0.4042553192
44.0 0.7262512768 0.6595744681 0.3084780388 0.2907801418
40.0 0.9458631256000001 0.7765957447 0.0694586313 0.36170212760000003
