49.0 0.042301184400000004 0.3673076923 0.0834743373 0.2807692308
39.0 0.1762549351 0.41730769230000003 0.0750141004 0.2
22.0 0.2461928934 0.3961538462 0.0659898478 0.1
0.0 0.6297236323000001 0.46346153840000004 0.687535251 0.0384615385
42.0 0.4433164128 0.1105769231 0.0924985899 0.1903846154
38.0 0.5267907501 0.3567307692 0.0451212634 0.1134615385
45.0 0.5783981952 0.4048076923 0.0377890581 0.0596153846
4.0 0.6395939086 0.25865384620000004 0.0575296108 0.2019230769
11.0 0.6909193458 0.30192307690000003 0.040609137100000005 0.2346153846
19.0 0.7126339537 0.3576923077 0.0310208685 0.1192307692
10.0 0.744782854 0.26826923080000004 0.0208685843 0.0096153846
48.0 0.8302312465 0.1548076923 0.07783417940000001 0.17500000000000002
38.0 0.9100394811 0.1903846153 0.042301184400000004 0.12692307690000001
42.0 0.3381274676 0.6288461538 0.09306260570000001 0.1923076923
38.0 0.4314720812 0.8759615384 0.0541455161 0.1211538461
45.0 0.47828539200000003 0.9048076923 0.0360970107 0.0442307692
4.0 0.5465313029000001 0.7528846154000001 0.0620417372 0.1980769231
11.0 0.611393119 0.7913461538000001 0.049633389800000004 0.29423076930000003
18.0 0.6477721376000001 0.8807692308 0.0411731528 0.1730769231
10.0 0.6838691484 0.7567307692 0.021996615900000002 0.0134615385
10.0 0.7411167512 0.6538461538 0.020304568500000002 0.015384615300000001
14.0 0.7727016356 0.6317307692 0.0304568528 0.15576923080000002
44.0 0.8567399887 0.6730769231 0.0936266216 0.1461538462
21.0 0.9218838128 0.5432692308 0.0321489001 0.1480769231
38.0 0.9774393683 0.6509615385 0.0394811054 0.125
