42.0 0.144335512 0.3588235294 0.2821350762 0.5921568628
41.0 0.0359477124 0.7588235294 0.0697167756 0.1764705882
45.0 0.098583878 0.7980392157 0.0533769064 0.0274509804
10.0 0.1606753812 0.7705882353 0.027233115500000002 0.0196078432
1.0 0.2559912854 0.7431372549 0.0806100218 0.137254902
0.0 0.628540305 0.49803921560000003 0.5577342048 0.0705882353
44.0 0.559912854 0.24313725490000002 0.3289760349 0.43137254900000005
41.0 0.9139433552 0.24313725490000002 0.1241830065 0.337254902
41.0 0.6579520697 0.8019607844000001 0.12854030500000002 0.3019607843
14.0 0.7521786492 0.6137254902 0.0533769063 0.231372549
