22.0 0.0583511777 0.3438228438 0.0952890792 0.12820512820000002
42.0 0.2880085653 0.3111888112 0.244111349 0.41258741260000004
39.0 0.1980728052 0.6072261072 0.0578158459 0.1515151515
45.0 0.2542826552 0.6235431236 0.061027837300000005 0.0769230769
10.0 0.312633833 0.613053613 0.0256959315 0.0186480187
1.0 0.4020342612 0.5897435898 0.073875803 0.0979020979
0.0 0.7473233404 0.4289044289 0.4197002141 0.0186480186
13.0 0.5658458244 0.2365967366 0.0524625268 0.31002331
39.0 0.6466809422 0.2995337996 0.0899357602 0.3146853147
15.0 0.7312633833000001 0.106060606 0.0556745182 0.1934731935
9.0 0.8297644540000001 0.2331002331 0.1027837259 0.1864801864
20.0 0.948608137 0.24242424240000002 0.0942184155 0.358974359
13.0 0.6488222698 0.6643356644 0.0556745182 0.32634032630000004
3.0 0.6884368308000001 0.6759906760000001 0.017130621000000002 0.4615384616
39.0 0.7682012848 0.6853146853000001 0.1038543898 0.275058275
14.0 0.8377944326000001 0.5710955711 0.0481798715 0.1911421912
6.0 0.8961456103000001 0.6759906760000001 0.014989293400000001 0.4615384616
