49.0 0.038153682 0.43181818180000003 0.0538954109 0.2676767677
33.0 0.1419423692 0.441919192 0.0384204909 0.1801346801
22.0 0.1862326574 0.4486531986 0.0512273212 0.1195286195
0.0 0.5944503735000001 0.49663299660000004 0.7363927428 0.023569023600000003
42.0 0.3372465314 0.12373737380000001 0.0917822839 0.2070707071
39.0 0.3972785486 0.4023569024 0.0272145144 0.1279461279
45.0 0.4250266809 0.4124579124 0.0293489862 0.0639730639
4.0 0.4898612594 0.21212121220000002 0.0747065101 0.1717171717
11.0 0.5464247599000001 0.2794612794 0.0330843116 0.2356902357
16.0 0.5859124866000001 0.41161616160000003 0.0320170757 0.1464646464
10.0 0.6168623266000001 0.2920875421 0.0256136606 0.011784511800000001
0.0 0.6931696905 0.16498316500000001 0.06830309500000001 0.0168350168
26.0 0.704108858 0.0707070707 0.0240128069 0.1313131313
26.0 0.6902347919 0.23400673400000002 0.0240128068 0.12794612800000002
39.0 0.7179829242 0.25168350170000003 0.022945571 0.1127946128
44.0 0.8196371398000001 0.1346801347 0.10138740660000001 0.1414141414
39.0 0.9276947706 0.15404040400000002 0.034685165500000004 0.1835016835
42.0 0.2790821772 0.643939394 0.0896478121 0.20370370370000002
39.0 0.3388473853 0.9225589226 0.0245464248 0.1279461279
45.0 0.36899679830000004 0.9335016835000001 0.0293489862 0.06565656560000001
4.0 0.43196371400000005 0.7474747474 0.0720384205 0.1919191919
11.0 0.49519743860000004 0.8072390572 0.0469583778 0.2609427609
15.0 0.5168089648 0.9234006734 0.0240128068 0.143097643
10.0 0.5394877268 0.8122895623 0.0192102454 0.011784511800000001
0.0 0.6491462113 0.6835016835000001 0.0827107791 0.013468013400000001
26.0 0.6339381004 0.5993265993 0.026680896500000002 0.12457912460000001
26.0 0.6192636072000001 0.7676767676 0.0261472785 0.1313131313
39.0 0.6502134472000001 0.7971380471 0.029348986100000002 0.132996633
10.0 0.6961045891000001 0.6590909091 0.0336179296 0.0151515152
15.0 0.7358591248 0.6296296296 0.0352187833 0.1616161616
50.0 0.8313767342 0.6683501683 0.1195304163 0.2121212121
19.0 0.9212913554000001 0.5521885522000001 0.030416222000000003 0.1077441078
39.0 0.9805229456000001 0.6717171717 0.030416222000000003 0.1784511784
