42.0 0.08971193420000001 0.3347701149 0.1366255144 0.1522988505
30.0 0.2 0.5488505748 0.036213991800000005 0.10919540230000001
45.0 0.2395061728 0.5459770115 0.039506172900000004 0.0747126436
13.0 0.2806584362 0.5545977012000001 0.0197530864 0.1264367817
10.0 0.3086419754 0.3635057471 0.018106995900000002 0.0316091954
0.0 0.7086419754000001 0.42385057470000004 0.5794238683 0.12356321840000001
30.0 0.6300411522 0.24712643680000002 0.0452674897 0.16091954020000002
9.0 0.679835391 0.20114942530000002 0.0427983539 0.1551724138
12.0 0.7374485597 0.2025862069 0.0411522634 0.1867816092
7.0 0.6432098766000001 0.7097701150000001 0.49300411530000005 0.5804597701
2.0 0.5716049383 0.6479885058 0.0386831276 0.1925287357
30.0 0.6209876543 0.6637931034 0.0551440329 0.1264367817
10.0 0.6559670782 0.6609195403 0.024691358 0.022988505700000002
14.0 0.6934156378 0.6954022988 0.0370370371 0.1609195403
5.0 0.7341563786 0.6853448276 0.029629629600000002 0.2442528736
2.0 0.7753086419 0.6752873564 0.0378600823 0.22988505750000002
30.0 0.8168724279 0.6709770115 0.0452674897 0.1350574712
10.0 0.8613168724 0.6724137931 0.025514403300000002 0.040229885
20.0 0.9065843622 0.6494252874 0.0502057613 0.1839080459
5.0 0.9444444444000001 0.6666666667000001 0.0304526749 0.21839080460000002
