42.0 0.0946485623 0.465437788 0.1861022364 0.534562212
33.0 0.20766773160000002 0.8548387097 0.0335463259 0.198156682
45.0 0.2448083067 0.9147465438 0.035942492 0.133640553
14.0 0.3019169329 0.8778801844 0.039936102200000004 0.20737327190000002
9.0 0.3470447284 0.534562212 0.037539936100000004 0.1935483871
27.0 0.48482428120000004 0.5576036866 0.08626198090000001 0.34101382490000004
48.0 0.5730830671 0.1935483871 0.1030351438 0.267281106
33.0 0.6861022364 0.1797235023 0.0383386582 0.21198156680000002
49.0 0.7523961662 0.1797235023 0.0511182109 0.2764976958
2.0 0.8238817892 0.2142857143 0.015175718900000001 0.4101382488
17.0 0.8554313099 0.2142857143 0.036741214 0.2811059908
9.0 0.9129392972 0.1405529954 0.044728434500000004 0.198156682
33.0 0.9528753994 0.2050691244 0.0319488818 0.2442396313
5.0 0.9836261981000001 0.2350230415 0.018370607 0.4516129032
