42.0 0.0966239814 0.4385964912 0.190919674 0.28771929830000004
32.0 0.2229336438 0.7561403509 0.036088475 0.2
45.0 0.3050058208 0.6736842106 0.0791618161 0.07719298250000001
1.0 0.3894062864 0.6280701754 0.059371362000000004 0.1122807017
0.0 0.7700814901 0.5614035088 0.4458672876 0.0280701754
0.0 0.5774155996 0.30000000000000004 0.1303841677 0.0175438596
26.0 0.6193247963 0.203508772 0.0302677532 0.1263157895
26.0 0.5989522701000001 0.3877192982 0.0314318976 0.13684210530000002
32.0 0.6327124563000001 0.46140350880000003 0.0244470315 0.13684210530000002
21.0 0.7083818394 0.2929824561 0.0407450523 0.1789473685
12.0 0.7607683352 0.3122807018 0.057043073300000004 0.16842105270000002
18.0 0.8183934808000001 0.31754385960000003 0.0419091968 0.1719298245
32.0 0.8608847497000001 0.38070175440000004 0.0267753202 0.1368421052
15.0 0.9086146682 0.1649122807 0.036088475 0.1824561404
0.0 0.6949941793000001 0.747368421 0.06519208380000001 0.0140350877
26.0 0.6979045401 0.6649122807 0.0291036089 0.15087719300000002
26.0 0.6763678696000001 0.8614035088 0.0279394645 0.15789473680000002
32.0 0.7124563446000001 0.9052631579 0.0256111758 0.12631578940000002
27.0 0.7782305006 0.749122807 0.0314318976 0.1157894737
32.0 0.8178114086 0.6684210527000001 0.0267753202 0.1719298245
