42.0 0.0797619048 0.665719697 0.14047619050000001 0.36174242430000003
30.0 0.0680952381 0.9280303030000001 0.045714285800000004 0.125
45.0 0.1054761905 0.9223484848 0.0280952381 0.0568181819
13.0 0.1426190476 0.9062500000000001 0.03 0.1079545454
0.0 0.5769047619000001 0.553030303 0.8433333334 0.3636363636
2.0 0.2407142858 0.5464015152 0.0480952381 0.22916666670000002
30.0 0.3092857142 0.5274621212 0.0680952381 0.2443181818
10.0 0.36595238100000005 0.48484848480000003 0.0347619047 0.034090909100000004
14.0 0.41500000000000004 0.49147727280000003 0.0442857142 0.1571969697
5.0 0.4585714286 0.4403409091 0.038095238100000005 0.19886363640000002
2.0 0.5073809524 0.4299242424 0.0442857143 0.2083333333
7.0 0.7016666666 0.2234848485 0.3357142857 0.3712121212
21.0 0.6414285714 0.3484848485 0.027619047600000002 0.24621212120000002
18.0 0.6873809524000001 0.3446969697 0.0414285714 0.1515151516
30.0 0.75 0.3456439394 0.0628571428 0.2178030303
9.0 0.7980952381 0.3049242424 0.0438095238 0.1287878788
19.0 0.8392857143 0.27556818180000003 0.037619047600000004 0.1723484848
9.0 0.8866666666 0.2736742424 0.0371428571 0.1306818182
18.0 0.9392857143000001 0.2537878787 0.0414285714 0.1553030303
5.0 0.9666666667 0.2414772727 0.0314285714 0.1912878788
13.0 0.5647619048 0.6988636364 0.0447619047 0.1704545455
12.0 0.6061904762 0.6789772727000001 0.0352380952 0.1761363636
10.0 0.6480952381 0.65625 0.0333333334 0.0359848484
17.0 0.6866666666 0.6089015152 0.0304761905 0.2215909091
12.0 0.7330952381 0.6070075758 0.0366666666 0.1609848485
