49.0 0.0649202734 0.4474885845 0.12072892930000001 0.26484018260000003
29.0 0.24658314350000002 0.44292237440000004 0.0649202734 0.2100456621
22.0 0.3246013667 0.3219178082 0.0523917995 0.15981735160000002
42.0 0.5193621868 0.3789954338 0.19817767660000002 0.2557077626
37.0 0.43280182240000004 0.9360730594000001 0.0227790433 0.0821917809
45.0 0.47266514810000004 0.9063926940000001 0.0501138952 0.11415525110000001
19.0 0.5427107062000001 0.8698630137000001 0.0512528473 0.15068493160000002
9.0 0.5905466970000001 0.5890410959 0.044419134400000004 0.1552511416
37.0 0.6964692483 0.3493150685 0.033029612800000004 0.1415525114
3.0 0.7386104784 0.2694063927 0.0261958997 0.3378995434
49.0 0.8376993166000001 0.301369863 0.0808656037 0.2283105023
37.0 0.9618451026 0.3150684932 0.0284738041 0.1552511415
6.0 0.9914578588 0.1894977168 0.0148063781 0.2694063927
