42.0 0.08098118280000001 0.5372750642 0.124327957 0.2570694087
33.0 0.012768817200000001 0.9151670951 0.017473118200000002 0.1131105398
45.0 0.059475806400000004 0.8843187661 0.054435483900000005 0.08740359900000001
14.0 0.1169354838 0.8457583548000001 0.0430107527 0.1542416453
9.0 0.16028225810000002 0.6580976864 0.0329301075 0.0771208226
0.0 0.595094086 0.45501285340000003 0.7641129032 0.1542416453
12.0 0.3870967742 0.3316195373 0.0376344086 0.2159383033
50.0 0.4949596774 0.3187660668 0.1149193548 0.2570694087
33.0 0.6307123656 0.3149100258 0.0208333334 0.1208226221
48.0 0.7345430107 0.294344473 0.11021505370000001 0.1670951156
13.0 0.7923387097 0.0822622108 0.0080645161 0.1439588689
33.0 0.8518145161 0.2789203084 0.019489247300000002 0.1259640103
2.0 0.2627688172 0.7519280206000001 0.0215053764 0.2493573265
21.0 0.30141129040000003 0.7712082262000001 0.0463709677 0.2416452442
9.0 0.3592069892 0.7069408741000001 0.0436827957 0.1079691517
14.0 0.4163306451 0.7005141388 0.053091397900000004 0.2082262211
33.0 0.46807795700000004 0.7287917738 0.0275537634 0.1362467866
47.0 0.5762768817 0.7107969152 0.124327957 0.1311053985
33.0 0.6901881721 0.6696658098 0.020161290300000002 0.1362467866
5.0 0.7163978495000001 0.6208226221 0.010752688100000001 0.1928020566
47.0 0.8118279570000001 0.6401028278 0.1142473118 0.1233933162
14.0 0.8884408602 0.45115681230000004 0.0322580645 0.14138817480000002
33.0 0.9606854838000001 0.5951156812 0.0181451613 0.1259640103
