0.0 0.49485441760000004 0.7333333333000001 0.9771586345000001 0.1094017094
42.0 0.0675200804 0.24273504280000002 0.0486947791 0.24273504270000001
23.0 0.0544678715 0.4017094017 0.013554216800000001 0.0581196582
45.0 0.0721636546 0.3982905983 0.018825301200000002 0.0581196582
13.0 0.0859688755 0.37094017100000004 0.0027610442 0.0854700855
21.0 0.12136044180000001 0.2461538462 0.015311245000000001 0.2119658119
14.0 0.141942771 0.194017094 0.0203313253 0.1384615384
2.0 0.16390562250000001 0.2299145299 0.016566265 0.2307692308
48.0 0.2173694779 0.2316239316 0.0522088354 0.135042735
2.0 0.26606425710000003 0.2145299146 0.0135542169 0.18632478630000002
23.0 0.2886546184 0.2752136752 0.020080321300000002 0.0888888889
5.0 0.3137550201 0.2794871795 0.015562249 0.24786324780000002
0.0 0.3534136546 0.2863247863 0.060742971900000005 0.011965812000000001
26.0 0.3560491968 0.152991453 0.018825301200000002 0.1794871795
26.0 0.343373494 0.3923076923 0.0205823293 0.20341880340000001
23.0 0.3694779116 0.45555555550000004 0.0215863453 0.0940170941
47.0 0.4421435743 0.2632478632 0.0730421686 0.16410256410000001
2.0 0.49096385540000004 0.2196581196 0.012048192800000001 0.1760683761
16.0 0.5099146587 0.2307692308 0.0138052209 0.1538461539
23.0 0.531375502 0.3017094018 0.0190763052 0.1111111111
5.0 0.5537148594 0.2683760684 0.0160642571 0.2153846154
9.0 0.5751757028 0.24444444440000002 0.017821285200000002 0.12649572650000002
50.0 0.6393072289 0.24358974360000002 0.078313253 0.2170940171
2.0 0.6931475904000001 0.2341880342 0.015813253 0.1777777778
15.0 0.7104668675 0.2188034188 0.0183232932 0.1333333334
23.0 0.7344377510000001 0.2897435897 0.020582329400000002 0.08717948710000001
5.0 0.7530120482 0.2854700855 0.016566265 0.2222222222
0.0 0.7895331326 0.3034188034 0.0539658635 0.015384615400000001
26.0 0.7917921687 0.194017094 0.0193273092 0.1965811966
26.0 0.7832580322 0.4034188034 0.0178212851 0.1914529914
23.0 0.8076054217 0.4547008547 0.019829317200000002 0.082051282
46.0 0.8649598394 0.25470085470000003 0.0622489959 0.123076923
2.0 0.9176706828000001 0.2555555556 0.0165662651 0.18974358970000002
14.0 0.9309738956 0.22393162400000002 0.0175702811 0.1230769231
23.0 0.9529367470000001 0.29316239320000004 0.017821285200000002 0.0803418803
5.0 0.9732680723 0.2811965812 0.019829317200000002 0.2
5.0 0.9898343374 0.2982905983 0.0158132531 0.2341880342
42.0 0.5448042168 0.7666666666 0.0474397591 0.2170940171
23.0 0.530245984 0.958974359 0.0117971887 0.0615384615
45.0 0.5455572289 0.9615384616 0.015813253 0.0666666667
21.0 0.5618724900000001 0.9341880342000001 0.0077811245 0.11794871800000001
16.0 0.5898594377 0.7666666666 0.0160642571 0.1829059829
