0.0 0.48562091500000004 0.7248062016 0.968627451 0.17829457370000001
42.0 0.0375816994 0.34237726100000004 0.06274509810000001 0.33333333330000003
29.0 0.07434640520000001 0.4043927648 0.0120915033 0.1834625323
45.0 0.09444444440000001 0.4754521964 0.0183006536 0.09302325580000001
12.0 0.1174836601 0.4005167958 0.017320261400000002 0.1550387597
14.0 0.1550653595 0.2971576228 0.023202614400000002 0.1860465117
2.0 0.1828431372 0.3178294574 0.0166666667 0.4806201551
48.0 0.2316993464 0.3049095607 0.054248366000000006 0.2583979328
2.0 0.2831699346 0.3372093024 0.0088235294 0.2971576227
20.0 0.30114379080000003 0.30749354 0.0192810457 0.22222222230000002
29.0 0.32369281050000004 0.2971576228 0.0179738562 0.25322997410000003
5.0 0.3411764706 0.338501292 0.005882353000000001 0.32558139540000003
0.0 0.377614379 0.3604651162 0.0290849673 0.0180878553
26.0 0.374509804 0.2583979328 0.0150326797 0.180878553
26.0 0.3673202614 0.48449612400000003 0.0169934641 0.1679586563
29.0 0.38316993460000004 0.4857881137 0.0147058823 0.19638242900000002
50.0 0.4446078431 0.33462532300000003 0.0637254902 0.30749354
2.0 0.5098039216 0.33462532300000003 0.0098039216 0.29198966400000004
18.0 0.5276143791 0.28423772610000003 0.0192810458 0.2428940568
29.0 0.5467320262 0.2803617571 0.0150326797 0.2299741602
5.0 0.5658496732 0.350129199 0.0055555556 0.34366925070000004
9.0 0.5869281046 0.2894056848 0.0235294118 0.1447028423
48.0 0.6406862745 0.30361757100000003 0.0571895425 0.2558139535
2.0 0.6964052288 0.3565891472 0.017647058900000002 0.3204134367
15.0 0.7093137254 0.3449612403 0.0205882353 0.3126614987
29.0 0.7312091503 0.2958656331 0.017320261400000002 0.2506459948
5.0 0.7493464052000001 0.32428940570000003 0.0065359477 0.30749354
0.0 0.7808823530000001 0.36434108530000003 0.0343137255 0.0206718346
26.0 0.7818627451 0.2403100776 0.0147058824 0.1757105943
26.0 0.7738562092 0.4664082688 0.0150326797 0.16279069770000001
29.0 0.7903594771 0.4625322998 0.0133986928 0.18087855290000002
47.0 0.8570261438000001 0.32428940570000003 0.0689542484 0.1989664082
2.0 0.9156862745000001 0.3449612403 0.0098039216 0.30749354
14.0 0.9374183006000001 0.3049095607 0.0264705883 0.19638242890000002
29.0 0.9609477124 0.2816537468 0.0179738562 0.2325581395
5.0 0.9785947712 0.326873385 0.006209150300000001 0.3126614987
5.0 0.9924836601 0.2377260982 0.008496732 0.41343669250000004
42.0 0.4485294118 0.8242894057 0.0506535948 0.34625323
29.0 0.49591503270000004 0.8759689922 0.0147058824 0.18087855290000002
45.0 0.5147058824 0.9470284238000001 0.0183006536 0.0904392765
20.0 0.537745098 0.9005167958 0.0166666667 0.17829457370000001
21.0 0.573366013 0.7958656331 0.0212418301 0.27390180880000004
