42.0 0.1003358522 0.7270588236000001 0.18219983210000001 0.2305882353
31.0 0.0419815282 0.9470588235 0.0251889169 0.0635294118
45.0 0.0810243493 0.9082352942 0.046179681 0.0517647059
1.0 0.1452560874 0.8576470588 0.0554156171 0.09176470590000001
0.0 0.6078925273 0.5611764706 0.7136859782 0.2752941176
43.0 0.3396305626 0.4788235294 0.1637279597 0.3505882353
21.0 0.4513014274 0.4752941176 0.0344248531 0.1458823529
13.0 0.4806884971 0.46 0.0193115029 0.1388235294
31.0 0.55961377 0.3211764706 0.0411418975 0.1011764706
43.0 0.6880772460000001 0.3482352942 0.13685978170000002 0.3529411765
19.0 0.7892527288000001 0.34 0.0335852226 0.1294117648
14.0 0.8383711167000001 0.3211764706 0.047858942 0.1105882353
21.0 0.913518052 0.1564705882 0.0419815281 0.19058823530000002
43.0 0.3526448363 0.8376470588 0.1662468514 0.2964705882
17.0 0.4617968094 0.8670588235000001 0.0285474392 0.1388235294
12.0 0.5062972292 0.845882353 0.0436607892 0.1482352941
14.0 0.5982367758 0.6705882353 0.0579345088 0.16
43.0 0.7670025188 0.7164705882 0.1637279597 0.3647058823
16.0 0.8518052057000001 0.6917647059 0.0310663308 0.1411764706
20.0 0.8778337532 0.6588235294 0.0310663309 0.12235294120000001
31.0 0.9538203190000001 0.5282352941 0.0352644837 0.10588235300000001
