42.0 0.0813873626 0.3890577508 0.14629120880000002 0.5471124620000001
34.0 0.1885302198 0.6443768997 0.0212912088 0.1823708206
45.0 0.2197802198 0.6808510639 0.0357142857 0.0911854103
1.0 0.27575549450000003 0.6276595745 0.048763736200000005 0.1246200608
0.0 0.6953983516000001 0.5015197569000001 0.6050824175 0.060790273500000006
43.0 0.44642857140000003 0.2036474164 0.1346153846 0.36474164140000004
19.0 0.532967033 0.3161094225 0.032967033 0.23708206680000002
19.0 0.5676510989 0.3161094225 0.0309065934 0.23708206680000002
34.0 0.6407967033 0.19756838910000002 0.0302197802 0.24316109430000002
43.0 0.7417582417 0.24164133740000002 0.1195054945 0.41641337380000004
14.0 0.8430631868 0.3282674772 0.0391483516 0.2613981762
18.0 0.8846153846 0.33434650460000004 0.0370879121 0.27355623100000004
19.0 0.9697802198000001 0.1565349544 0.0467032967 0.282674772
43.0 0.4388736264 0.6823708207 0.11401098900000001 0.3434650456
13.0 0.5350274725 0.8191489361000001 0.021978022 0.2218844985
12.0 0.5728021978 0.8100303952 0.037087912 0.22796352590000002
18.0 0.6483516484 0.6686930092000001 0.052197802200000004 0.3161094225
43.0 0.7651098902 0.7006079027000001 0.1195054945 0.367781155
14.0 0.8681318681 0.8404255319 0.041208791200000004 0.282674772
13.0 0.9021291208000001 0.8221884499000001 0.0240384615 0.2158054711
34.0 0.9656593406 0.7142857143 0.026098901100000002 0.27355623100000004
