42.0 0.0741142444 0.605015674 0.1352133044 0.19435736680000001
40.0 0.1644974692 0.8918495298 0.0383224873 0.2037617555
45.0 0.2133044107 0.8119122257 0.047722342800000005 0.11912225700000001
0.0 0.29718004340000004 0.8181818182 0.06796818510000001 0.0250783699
4.0 0.2881417209 0.7398119122 0.0383224874 0.1379310345
17.0 0.2906724512 0.920062696 0.021691974000000003 0.1410658307
0.0 0.7165582068 0.6175548589000001 0.56109906 0.0438871473
48.0 0.4544468546 0.35579937300000003 0.0961677513 0.17241379310000002
17.0 0.5336225596 0.1112852664 0.0303687635 0.1912225705
40.0 0.6077368040000001 0.448275862 0.035430224100000005 0.25078369910000003
9.0 0.6554591468000001 0.3072100313 0.0426608822 0.1880877743
47.0 0.7704266088 0.33542319740000004 0.12219812000000001 0.1567398119
15.0 0.8658712943 0.105015674 0.0354302242 0.1912225705
40.0 0.9425162690000001 0.4623824452 0.0383224874 0.2664576803
17.0 0.6858279104 0.7288401254 0.0339840925 0.19749216300000003
