49.0 0.0384892086 0.5094043887 0.06978417270000001 0.1661442006
23.0 0.14640287770000002 0.5548589342 0.043884892 0.0846394984
22.0 0.2075539568 0.5376175549000001 0.0539568345 0.06583072100000001
0.0 0.6262589928 0.5815047022000001 0.6237410072 0.0595611286
42.0 0.4748201439 0.1003134796 0.1194244604 0.1786833856
38.0 0.3877697842 0.3048589342 0.035971223000000004 0.0517241379
45.0 0.42589928060000004 0.3056426332 0.0388489209 0.0564263323
0.0 0.48309352520000004 0.3189655172 0.028057554000000002 0.0172413793
4.0 0.4917266187 0.2648902822 0.028057554000000002 0.0689655173
15.0 0.4964028777 0.3659874608 0.0215827338 0.0642633229
10.0 0.5532374101 0.2021943574 0.0258992806 0.0125391849
46.0 0.7125899280000001 0.12068965520000001 0.1805755395 0.1159874608
38.0 0.8575539568 0.1097178684 0.0561151079 0.0940438871
42.0 0.3751798562 0.7108150470000001 0.1201438849 0.18965517240000002
38.0 0.290647482 0.9004702194 0.040287769800000005 0.0579937304
45.0 0.3273381295 0.8981191222 0.040287769800000005 0.059561128500000005
0.0 0.4208633094 0.9059561128 0.0258992805 0.0125391849
4.0 0.3928057554 0.8573667711 0.0287769784 0.0752351097
17.0 0.3967625899 0.9561128526 0.0309352518 0.0752351097
10.0 0.45359712230000004 0.7946708464000001 0.0251798562 0.0156739812
10.0 0.542086331 0.7131661442 0.0496402877 0.0188087774
17.0 0.6075539568 0.7194357367 0.061151079100000005 0.1473354232
47.0 0.7489208633000001 0.7264890282 0.1539568346 0.12068965520000001
17.0 0.8647482014000001 0.59169279 0.0302158273 0.0768025078
38.0 0.9593525180000001 0.7092476489 0.0597122302 0.0893416928
