42.0 0.077181208 0.4731343284 0.14932885910000002 0.3074626865
40.0 0.014261745000000001 0.7567164179 0.0234899329 0.10447761200000001
45.0 0.0494966443 0.695522388 0.0453020134 0.0776119403
1.0 0.1094798658 0.671641791 0.047818791900000004 0.09552238810000001
0.0 0.3913590604 0.5119402985 0.3783557047 0.026865671600000002
43.0 0.3087248322 0.24179104480000002 0.1459731544 0.3940298507
18.0 0.40645973150000003 0.37462686570000003 0.0327181208 0.1820895522
19.0 0.45721476510000003 0.36268656720000003 0.0453020134 0.1940298507
40.0 0.5524328859000001 0.3343283582 0.0377516778 0.22089552240000002
43.0 0.2990771812 0.695522388 0.1468120806 0.3402985075
15.0 0.398909396 0.8671641791 0.0394295302 0.2
12.0 0.4584731544 0.8731343284 0.054530201300000004 0.2119402985
21.0 0.5612416108 0.6791044776 0.0402684563 0.295522388
0.0 0.7944630872 0.5104477612 0.3288590604 0.023880597
43.0 0.7072147651 0.21791044780000002 0.1308724832 0.3582089553
13.0 0.8196308724 0.3940298507 0.0369127517 0.2149253731
12.0 0.874580537 0.39253731340000003 0.0562080537 0.2
17.0 0.9739932886 0.2223880597 0.0369127516 0.3253731344
43.0 0.7244127517000001 0.6850746269 0.1468120805 0.33134328360000004
18.0 0.8250838926 0.8880597015 0.0377516778 0.21791044780000002
15.0 0.8682885906000001 0.8805970149000001 0.0402684564 0.2029850746
40.0 0.9735738256 0.8044776119 0.0427852349 0.2
