42.0 0.0960674157 0.32820512820000003 0.17415730340000002 0.2666666666
29.0 0.0328651686 0.5641025641 0.0387640449 0.105982906
45.0 0.0651685394 0.5974358974 0.030337078700000002 0.0393162393
10.0 0.10505617980000001 0.5914529914000001 0.0292134831 0.010256410300000001
1.0 0.15702247190000002 0.5777777778000001 0.037640449400000005 0.0717948718
0.0 0.5969101124 0.44700854700000003 0.752247191 0.0461538462
29.0 0.3235955056 0.158974359 0.0629213483 0.2017094017
16.0 0.3716292134 0.0888888889 0.0252808989 0.123076923
9.0 0.42696629220000004 0.1803418803 0.0505617977 0.1726495727
10.0 0.4960674157 0.21025641020000002 0.0640449438 0.0307692307
14.0 0.543258427 0.1598290598 0.0539325843 0.16581196580000002
2.0 0.6064606742 0.2324786324 0.0275280899 0.3384615385
29.0 0.6598314606 0.1581196581 0.06573033710000001 0.2
13.0 0.697752809 0.0769230769 0.0078651686 0.105982906
9.0 0.7373595506 0.1487179488 0.045505618000000005 0.1299145299
10.0 0.7983146068 0.2094017094 0.0483146067 0.029059829000000002
29.0 0.8648876404 0.1735042735 0.0634831461 0.22051282060000002
5.0 0.9233146068 0.16410256410000001 0.035393258500000004 0.29743589740000004
29.0 0.2761235955 0.6743589744 0.06910112360000001 0.22735042730000002
9.0 0.333988764 0.6735042735 0.0477528089 0.1675213676
10.0 0.3952247191 0.7017094017000001 0.05 0.025641025600000002
18.0 0.456741573 0.6649572650000001 0.056179775300000005 0.2358974359
7.0 0.7129213483 0.7341880342 0.45955056180000003 0.5282051282
29.0 0.6556179776000001 0.670940171 0.0707865169 0.22393162390000002
15.0 0.7008426966 0.6162393162 0.0320224719 0.09401709400000001
9.0 0.7620786516 0.6837606838 0.0533707865 0.1811965812
10.0 0.816011236 0.6948717949000001 0.0466292135 0.015384615400000001
17.0 0.8851123596 0.6683760684000001 0.06573033710000001 0.2222222222
29.0 0.9626404494 0.6760683761 0.0679775281 0.2307692308
