42.0 0.1622596154 0.3921001926 0.2139423077 0.1868978805
39.0 0.0576923077 0.5741811176 0.048076923 0.1348747591
45.0 0.1436298077 0.5452793834 0.092548077 0.0616570327
1.0 0.25 0.5317919075 0.09375000000000001 0.08477842000000001
0.0 0.7229567308 0.43930635840000004 0.5444711539 0.042389210000000004
0.0 0.6694711538 0.2157996146 0.4639423077 0.015414258200000001
43.0 0.5787259615 0.1445086705 0.1814903846 0.20423892100000002
18.0 0.7271634616 0.1281310212 0.0673076923 0.10211946050000001
39.0 0.8491586538 0.11657032760000001 0.0685096153 0.1599229287
43.0 0.5486778846 0.34104046250000003 0.1742788462 0.2003853565
15.0 0.7187500000000001 0.3554913295 0.09855769240000001 0.11368015420000001
17.0 0.7890625 0.3554913294 0.06370192300000001 0.1175337187
13.0 0.9056490385 0.2880539499 0.015625 0.1445086706
0.0 0.6688701923 0.6888246628 0.5348557692 0.0674373796
43.0 0.5210336538 0.5732177264 0.1670673077 0.19075144500000002
21.0 0.6790865384 0.619460501 0.07451923070000001 0.1252408478
14.0 0.7518028846 0.6223506744 0.0709134616 0.10404624280000001
39.0 0.9038461538 0.5934489403000001 0.07451923070000001 0.1541425819
43.0 0.563701923 0.8082851638 0.1947115385 0.2215799615
14.0 0.7139423077 0.8526011560000001 0.0817307692 0.1175337187
16.0 0.7794471154 0.8622350674 0.061298076900000005 0.1136801541
13.0 0.8990384616 0.7861271676 0.0144230769 0.13872832370000002
