49.0 0.039367816 0.5377258236 0.0672413793 0.13815090330000002
23.0 0.13218390800000002 0.5807651435 0.0448275862 0.08395324130000001
22.0 0.1899425288 0.5318809777 0.0545977011 0.0648246546
0.0 0.5959770115 0.5483528162 0.6954022988 0.0446333687
42.0 0.4270114942 0.0940488842 0.1390804597 0.1540913921
32.0 0.3140804598 0.3682252922 0.0270114943 0.09245483530000001
45.0 0.3574712644 0.3416578108 0.048275862100000004 0.0435706695
4.0 0.42270114940000003 0.22316684380000001 0.074137931 0.1232731137
11.0 0.508045977 0.3124335813 0.0643678161 0.22741764080000001
14.0 0.5442528736 0.3193411264 0.0310344827 0.0648246547
10.0 0.5620689655000001 0.24920297560000002 0.0103448276 0.0074388948
44.0 0.6804597701 0.0706695005 0.1574712644 0.12858661
32.0 0.823275862 0.09192348560000001 0.0488505747 0.1753453773
42.0 0.37787356320000004 0.6551540914 0.141954023 0.15621679060000002
32.0 0.2718390805 0.9367693943000001 0.0287356322 0.0988310308
45.0 0.31293103450000004 0.9080765144 0.047701149400000004 0.0435706695
4.0 0.3781609195 0.802869288 0.0724137931 0.1392136026
11.0 0.45948275860000004 0.8878852284000001 0.05 0.20297555790000002
14.0 0.4985632183 0.8868225292 0.030459770100000002 0.0584484591
10.0 0.5175287356 0.8225292242000001 0.0097701149 0.0085015941
10.0 0.5663793104 0.6466524974 0.0224137931 0.013815090300000001
21.0 0.6057471264000001 0.6275239107 0.047126436800000004 0.12858661
50.0 0.7462643678 0.6381509033 0.1810344828 0.1583421892
15.0 0.8560344827 0.5345377258 0.0224137931 0.0701381509
32.0 0.9436781609 0.6487778958 0.0574712644 0.1774707757
