42.0 0.1366150442 0.3812154696 0.22455752210000002 0.45856353590000004
34.0 0.051991150400000005 0.8121546962 0.0597345133 0.1657458563
45.0 0.1155973452 0.8149171270000001 0.0674778761 0.1325966851
20.0 0.1963495576 0.83839779 0.0719026549 0.2403314917
10.0 0.2699115044 0.6298342541 0.042035398200000004 0.0276243094
0.0 0.674778761 0.5110497238 0.5752212389 0.0552486187
34.0 0.46183628320000003 0.314917127 0.1139380531 0.3480662983
2.0 0.5486725664000001 0.1975138122 0.06637168140000001 0.3342541437
34.0 0.6299778761 0.273480663 0.0873893806 0.2928176796
10.0 0.7417035398 0.2720994476 0.07632743360000001 0.058011049700000004
18.0 0.8379424778000001 0.2486187845 0.0962389381 0.45303867400000003
5.0 0.9529867256000001 0.2361878453 0.0696902655 0.4392265194
3.0 0.6095132744 0.75 0.0176991151 0.5
34.0 0.6803097345 0.7790055248000001 0.09292035400000001 0.3149171271
6.0 0.7522123894 0.7458563536 0.0132743363 0.49723756900000005
