42.0 0.15906432750000002 0.3219512195 0.23625731 0.33658536580000004
28.0 0.046783625700000005 0.6658536585 0.0584795322 0.20487804880000002
45.0 0.1216374269 0.5731707317 0.0959064328 0.15609756100000002
1.0 0.23625730990000002 0.5890243903 0.10292397660000001 0.1048780487
0.0 0.7052631579 0.5195121951 0.5847953216 0.1365853658
3.0 0.6087719298000001 0.1829268293 0.026900584800000002 0.35121951220000003
28.0 0.6742690058 0.3341463414 0.0643274853 0.3317073171
6.0 0.7415204678 0.2207317073 0.032748538 0.387804878
14.0 0.4789473684 0.6573170732 0.1649122807 0.343902439
28.0 0.6040935673 0.8073170732 0.0783625731 0.2878048781
9.0 0.7058479532 0.6695121952 0.1157894737 0.1780487805
13.0 0.8684210526 0.7195121951 0.1555555555 0.2926829268
