42.0 0.0352278065 0.7386231038000001 0.06951620480000001 0.1866977829
39.0 0.0180836074 0.893815636 0.012682010300000001 0.0723453909
45.0 0.0332315641 0.8926487748 0.0171441992 0.0466744458
1.0 0.054133396 0.8640606768 0.016204791 0.043173862300000004
0.0 0.326092062 0.6493582264000001 0.5065758572 0.3815635939
14.0 0.3407703147 0.5099183197 0.0277125411 0.17036172700000002
7.0 0.2128933772 0.8086347725 0.2238139972 0.3757292882
39.0 0.1667449507 0.9084014002 0.023954908400000002 0.1551925321
15.0 0.1813057774 0.8290548424 0.011742602100000001 0.09684947490000001
9.0 0.206200094 0.8354725788 0.0225457961 0.0933488915
10.0 0.2349694692 0.8372228705 0.0190230155 0.0361726954
14.0 0.2619774542 0.8185530922 0.0232503522 0.162193699
29.0 0.28511038050000004 0.7882147024 0.0220760921 0.17152858810000002
39.0 0.3102395491 0.8074679113000001 0.0197275716 0.14002333720000001
9.0 0.3326679192 0.7502917153 0.0227806482 0.08634772460000001
10.0 0.3606153124 0.7555425904 0.019962423700000002 0.0338389731
19.0 0.3792860498 0.7473745624 0.0178487553 0.18086347730000002
7.0 0.47252231100000003 0.6977829638 0.1573508689 0.3990665111
39.0 0.4578440582 0.7211201867 0.0218412401 0.147024504
20.0 0.4720526069 0.6423570595 0.010803194 0.0875145858
9.0 0.4929544387 0.6464410735 0.021606388 0.08168028000000001
10.0 0.5199624236 0.6557759626 0.0187881635 0.035005834300000004
15.0 0.5418036637 0.6318553092 0.017379051200000002 0.1528588098
39.0 0.5672851104000001 0.6499416569 0.02184124 0.1446907818
0.0 0.7784170972000001 0.3401400234 0.41921089710000004 0.2835472579
7.0 0.6872945045000001 0.2992998833 0.19610145610000002 0.4095682614
39.0 0.6425551902000001 0.3465577596 0.0211366839 0.14002333720000001
21.0 0.6539455143 0.27479579930000003 0.0100986379 0.0851808634
9.0 0.6771958666 0.28004667440000003 0.0223109441 0.0840140023
10.0 0.700681071 0.2917152858 0.016674495100000002 0.035005834300000004
15.0 0.7229920150000001 0.2730455076 0.0176139033 0.1586931155
29.0 0.7436589948 0.2473745624 0.0209018319 0.16102683780000002
39.0 0.7657350869 0.260210035 0.0199624236 0.1236872812
9.0 0.7864020667 0.2158693116 0.02184124 0.0840140023
7.0 0.8808125881000001 0.2077012835 0.1533583842 0.4084014003
39.0 0.8562705496 0.20420070010000002 0.0187881635 0.1190198366
15.0 0.869422264 0.141773629 0.010333489900000001 0.07584597430000001
9.0 0.8930248944 0.16102683780000002 0.023250352300000002 0.09334889140000001
10.0 0.912752466 0.1651108518 0.0152653829 0.0361726954
18.0 0.934593706 0.1336056009 0.019962423700000002 0.1575262544
39.0 0.9551432598 0.1423570595 0.0192578675 0.11435239200000001
7.0 0.6993893846 0.5122520420000001 0.2005636449 0.36639439900000004
39.0 0.6530061062 0.5845974329 0.021371535900000002 0.130688448
17.0 0.6654532644000001 0.5145857643 0.0100986379 0.07934655780000001
9.0 0.690582433 0.5297549592 0.023250352300000002 0.09101516920000001
10.0 0.7113668389000001 0.5303383897 0.0155002348 0.0291715286
17.0 0.7347346172 0.5052508752 0.0180836074 0.1470245041
29.0 0.7606857680000001 0.491831972 0.0197275716 0.17152858810000002
39.0 0.7777125411 0.5105017503 0.0204321278 0.1365227538
9.0 0.7961484265000001 0.4504084014 0.0197275716 0.07467911320000001
7.0 0.8883278534 0.3990665111 0.1486613433 0.3360560094
39.0 0.8682480038 0.4492415403 0.0192578675 0.1283547258
19.0 0.8783466416 0.3838973162 0.0089243776 0.0886814469
9.0 0.8988961954 0.3943990665 0.0190230155 0.08634772460000001
10.0 0.9215594176 0.39848308060000004 0.015030530700000001 0.031505250900000004
19.0 0.9391733208 0.3868144691 0.0150305308 0.1691948658
39.0 0.9594880226 0.389731622 0.018083607300000002 0.1260210035
