42.0 0.12598425200000002 0.2962138084 0.1364829396 0.3073496659
37.0 0.0238845144 0.8853006682000001 0.0236220473 0.1314031181
45.0 0.0635170604 0.8942093541 0.0419947507 0.07349665920000001
4.0 0.1293963254 0.644766147 0.0719160105 0.24721603560000002
11.0 0.1811023622 0.7795100222 0.0335958006 0.3563474387
21.0 0.2312335958 0.8630289532000001 0.0215223098 0.144766147
0.0 0.6385826772000001 0.5233853006 0.7144356955000001 0.1559020045
44.0 0.3934383202 0.3017817372 0.2020997376 0.3229398664
19.0 0.4947506562 0.10133630290000001 0.024671916000000002 0.144766147
37.0 0.5719160105000001 0.276169265 0.0509186352 0.22717149220000002
9.0 0.6194225722000001 0.24053452120000002 0.0388451444 0.2093541203
46.0 0.737007874 0.32962138080000003 0.143832021 0.3563474387
14.0 0.867191601 0.12026726060000001 0.0356955381 0.1870824054
37.0 0.9414698162 0.2639198218 0.041469816300000004 0.21158129180000002
19.0 0.6286089238 0.556792873 0.046719160100000004 0.25389755010000004
