42.0 0.08049792530000001 0.339 0.10456431540000001 0.23
39.0 0.013692946000000001 0.47800000000000004 0.0207468879 0.064
45.0 0.04813278 0.47600000000000003 0.0398340249 0.068
10.0 0.0921161826 0.464 0.0315352697 0.024
1.0 0.1502074689 0.446 0.0331950208 0.052000000000000005
0.0 0.5883817428 0.359 0.7053941909 0.046
39.0 0.33817427380000004 0.247 0.042323651500000004 0.122
17.0 0.37012448130000003 0.091 0.024896265600000002 0.11
9.0 0.42282157680000004 0.221 0.0456431535 0.13
10.0 0.487966805 0.218 0.0564315353 0.04
2.0 0.5331950208 0.20400000000000001 0.0290456431 0.168
39.0 0.5796680498 0.253 0.035684647300000004 0.13
13.0 0.6128630706 0.079 0.0157676349 0.098
9.0 0.6618257261 0.20400000000000001 0.0489626556 0.108
10.0 0.7236514523 0.215 0.0547717842 0.038
20.0 0.7800829876 0.197 0.0481327801 0.17400000000000002
39.0 0.8294605809000001 0.248 0.0373443984 0.124
5.0 0.8726141078 0.224 0.0273858921 0.188
39.0 0.2634854772 0.669 0.0373443983 0.122
9.0 0.3161825726 0.643 0.046473029000000006 0.13
10.0 0.3734439834 0.634 0.046473029000000006 0.032
16.0 0.4377593361 0.643 0.0489626556 0.198
7.0 0.7360995851000001 0.678 0.5062240664000001 0.624
39.0 0.6767634854 0.674 0.0373443983 0.128
15.0 0.7124481328000001 0.549 0.02406639 0.098
9.0 0.7668049792 0.634 0.0448132781 0.12
10.0 0.8307053942 0.634 0.0531120332 0.032
20.0 0.8900414938000001 0.625 0.0489626556 0.182
39.0 0.9356846473 0.673 0.0340248962 0.126
