42.0 0.0743639922 0.3475452196 0.14481409 0.3591731266
30.0 0.1744944554 0.7751937984 0.0254403131 0.2377260981
45.0 0.2110241357 0.8087855297000001 0.0358773646 0.0516795866
4.0 0.27462491850000004 0.4909560724 0.06914546640000001 0.2377260981
11.0 0.3378995434 0.6899224806 0.0313111546 0.4909560724
21.0 0.3891063274 0.799741602 0.0293542075 0.2248062015
0.0 0.7407045010000001 0.4612403101 0.5172863666 0.0439276486
48.0 0.5228310502 0.2868217054 0.1076320939 0.2583979328
20.0 0.5991519895 0.1589147287 0.0293542075 0.1937984496
30.0 0.6689497716 0.2816537468 0.0371819961 0.2790697675
9.0 0.7100456621 0.29457364340000003 0.037181996 0.1602067184
44.0 0.8235485975 0.338501292 0.12850619700000002 0.2377260982
17.0 0.9001956947 0.149870801 0.023483366000000002 0.180878553
30.0 0.9667318982 0.28423772610000003 0.0352250489 0.28423772610000003
14.0 0.7283105023 0.5658914728000001 0.0450097848 0.2325581395
