42.0 0.062426152000000006 0.5833333334 0.12170145730000001 0.3095238095
28.0 0.1476959433 0.86996337 0.0283576211 0.20512820510000002
45.0 0.1762504923 0.8232600732 0.0342654588 0.0567765567
4.0 0.22390705 0.6675824176 0.0586845215 0.1703296703
11.0 0.2896809768 0.6391941392 0.0508074045 0.3186813186
15.0 0.3077983458 0.7536630037000001 0.0200866482 0.13369963370000001
46.0 0.42004726270000003 0.434981685 0.17211500600000001 0.228937729
14.0 0.5169358015000001 0.2811355312 0.025600630200000002 0.1886446887
28.0 0.588420638 0.4761904762 0.040961008300000004 0.34432234440000004
9.0 0.6423788894 0.39926739920000004 0.059078377300000005 0.1648351649
44.0 0.7672311934 0.28388278380000004 0.1630563214 0.2271062271
15.0 0.8934619929000001 0.09981684980000001 0.0248129184 0.1813186813
28.0 0.9730208744000001 0.2893772893 0.048444269400000003 0.34065934070000004
