0.0 0.501173709 0.5845070423000001 0.9835680751 0.3859154929
42.0 0.19894366200000002 0.4084507042 0.2007042253 0.1746478873
34.0 0.3339201878 0.5295774648 0.0387323944 0.0788732394
45.0 0.37382629110000004 0.5140845070000001 0.043427230000000004 0.0478873239
13.0 0.4166666667 0.5028169014 0.0117370892 0.08732394360000001
9.0 0.4395539906 0.35492957740000003 0.0410798122 0.0845070423
18.0 0.5622065728 0.3309859155 0.042253521100000004 0.12112676060000001
12.0 0.6062206572000001 0.3211267606 0.0340375587 0.1070422535
17.0 0.6578638498 0.30704225350000003 0.0387323943 0.1183098592
49.0 0.7664319248 0.26197183100000004 0.07746478870000001 0.1014084507
34.0 0.8697183098 0.25070422540000004 0.0375586855 0.1014084507
15.0 0.896713615 0.1112676056 0.032863849800000004 0.09295774650000001
42.0 0.3139671362 0.7873239436 0.1772300469 0.1718309859
34.0 0.4501173708 0.8915492958000001 0.0340375587 0.0873239437
45.0 0.49061032860000003 0.8704225352 0.0399061033 0.050704225400000004
12.0 0.5416666667 0.8633802817 0.031690140900000004 0.08732394360000001
9.0 0.5751173709 0.7000000000000001 0.042253521200000005 0.0816901408
7.0 0.7828638498 0.7197183098000001 0.1948356807 0.5436619719
40.0 0.8532863850000001 0.6760563380000001 0.0352112676 0.1746478873
