42.0 0.0557928457 0.5520134228 0.10304324620000001 0.33221476510000003
35.0 0.1502936466 0.744966443 0.0282968499 0.1476510067
45.0 0.1844634276 0.7432885906000001 0.029364655700000002 0.1040268456
0.0 0.2287773625 0.7399328860000001 0.035771489600000005 0.0167785235
4.0 0.23678590500000002 0.6191275168 0.029364655700000002 0.1375838926
15.0 0.2455953016 0.8741610738000001 0.0245595301 0.20469798660000002
46.0 0.3769353978 0.42953020140000003 0.1163908169 0.21476510070000002
18.0 0.4543513081 0.19463087240000002 0.018152696200000002 0.18791946310000002
35.0 0.5234917245 0.3926174496 0.038974906600000005 0.2348993289
9.0 0.5699412706 0.3674496644 0.0304324613 0.2248322148
42.0 0.648691938 0.3489932886 0.0779498131 0.24832214760000001
35.0 0.7186332088 0.5268456376 0.0202883075 0.1073825504
45.0 0.7402562734 0.5335570470000001 0.0176187933 0.0805369128
0.0 0.7709556860000001 0.5369127517 0.0224239189 0.0134228188
4.0 0.7781633743 0.4345637584 0.021890016 0.12416107380000001
15.0 0.7856380139 0.6224832215 0.0176187934 0.1644295302
47.0 0.8756006406 0.317114094 0.0843566471 0.1979865772
16.0 0.9225840897 0.0889261745 0.021356113200000002 0.1577181208
35.0 0.9831820608 0.2701342282 0.031500266900000004 0.2181208054
