49.0 0.0292594511 0.5945723684 0.042982910400000005 0.13651315790000002
30.0 0.08984981880000001 0.5805921052 0.0274469187 0.1052631579
22.0 0.1276540652 0.5871710526 0.0274469187 0.0559210526
0.0 0.4997410668 0.6356907895 0.6701191092000001 0.0542763158
42.0 0.326255826 0.2491776316 0.09321595020000001 0.16611842100000002
39.0 0.25556706360000003 0.42927631580000003 0.016053858100000002 0.0493421052
45.0 0.2767995857 0.4325657895 0.0233039876 0.039473684200000005
0.0 0.3557742102 0.4391447368 0.051786639100000004 0.0098684211
4.0 0.3244432936 0.39720394740000003 0.034697048200000004 0.0476973684
18.0 0.3301398239 0.4827302632 0.0233039876 0.0740131579
10.0 0.3821853962 0.3453947368 0.0217503884 0.0131578947
10.0 0.45002589330000003 0.2368421052 0.042465044 0.0328947369
15.0 0.4984464008 0.2327302632 0.0398757121 0.1069078947
44.0 0.6235111341 0.2417763158 0.1481097877 0.15789473680000002
21.0 0.7265665458 0.08470394740000001 0.0300362507 0.0871710526
39.0 0.8107198342 0.22368421060000002 0.0398757121 0.12828947370000002
42.0 0.23226307610000002 0.7409539474 0.0864836872 0.1694078947
39.0 0.1654583117 0.9095394737 0.0129466597 0.0625
45.0 0.18565510100000002 0.9054276316000001 0.021232522 0.0378289474
0.0 0.24391507 0.9284539474 0.0476437079 0.0213815789
4.0 0.2379596064 0.8824013158 0.0419471776 0.0509868421
17.0 0.236147074 0.9514802632 0.0258933195 0.041118421100000004
10.0 0.283790782 0.8453947368 0.019678922800000002 0.0098684211
20.0 0.3386846194 0.7467105264 0.022786121200000002 0.12828947370000002
47.0 0.44691869500000003 0.8018092105 0.14085965820000002 0.18914473680000002
14.0 0.5572242361 0.6768092106 0.023821853900000002 0.06743421050000001
39.0 0.6325737960000001 0.7976973684 0.035732780900000004 0.11184210530000001
47.0 0.7959606422000001 0.8141447368 0.2092180217 0.1644736842
39.0 0.9715173485 0.8577302632 0.053858104600000005 0.1463815789
