42.0 0.0796308954 0.40831556500000005 0.15789473680000002 0.2835820895
40.0 0.1971975393 0.6950959488 0.032125769000000005 0.2430703625
45.0 0.23239917980000002 0.6321961621000001 0.0355434039 0.0874200427
1.0 0.2710184552 0.6012793177 0.022556391000000002 0.0554371002
0.0 0.6784005468000001 0.4925373134 0.6035543404 0.0213219616
43.0 0.422761449 0.2611940298 0.1360218729 0.4413646055
14.0 0.529391661 0.38059701490000003 0.034859877000000004 0.1343283582
18.0 0.5663021189 0.3731343284 0.0362269309 0.1364605543
40.0 0.6428571428000001 0.2857142857 0.0375939849 0.3496801706
43.0 0.7621326043000001 0.2388059702 0.13533834590000002 0.4136460555
14.0 0.8656869446000001 0.3880597015 0.030758715000000002 0.14498933900000002
16.0 0.9039644566 0.38059701490000003 0.030758715000000002 0.1343283582
12.0 0.9771018455 0.1300639659 0.043062201 0.2004264392
43.0 0.4306220096 0.7430703625 0.1271360219 0.4498933902
21.0 0.5423786740000001 0.8358208955 0.0348598769 0.1535181237
20.0 0.6288448393 0.6076759062 0.0533151059 0.21321961620000002
43.0 0.7518796992 0.7249466951 0.1380724539 0.42643923240000003
21.0 0.8571428571 0.8432835821 0.0369104579 0.1641791044
19.0 0.8933697881 0.8507462686 0.025974026 0.1663113007
40.0 0.963773069 0.7505330490000001 0.0369104579 0.3326226013
