22.0 0.0307354555 0.2297794118 0.048298573000000004 0.1507352941
42.0 0.2052689352 0.2555147059 0.1909989023 0.268382353
35.0 0.35400658620000003 0.5238970588 0.0537870472 0.2389705882
45.0 0.41767288690000004 0.5680147058 0.0537870472 0.09191176470000001
1.0 0.5054884742 0.5459558824 0.069154775 0.1507352941
0.0 0.7941822173 0.4742647058 0.40504939630000003 0.0955882353
20.0 0.6816684961 0.3180147059 0.0417124039 0.1875
35.0 0.7436882546 0.3125 0.0581778265 0.2794117648
21.0 0.8117453348 0.0955882353 0.0384193194 0.169117647
9.0 0.8858397366 0.3455882353 0.0680570801 0.169117647
20.0 0.9566410538000001 0.37867647060000004 0.0450054885 0.1911764706
14.0 0.7096597146 0.7757352941000001 0.0603732162 0.169117647
3.0 0.7661909989 0.7720588235 0.0197585072 0.1985294118
35.0 0.8046103183000001 0.75 0.0592755214 0.23529411760000002
16.0 0.8830954994 0.6286764706 0.0559824369 0.2132352941
6.0 0.9478594950000001 0.8272058824 0.0208562019 0.2058823529
