42.0 0.1298076924 0.354368932 0.2076923077 0.2330097087
32.0 0.2341346154 0.5788834951 0.0298076923 0.1092233009
45.0 0.2725961538 0.5400485437 0.0394230769 0.041262136000000005
10.0 0.31682692300000004 0.5412621359 0.020192307700000002 0.029126213600000003
1.0 0.37836538470000003 0.4987864078 0.0394230769 0.050970873800000004
0.0 0.7125 0.379854369 0.5423076924 0.041262135900000003
15.0 0.5663461539 0.2220873786 0.0442307693 0.1577669903
16.0 0.614423077 0.20752427180000002 0.042307692300000005 0.14805825250000001
32.0 0.6639423077000001 0.27063106800000003 0.0432692308 0.1383495145
13.0 0.6990384616 0.077669903 0.0230769231 0.1213592233
9.0 0.7331730769 0.21723300980000002 0.0278846154 0.09951456310000001
32.0 0.7807692308 0.2779126214 0.042307692300000005 0.14805825250000001
18.0 0.8288461538 0.0788834952 0.0480769231 0.11893203890000001
9.0 0.8831730769 0.21723300980000002 0.033653846200000004 0.09951456310000001
32.0 0.9259615384000001 0.2645631068 0.042307692300000005 0.1310679612
7.0 0.7048076923000001 0.6929611651 0.42307692300000005 0.5849514563
18.0 0.6951923077000001 0.6516990291 0.053846153800000005 0.1480582524
15.0 0.7615384615 0.6589805825 0.05 0.1529126214
32.0 0.8043269231 0.7050970874 0.0394230769 0.12864077670000001
13.0 0.8370192308000001 0.5570388350000001 0.0182692308 0.12864077670000001
9.0 0.8774038462 0.6456310679 0.0317307693 0.0825242719
32.0 0.9211538462000001 0.7050970874 0.0403846153 0.12864077670000001
15.0 0.9629807692000001 0.5509708738 0.035576923100000005 0.1116504854
