42.0 0.1022248947 0.2837837838 0.2008418521 0.5513513514
38.0 0.2339146122 0.4297297297 0.0565243535 0.1783783784
45.0 0.3078773301 0.568918919 0.0709561034 0.1972972973
1.0 0.383042694 0.5081081081000001 0.06494287430000001 0.14594594600000002
0.0 0.7137702946000001 0.5824324324 0.5411906193 0.272972973
43.0 0.536981359 0.2797297298 0.10222489480000001 0.4189189189
17.0 0.6124473842 0.3283783784 0.0306674685 0.154054054
15.0 0.6419122069000001 0.37297297300000004 0.028262176700000002 0.18378378380000002
38.0 0.7143716175 0.2527027027 0.0553217077 0.1756756756
43.0 0.8205051112 0.40540540540000003 0.10643415510000001 0.4378378378
18.0 0.8833433554000001 0.4337837838 0.0276608539 0.154054054
15.0 0.9152134696 0.46351351350000003 0.0288634997 0.17027027020000002
12.0 0.9708358388 0.3364864864 0.0318701143 0.20270270270000001
43.0 0.5324714372 0.6932432432 0.10763680090000001 0.3972972973
17.0 0.601022249 0.7675675676 0.0270595309 0.1675675676
15.0 0.6334936861 0.7972972973 0.027059531 0.172972973
17.0 0.6960312688 0.6445945946 0.0354780517 0.2081081081
43.0 0.7943475646 0.7756756757000001 0.1010222489 0.3783783784
19.0 0.8631990379000001 0.8837837838 0.0306674684 0.2
14.0 0.8953698136 0.8851351352 0.026458208 0.1756756757
38.0 0.966325917 0.7540540541 0.0553217078 0.1945945946
