0.0 0.4960278054 0.5452876377 0.9900695134 0.0428396572
42.0 0.1767626614 0.2093023256 0.1747765641 0.16156670750000002
29.0 0.0427010924 0.4094247246 0.0436941411 0.1358629131
45.0 0.1191658392 0.4228886169 0.0794438927 0.0722154222
19.0 0.2194637537 0.3984088127 0.0635551142 0.1187270502
9.0 0.29195630580000004 0.3090575276 0.06951340610000001 0.0820073439
16.0 0.4374379344 0.1848225214 0.0863952333 0.1689106487
14.0 0.5362462761 0.18727050180000002 0.09731876860000001 0.1713586291
49.0 0.7159880834 0.20624235 0.1171797418 0.1676866585
29.0 0.8565044688000001 0.182374541 0.0585898709 0.1738066096
13.0 0.9245283019 0.07894736840000001 0.0575968222 0.1285189718
42.0 0.3376365442 0.7209302326 0.1787487587 0.1664626683
29.0 0.1911618669 0.9277845778 0.0427010923 0.1321909425
45.0 0.26812313800000004 0.9400244798 0.0814299901 0.07099143200000001
14.0 0.373386296 0.8977968176000001 0.0794438927 0.1064871481
9.0 0.4647467726 0.8115055080000001 0.0714995034 0.0758873929
7.0 0.7080436941 0.6701346389 0.2621648461 0.2460220318
40.0 0.80734856 0.7264381885000001 0.0516385303 0.1505507956
