42.0 0.0788770054 0.3083333334 0.1176470589 0.2092592593
23.0 0.0203877006 0.4435185185 0.0247326203 0.09444444440000001
45.0 0.0571524064 0.45 0.0354278075 0.06666666660000001
1.0 0.10661764700000001 0.4453703704 0.0421122995 0.05
0.0 0.3462566844 0.4453703704 0.4077540107 0.15
43.0 0.26002673800000004 0.2212962963 0.135026738 0.3611111112
20.0 0.3703208556 0.3277777778 0.0401069519 0.1703703704
20.0 0.4087566845 0.3333333334 0.0381016042 0.1592592593
23.0 0.5086898396 0.2703703704 0.0561497326 0.18518518520000002
43.0 0.2429812834 0.6138888888 0.1303475936 0.3685185185
13.0 0.3492647058 0.7314814815 0.034090909100000004 0.1703703704
12.0 0.398395722 0.75 0.0387700535 0.1777777778
21.0 0.4963235294 0.6259259259000001 0.0434491978 0.2296296296
0.0 0.7777406417 0.6083333334000001 0.44451871660000003 0.1537037037
43.0 0.6851604278 0.3361111111 0.172459893 0.3722222222
21.0 0.7884358288000001 0.47222222220000004 0.0354278075 0.1740740741
18.0 0.824197861 0.487962963 0.0320855615 0.1759259259
15.0 0.952540107 0.3509259259 0.0855614973 0.24259259260000002
43.0 0.6711229946 0.7537037037000001 0.1617647059 0.425925926
12.0 0.7954545455 0.8916666666 0.044117647100000004 0.2166666667
23.0 0.9070855615000001 0.8101851852 0.0655080214 0.1981481482
