42.0 0.0669815371 0.33069620250000004 0.1202232718 0.45253164560000003
39.0 0.1335337054 0.7120253165 0.020609703700000002 0.1835443038
45.0 0.1584370974 0.7357594936 0.0283383427 0.12341772150000001
18.0 0.1942893946 0.6977848101 0.0244740232 0.2626582279
9.0 0.2144697295 0.4762658228 0.015886646600000002 0.1487341772
0.0 0.64104766 0.5537974684 0.6706741091 0.1075949367
10.0 0.44182052380000003 0.3164556962 0.017174753100000002 0.0189873418
19.0 0.4680120223 0.27848101270000003 0.027479605 0.3164556962
44.0 0.5455130958000001 0.3449367088 0.08716187210000001 0.29746835450000003
39.0 0.6202232718 0.3227848102 0.0253327608 0.2405063291
46.0 0.700729927 0.3212025316 0.0944611422 0.2689873417
16.0 0.76556462 0.1028481012 0.0283383426 0.1867088607
39.0 0.8164448261 0.335443038 0.022756547800000002 0.25949367090000003
46.0 0.3188063546 0.8401898734000001 0.09231429790000001 0.3132911392
12.0 0.3825676256 0.6455696203 0.0206097038 0.2341772151
39.0 0.4276513525 0.8101265823 0.0257621296 0.24683544300000002
9.0 0.45641906400000004 0.7658227848 0.022327179000000003 0.20886075950000002
2.0 0.4802490339 0.7547468354 0.0115929584 0.2943037975
16.0 0.5130957492 0.7579113924 0.042936882700000005 0.2689873418
39.0 0.5465865178 0.8006329114 0.024903392 0.2341772152
48.0 0.6210820094 0.7642405063000001 0.0802919708 0.3639240506
39.0 0.6985830829 0.8101265823 0.0283383426 0.24683544300000002
9.0 0.7271361099 0.7943037974 0.0253327608 0.2468354431
21.0 0.7589094032 0.7753164557000001 0.0304851868 0.35443037980000003
5.0 0.7866036926000001 0.789556962 0.0145985401 0.41455696200000003
50.0 0.8630313439 0.7848101266 0.104765994 0.2721518987
21.0 0.9293688278000001 0.6518987342 0.0210390726 0.2658227848
39.0 0.9789609274000001 0.8101265823 0.0257621297 0.24683544300000002
