42.0 0.10746268660000001 0.2545126354 0.2 0.4729241877
29.0 0.2634328358 0.5992779784 0.0626865672 0.3321299639
45.0 0.325 0.6642599278 0.060447761200000005 0.2166064982
1.0 0.4048507462 0.6570397112 0.0679104477 0.1516245488
0.0 0.7391791045 0.631768953 0.4947761194 0.0649819495
7.0 0.7317164180000001 0.3285198556 0.4276119403 0.6281588448000001
20.0 0.6626865672000001 0.3267148015 0.0417910448 0.3646209387
21.0 0.7082089552 0.3176895306 0.0343283582 0.3176895307
29.0 0.7723880597 0.3953068592 0.0597014926 0.3646209386
19.0 0.8164179104 0.1642599278 0.0358208955 0.2635379062
9.0 0.8753731343000001 0.42779783400000004 0.047761194 0.22743682310000002
29.0 0.9350746269 0.40072202170000004 0.052238806000000006 0.3032490975
29.0 0.7451492538000001 0.7545126354 0.0544776119 0.3249097473
