42.0 0.07903123000000001 0.39473684210000004 0.1478648821 0.2675438596
28.0 0.1628425749 0.6239035088 0.0286806884 0.19078947370000002
45.0 0.194391332 0.5932017544 0.0318674315 0.019736842100000002
20.0 0.23135755260000002 0.5701754386 0.0280433397 0.1359649122
0.0 0.6265137030000001 0.5 0.678138942 0.0745614036
0.0 0.3537284895 0.2094298246 0.0471637986 0.0153508772
26.0 0.3789037603 0.1129385965 0.037603569100000005 0.1644736842
26.0 0.3591459528 0.30372807020000003 0.0337794774 0.1644736842
28.0 0.3910133843 0.36403508770000004 0.029955385600000002 0.1622807018
2.0 0.4420012747 0.2039473684 0.022307202 0.25
27.0 0.48183556400000005 0.18201754380000001 0.054811982100000003 0.13596491230000002
28.0 0.5280433397000001 0.110745614 0.0312300828 0.1644736842
9.0 0.5828553218 0.1710526316 0.0478011473 0.12719298240000002
10.0 0.6166347993 0.1951754386 0.0235818993 0.0175438596
19.0 0.6567877630000001 0.1567982456 0.0452517527 0.17324561400000002
48.0 0.7686424474 0.1798245614 0.11982154240000001 0.2192982456
28.0 0.8977055450000001 0.24342105260000002 0.0528999363 0.25
5.0 0.9365838114 0.21600877200000002 0.019757807500000002 0.2478070175
0.0 0.3658381134 0.6995614035000001 0.0688336521 0.0175438596
26.0 0.3454429573 0.591008772 0.0356915232 0.1688596491
26.0 0.3282345443 0.7938596491000001 0.0369662206 0.1710526316
28.0 0.3591459528 0.8541666667000001 0.029955385600000002 0.1644736842
2.0 0.4117272148 0.7028508771 0.024219248000000002 0.2697368421
15.0 0.4439133206 0.6787280702 0.0401529636 0.21271929820000002
28.0 0.4936265137 0.7554824561 0.0452517528 0.2653508772
14.0 0.529318037 0.5723684210000001 0.0286806883 0.1184210527
9.0 0.5834926704 0.6875 0.0452517527 0.14254385960000002
14.0 0.6338432122000001 0.6611842105 0.0465264499 0.17324561400000002
21.0 0.6883365201 0.7094298245 0.0560866794 0.2127192983
28.0 0.7386870618 0.7664473684 0.0458891013 0.24342105260000002
13.0 0.7750159337 0.6293859649 0.0216698534 0.1622807018
9.0 0.8224984067000001 0.7061403508 0.0452517527 0.13596491230000002
15.0 0.8830465264 0.7192982456 0.0554493307 0.20614035090000002
28.0 0.9369024856 0.802631579 0.050987890300000005 0.27192982450000003
5.0 0.9802421924 0.7598684210000001 0.0191204589 0.2478070175
