42.0 0.09242250290000001 0.444812362 0.16188289320000002 0.1479028697
35.0 0.2233065442 0.5662251655 0.024110218200000002 0.0949227373
45.0 0.2709529277 0.5651214128000001 0.0528128588 0.035320088300000003
1.0 0.33409873700000003 0.5397350994 0.0390355913 0.0419426049
0.0 0.7060849598000001 0.47240618100000004 0.5396096441 0.0573951435
0.0 0.733065442 0.2483443709 0.4121699196 0.011037527600000001
17.0 0.53673938 0.1843267109 0.047072330700000005 0.0728476821
35.0 0.5820895522 0.1865342163 0.032146957500000004 0.1037527594
14.0 0.6280137773000001 0.0540838852 0.050516647500000005 0.0860927152
9.0 0.696326062 0.165562914 0.0309988518 0.0573951435
14.0 0.7491389208 0.1644591612 0.0608495982 0.0816777041
35.0 0.8048220436 0.1688741722 0.03673938 0.1081677704
10.0 0.8409873708000001 0.1589403973 0.0332950631 0.013245033100000001
19.0 0.8915040184 0.1545253863 0.0562571757 0.0750551876
35.0 0.6647531573000001 0.3752759382 0.0321469576 0.0927152318
14.0 0.7204362801 0.2924944812 0.0631458094 0.0816777042
0.0 0.6601607348 0.8134657836 0.41102181400000004 0.06843267110000001
7.0 0.6974741676 0.6114790287 0.32261768080000003 0.28256070640000003
35.0 0.733065442 0.674392936 0.035591274400000004 0.1125827814
17.0 0.7870264065 0.5905077262 0.058553386900000004 0.0949227373
10.0 0.8501722158 0.6732891832 0.030998851900000002 0.013245033100000001
13.0 0.8817451206 0.6777041942 0.0160734787 0.0883002207
35.0 0.6636050517000001 0.9370860927 0.032146957500000004 0.1081677704
18.0 0.7078071183 0.8620309051 0.0447761194 0.0772626932
