42.0 0.1182008368 0.3827930174 0.2238493724 0.3416458853
35.0 0.3023012552 0.5698254364 0.07322175730000001 0.1770573566
45.0 0.390167364 0.6334164588 0.08786610880000001 0.1047381547
10.0 0.4874476988 0.6246882793 0.0481171549 0.012468828000000001
1.0 0.5972803347 0.5810473816 0.08786610880000001 0.12967581050000002
0.0 0.8582635983 0.487531172 0.2541841004 0.0174563591
12.0 0.7866108786 0.379052369 0.0648535565 0.1895261845
35.0 0.869246862 0.3715710723 0.07112970710000001 0.1795511222
21.0 0.9476987448 0.15087281800000002 0.0648535565 0.18204488770000002
13.0 0.7881799163000001 0.7456359103 0.0115062762 0.1945137157
3.0 0.809623431 0.7718204488 0.014644351500000001 0.4064837905
35.0 0.8666317992 0.7518703242 0.0658995816 0.1820448878
13.0 0.9225941422 0.5810473816 0.0104602511 0.16458852870000001
6.0 0.9654811716 0.7556109726 0.0251046025 0.3840399003
