42.0 0.0628169014 0.2675 0.11211267600000001 0.47500000000000003
39.0 0.1422535212 0.71125 0.030985915500000002 0.2175
45.0 0.1814084507 0.7525000000000001 0.0428169014 0.125
4.0 0.2673239436 0.5075000000000001 0.0940845071 0.365
11.0 0.3233802816 0.5775 0.0405633803 0.39
14.0 0.3543661972 0.7512500000000001 0.0304225352 0.2025
0.0 0.6867605634 0.3775 0.596056338 0.02
46.0 0.48732394360000003 0.17750000000000002 0.1273239437 0.30000000000000004
39.0 0.6070422536 0.1675 0.0433802817 0.27
9.0 0.6490140845 0.2025 0.036056338 0.195
10.0 0.6845070422 0.2325 0.029295774700000003 0.03
15.0 0.7208450704 0.19125 0.0433802817 0.24750000000000003
47.0 0.8504225352 0.20375000000000001 0.1425352112 0.3025
39.0 0.9701408451 0.18 0.0428169014 0.28500000000000003
39.0 0.5571830986 0.7475 0.0405633802 0.275
9.0 0.5974647888 0.7662500000000001 0.0298591549 0.1825
10.0 0.638028169 0.8037500000000001 0.030985915500000002 0.0275
15.0 0.6842253521 0.785 0.058028169000000004 0.275
4.0 0.7557746479 0.5625 0.0828169014 0.31
11.0 0.814084507 0.6675 0.0416901409 0.4
15.0 0.8442253521 0.8275 0.0445070422 0.295
