42.0 0.1023339318 0.3672566372 0.16337522440000002 0.5486725664000001
31.0 0.053859964100000005 0.6836283186000001 0.0412926392 0.1991150442
45.0 0.1202872532 0.6991150442 0.053859964100000005 0.1681415929
17.0 0.18940754040000002 0.6526548672 0.053859964100000005 0.24336283190000002
0.0 0.5924596050000001 0.5597345132 0.5116696589 0.2610619469
44.0 0.4703770198 0.3185840708 0.19030520650000002 0.3185840708
2.0 0.6328545781 0.2898230088 0.039497307 0.3672566371
15.0 0.6813285458 0.30309734520000003 0.053859964100000005 0.3584070797
31.0 0.7450628367000001 0.3960176991 0.0466786355 0.2345132744
5.0 0.8043087972 0.3495575222 0.030520646300000003 0.37168141590000003
31.0 0.34649910240000004 0.7079646018 0.06642728910000001 0.2477876106
48.0 0.5210951526000001 0.7588495576000001 0.1804308798 0.44690265490000003
2.0 0.6638240575000001 0.7566371681 0.0314183123 0.3982300885
19.0 0.72486535 0.7544247788 0.0565529623 0.3495575221
31.0 0.788599641 0.8362831858 0.0511669659 0.23008849550000002
5.0 0.8460502693 0.7920353982 0.0296229802 0.37168141590000003
0.0 0.9569120287 0.6371681416 0.044883303400000005 0.0530973452
14.0 0.9497307002 0.4269911504 0.0574506284 0.33185840710000003
17.0 0.9452423698 0.8119469026 0.053859964100000005 0.3141592921
