42.0 0.1098334655 0.3061797753 0.2053925456 0.4550561798
33.0 0.2252180808 0.5983146067 0.034892942100000005 0.1404494382
45.0 0.2759714512 0.6053370786 0.0618556701 0.1264044943
1.0 0.3477398889 0.5969101124 0.0467882633 0.0814606741
0.0 0.7521808088 0.6151685393 0.4877081681 0.11235955060000001
43.0 0.5428231562 0.3230337079 0.12291831880000001 0.3146067416
16.0 0.6229183188 0.41151685400000004 0.0277557494 0.1488764045
19.0 0.659000793 0.4367977528 0.034892942100000005 0.1769662922
33.0 0.7272006344 0.3988764045 0.0285487708 0.1629213484
43.0 0.8275178430000001 0.39466292140000003 0.1054718478 0.2556179775
17.0 0.8917525774 0.5 0.0229976209 0.1573033708
21.0 0.9179222839000001 0.5168539326 0.0214115782 0.1235955056
20.0 0.9793814433 0.45224719100000005 0.0301348136 0.191011236
43.0 0.516256939 0.6685393258 0.1268834259 0.3202247191
16.0 0.5967486122 0.7471910112 0.0277557494 0.1516853933
19.0 0.6363996828 0.7837078652 0.0388580492 0.19101123590000002
14.0 0.7256145916000001 0.7050561798 0.0555114988 0.2303370787
43.0 0.8176050753 0.720505618 0.0983346551 0.26123595510000003
14.0 0.8913560666 0.8370786516000001 0.026962728000000002 0.16292134830000002
14.0 0.9250594766 0.8497191012 0.026169706600000002 0.1657303371
33.0 0.9849325932 0.7921348315000001 0.0222045995 0.1404494382
