42.0 0.0515976952 0.4136363636 0.10005238350000001 0.30000000000000004
34.0 0.0075955998 0.8696969697 0.0141435306 0.1151515152
45.0 0.0248821372 0.8348484848000001 0.0204295443 0.0878787879
14.0 0.053954950200000004 0.840909091 0.0220010477 0.1303030303
9.0 0.08014667360000001 0.6484848484 0.0199057097 0.1272727273
0.0 0.5777894186 0.4621212122 0.8412781561 0.033333333300000004
10.0 0.31953902570000003 0.306060606 0.0387637507 0.030303030300000002
14.0 0.36589837610000003 0.3045454546 0.041382923 0.2454545455
47.0 0.4772132007 0.3333333334 0.1141959141 0.24848484850000002
34.0 0.5811943426 0.3348484848 0.023572551 0.19696969690000002
47.0 0.6749607124 0.3303030303 0.108433735 0.2484848484
16.0 0.7530120482 0.0848484848 0.0183342064 0.1454545455
34.0 0.8106338397 0.31363636370000003 0.023572551 0.1666666667
48.0 0.189104243 0.7393939394 0.0869565217 0.23030303030000002
17.0 0.2532739654 0.559090909 0.0183342064 0.1303030303
34.0 0.3111576742 0.7242424243000001 0.0220010477 0.1878787879
9.0 0.3446830802 0.6878787879 0.0345730749 0.23636363640000002
2.0 0.3782084862 0.6530303030000001 0.014667365100000001 0.2454545455
34.0 0.41068622320000003 0.7378787879 0.025144054500000002 0.20303030300000002
50.0 0.5251440545 0.6803030303000001 0.1471974856 0.2818181818
34.0 0.6369827135 0.7303030303 0.0199057098 0.19393939400000001
9.0 0.673389209 0.6984848484 0.0350969094 0.25151515150000003
14.0 0.7221058146 0.6878787878 0.0434782609 0.23030303030000002
5.0 0.7598218963000001 0.6454545454 0.0193818753 0.2969696969
48.0 0.8454688318 0.7196969697000001 0.0890518597 0.20303030300000002
20.0 0.9070193818000001 0.553030303 0.0162388685 0.14848484850000002
34.0 0.9614981666 0.7136363637 0.0183342064 0.17272727270000002
