42.0 0.1628571428 0.43653846160000004 0.2845714285 0.42692307690000003
30.0 0.0651428572 0.7653846154 0.0525714285 0.16923076920000002
45.0 0.128 0.7442307692 0.064 0.09615384610000001
1.0 0.212 0.7326923077 0.07200000000000001 0.1346153846
47.0 0.5274285714 0.6000000000000001 0.2982857143 0.3076923076
30.0 0.7211428572 0.3038461538 0.0411428571 0.1230769231
14.0 0.7702857142 0.101923077 0.0457142857 0.1730769231
0.0 0.9062857143 0.5884615384 0.12114285720000001 0.0230769231
14.0 0.9485714286 0.3846153846 0.0731428571 0.2846153846
30.0 0.912 0.8557692308 0.059428571400000005 0.25
19.0 0.9742857143 0.6923076923 0.0308571428 0.1538461538
