42.0 0.08220568340000001 0.3608247422 0.1508795669 0.43986254290000004
33.0 0.17658998650000002 0.8144329897 0.0162381597 0.1305841924
45.0 0.2023004059 0.8298969072 0.0230040595 0.1202749141
4.0 0.27401894450000003 0.5721649484 0.0811907984 0.2920962199
11.0 0.3589309878 0.5601374570000001 0.0778078484 0.43986254290000004
15.0 0.4127198917 0.8711340206 0.0202976996 0.147766323
0.0 0.7601488498000001 0.4501718214 0.4715832206 0.020618556700000002
46.0 0.5463464141000001 0.2835051547 0.11840324760000001 0.2027491409
14.0 0.6238159676 0.1323024055 0.0230040595 0.1683848798
33.0 0.6870771312 0.2542955326 0.026387009500000003 0.1786941581
9.0 0.7188768606 0.2714776632 0.0277401894 0.15807560140000002
47.0 0.8234100135 0.2783505154 0.1217861976 0.2611683849
15.0 0.9046008119000001 0.1013745704 0.017591339600000002 0.1408934707
33.0 0.9648173207 0.2525773196 0.0243572396 0.175257732
14.0 0.7310554804 0.6151202749 0.0304465494 0.2405498282
