42.0 0.12493638680000001 0.20297029700000002 0.11348600510000001 0.38118811880000003
41.0 0.0221374046 0.745049505 0.0279898219 0.14851485150000002
45.0 0.0564885496 0.7648514852 0.0386768448 0.1039603961
4.0 0.1203562341 0.5643564356 0.0615776082 0.2524752475
11.0 0.1735368957 0.7797029703 0.0488549618 0.4108910892
15.0 0.2150127226 0.8564356436 0.0279898219 0.1584158416
0.0 0.6165394402000001 0.6113861386 0.7435114504 0.4455445544
46.0 0.3814249364 0.25371287130000003 0.1857506362 0.3143564356
19.0 0.4727735368 0.1460396039 0.0223918575 0.19306930690000002
41.0 0.5498727736 0.3576732673 0.0575063613 0.25
9.0 0.6127226463000001 0.3304455445 0.0559796438 0.30445544550000003
47.0 0.7811704834000001 0.42945544560000004 0.2035623409 0.4183168317
15.0 0.8743002544 0.34777227720000004 0.0325699745 0.1658415842
41.0 0.9597964376 0.5977722772 0.0631043257 0.2797029703
19.0 0.6155216285 0.8044554456 0.0442748092 0.3663366337
