42.0 0.2173913044 0.5218658892 0.23251417770000002 0.4256559767
31.0 0.038752363000000005 0.8804664723000001 0.06616257090000001 0.16326530620000002
45.0 0.127126654 0.8396501458000001 0.0916824197 0.20991253640000002
10.0 0.2358223062 0.8950437318000001 0.0746691871 0.0583090379
1.0 0.37665406430000004 0.8367346939 0.1049149338 0.12244897960000001
0.0 0.7920604914 0.6982507288 0.3988657845 0.07871720110000001
7.0 0.7547258979 0.2740524782 0.4621928166 0.5306122449
21.0 0.7292060492 0.3469387755 0.038752362900000004 0.2332361516
14.0 0.8005671078000001 0.3819241982 0.0926275993 0.3265306123
31.0 0.8936672968 0.418367347 0.0519848771 0.1603498543
18.0 0.9555765596 0.279883382 0.0396975425 0.16909620990000002
31.0 0.7537807184 0.804664723 0.0633270321 0.20408163270000002
