42.0 0.2532656024 0.24791086350000002 0.33236574750000003 0.373259053
29.0 0.0943396226 0.6002785516 0.0725689405 0.2144846797
45.0 0.1640058056 0.6866295264000001 0.0725689405 0.0919220055
10.0 0.2568940494 0.6448467966 0.0493468795 0.0194986073
1.0 0.37155297540000004 0.6295264624 0.0783744557 0.1002785516
0.0 0.725689405 0.45543175490000004 0.4789550073 0.0640668524
12.0 0.6567489114 0.2228412256 0.0972423803 0.3509749304
29.0 0.8004354136 0.2855153203 0.1233671989 0.3983286908
16.0 0.888969521 0.1448467966 0.0740203193 0.1559888579
16.0 0.6378809869000001 0.6796657382 0.16110304790000002 0.3398328691
3.0 0.7365747460000001 0.7186629526 0.024673439800000002 0.48467966570000004
29.0 0.8222060958 0.6615598886 0.11175616840000001 0.36490250700000004
20.0 0.9114658926 0.5947075209 0.049346879600000004 0.1866295264
6.0 0.9862119013 0.7423398329 0.024673439800000002 0.4763231198
