42.0 0.15825688070000002 0.2535211268 0.1532110092 0.34507042250000003
41.0 0.033027523 0.8397887324000001 0.0385321101 0.1161971831
45.0 0.0880733945 0.8503521126 0.0587155964 0.0809859155
4.0 0.202293578 0.5387323944 0.0834862385 0.2253521127
11.0 0.2399082569 0.7059859155 0.030275229400000003 0.2711267606
17.0 0.252293578 0.8503521127 0.027522935800000002 0.14436619720000002
46.0 0.3981651376 0.3503521127 0.1394495413 0.1936619718
16.0 0.5087155964 0.0774647888 0.0174311927 0.1338028169
41.0 0.5958715596 0.3785211268 0.054128440400000005 0.17253521130000002
9.0 0.6688073394 0.3644366197 0.060550458700000004 0.18661971830000001
47.0 0.809174312 0.4524647887 0.1357798165 0.21478873240000002
18.0 0.8944954128 0.1971830986 0.0165137615 0.1126760564
41.0 0.9706422018 0.477112676 0.044036697300000004 0.17253521130000002
