42.0 0.058770343600000004 0.41309523810000004 0.11301989150000001 0.3880952381
24.0 0.1399186257 0.8035714286000001 0.029385171800000002 0.22619047620000002
45.0 0.1790235081 0.8726190476000001 0.0370705244 0.1642857143
4.0 0.251130199 0.6535714286000001 0.0727848101 0.29285714290000003
11.0 0.31283905970000003 0.7047619048 0.06781193490000001 0.5142857143
14.0 0.35081374330000004 0.7964285714 0.0334538879 0.2071428571
0.0 0.7176763110000001 0.5523809524000001 0.5456600362 0.0714285714
21.0 0.4263110308 0.3464285714 0.0262206149 0.26428571430000003
46.0 0.5126582278 0.3714285714 0.1021699819 0.2190476191
15.0 0.5908679928 0.155952381 0.0397830018 0.24047619050000002
24.0 0.646925859 0.3285714286 0.0370705245 0.2190476191
9.0 0.6797016275000001 0.3130952381 0.0339059674 0.15476190480000002
10.0 0.7163200724000001 0.3464285714 0.028481012700000002 0.0452380952
14.0 0.7536166366 0.3428571428 0.0388788427 0.2571428571
47.0 0.8431283906 0.37261904760000003 0.11121157320000001 0.22619047620000002
21.0 0.9299276673 0.1738095238 0.034358047 0.2571428572
24.0 0.9785262206 0.3416666666 0.0302893309 0.2357142857
14.0 0.7056962025 0.6523809523 0.0370705244 0.2333333333
