0.0 0.4798707754 0.554462935 0.9507952287 0.0226928895
42.0 0.0964214712 0.15204236000000002 0.1520874751 0.29803328290000003
29.0 0.046222664000000004 0.3857791226 0.023856858800000002 0.1119515885
45.0 0.0857355865 0.4009077156 0.0412524851 0.0484114977
12.0 0.12823061630000002 0.3819969743 0.027833002000000003 0.1074130106
0.0 0.2718687873 0.2276853252 0.09542743540000001 0.025718608100000002
26.0 0.26814115310000003 0.1354009078 0.039264413500000005 0.1527987897
26.0 0.2388170974 0.3161875946 0.0402584493 0.16338880490000002
29.0 0.2857852883 0.3245083207 0.041749503 0.18003025720000002
19.0 0.3536282307 0.1989409985 0.0422465209 0.1860816944
2.0 0.4035785288 0.23071104380000002 0.0347912525 0.2042360061
7.0 0.6028827038 0.1444780636 0.3548707754 0.23146747350000002
14.0 0.5526838966000001 0.23373676240000002 0.0318091451 0.1346444781
29.0 0.5929423459000001 0.2518910741 0.027833002000000003 0.1770045386
9.0 0.6329522862 0.258698941 0.0293240557 0.0816944024
10.0 0.6751988072 0.2617246596 0.0412524851 0.015128593000000001
14.0 0.712972167 0.2511346444 0.026341948400000002 0.1210287443
29.0 0.7507455269000001 0.2579425114 0.0263419483 0.1437216339
13.0 0.7803180915 0.2223903177 0.0208747515 0.0907715582
9.0 0.8121272366000001 0.2813918306 0.0258449304 0.0726172466
10.0 0.8486580517000001 0.2881996974 0.0352882704 0.0166414523
7.0 0.9172465208 0.26777609680000003 0.1088469185 0.223903177
15.0 0.9010934394000001 0.1966717095 0.0129224652 0.069591528
39.0 0.9560139165 0.2965204236 0.0313121272 0.0907715582
5.0 0.98583499 0.3040847202 0.0233598409 0.1785173979
42.0 0.3310139165 0.7216338880000001 0.10934393640000001 0.2541603631
29.0 0.30467196820000003 0.9447806354 0.0218687872 0.0983358548
45.0 0.33672962230000003 0.9523449319 0.0362823061 0.0438729198
15.0 0.3720178926 0.9190620272000001 0.0233598409 0.08320726170000001
0.0 0.4803677932 0.7692889562 0.0919483101 0.0105900151
26.0 0.4890656064 0.6792738275 0.028827037700000002 0.1452344932
26.0 0.46645129220000003 0.8615733736000001 0.0323061631 0.1618759455
29.0 0.5064612326 0.8608169440000001 0.0337972167 0.1694402421
2.0 0.559890656 0.7526475038 0.027335984100000002 0.1951588502
16.0 0.5951789264 0.7216338880000001 0.0253479125 0.1603630863
9.0 0.6279821074 0.7382753404 0.0333001988 0.07564296520000001
10.0 0.6704771372 0.7367624811 0.0447316103 0.0181543116
17.0 0.7072564612000001 0.7201210287 0.0288270378 0.1180030257
29.0 0.7395626242000001 0.7269288956000001 0.0248508947 0.14977307110000002
0.0 0.7770874752 0.6664145234000001 0.027335984100000002 0.0075642965000000005
19.0 0.7833001988 0.6104387292 0.01888668 0.0862329804
15.0 0.782306163 0.7125567322 0.0188866799 0.0816944024
5.0 0.8208250497 0.7337367624000001 0.0223658052 0.1966717095
