20.0 0.0249890399 0.2038567493 0.031565103000000004 0.38016528920000003
11.0 0.0561157387 0.36914600550000004 0.042963612400000004 0.4077134986
15.0 0.08395440600000001 0.4214876033 0.0416483999 0.303030303
42.0 0.1793073214 0.42837465560000004 0.09732573430000001 0.46005509650000004
36.0 0.2551512494 0.8195592286000001 0.0298114861 0.2231404959
45.0 0.2932924156 0.8567493112000001 0.0403331872 0.14325068870000002
4.0 0.3546690048 0.5523415978 0.0499780798 0.27272727280000003
11.0 0.3980710215 0.6900826446 0.030688294600000002 0.3774104683
14.0 0.4226216572 0.8112947658 0.0219202104 0.2286501377
10.0 0.44585708020000003 0.6198347108000001 0.0184129768 0.0275482093
0.0 0.7470407716 0.5082644628 0.5006576063 0.0358126722
16.0 0.7415607190000001 0.3278236914 0.0346339325 0.2754820937
44.0 0.5499780798 0.8305785124 0.08811924600000001 0.22865013780000001
14.0 0.6124506795 0.6666666667000001 0.0219202104 0.24793388430000002
36.0 0.6608943446000001 0.8140495868000001 0.027619465200000002 0.1845730028
9.0 0.7027619465 0.8223140496 0.0412099956 0.19008264460000002
15.0 0.7345462516 0.803030303 0.0241122315 0.2341597796
44.0 0.8158702324 0.8484848485 0.0841736081 0.2534435262
17.0 0.8996054362 0.6652892562 0.0569925472 0.2892561984
36.0 0.9618588338 0.8223140496 0.0280578693 0.19559228650000002
