42.0 0.2016129032 0.2065217392 0.14685908320000002 0.3571428571
29.0 0.0445670628 0.7531055901 0.022920203700000003 0.1894409938
45.0 0.0904074703 0.7810559006000001 0.055178268200000005 0.0900621118
4.0 0.19524618 0.5263975156 0.08828522920000001 0.2639751553
11.0 0.2915959253 0.652173913 0.0823429542 0.36645962730000003
15.0 0.339983022 0.8074534162 0.022920203700000003 0.1428571429
48.0 0.466893039 0.27639751560000003 0.1324278439 0.26708074530000003
16.0 0.5734295416 0.0745341615 0.0178268252 0.1242236025
29.0 0.6506791171 0.27484472050000003 0.028013582300000003 0.2950310559
9.0 0.6973684210000001 0.3291925465 0.0365025467 0.1739130435
44.0 0.8170628183 0.3586956522 0.1315789473 0.2329192547
20.0 0.9180814941000001 0.1739130435 0.0144312394 0.099378882
29.0 0.9838709678 0.35403726700000004 0.025466893100000002 0.27329192550000003
