42.0 0.0693473194 0.4168704156 0.0874125875 0.20782396090000002
8.0 0.016025641 0.6185819071 0.0285547786 0.1613691932
45.0 0.0678904429 0.640586797 0.034382284400000004 0.0684596577
1.0 0.1284965035 0.6210268948000001 0.030885780800000002 0.0880195599
0.0 0.5352564102 0.5122249388 0.7872960373 0.09046454770000001
16.0 0.5212703962 0.24449877760000002 0.0355477855 0.2836185819
8.0 0.6028554778 0.2640586797 0.0483682983 0.3129584352
20.0 0.6477272728 0.1039119804 0.0297202797 0.1540342299
14.0 0.2188228438 0.7738386308 0.039044289 0.23716381420000002
8.0 0.31701631700000005 0.7811735942 0.048951049 0.2665036675
13.0 0.3473193473 0.7090464547 0.0046620047 0.1613691931
9.0 0.40763403260000003 0.8374083130000001 0.0355477855 0.18826405870000001
7.0 0.722027972 0.7224938875 0.5559440559000001 0.4914425428
15.0 0.5912004662 0.8202933985 0.0472027972 0.2909535452
16.0 0.6413170163 0.8251833740000001 0.040209790200000005 0.3202933985
8.0 0.7208624708 0.782396088 0.0512820513 0.2689486552
18.0 0.7593240094 0.6943765282000001 0.0244755245 0.1271393643
9.0 0.8318764569 0.8227383863000001 0.034382284400000004 0.1687041564
8.0 0.9137529138 0.8080684597000001 0.0512820513 0.3007334963
19.0 0.9513403263 0.7102689486 0.0203962704 0.1638141809
