49.0 0.0339105339 0.2327272728 0.0524290524 0.22545454550000002
40.0 0.1438191438 0.37 0.06734006740000001 0.24909090900000003
22.0 0.2012987013 0.2881818182 0.037037037 0.0709090909
0.0 0.6176046176000001 0.5545454545 0.7513227514 0.3781818181
42.0 0.348965849 0.10909090910000001 0.0803270803 0.2036363636
8.0 0.41101491100000004 0.3354545454 0.0505050505 0.1909090909
45.0 0.4761904762 0.3745454546 0.0298220298 0.058181818100000005
4.0 0.5399230399 0.2654545454 0.06397306400000001 0.1490909091
11.0 0.588023088 0.3327272727 0.0456950457 0.2218181818
17.0 0.6055796056 0.4381818182 0.0365560366 0.10909090910000001
10.0 0.6356421356 0.3318181818 0.017797017800000002 0.02
0.0 0.7075517076000001 0.3145454546 0.1019721019 0.0690909091
26.0 0.7284752284 0.2527272728 0.030303030300000002 0.0872727273
26.0 0.7000962 0.369090909 0.030303030300000002 0.0909090909
8.0 0.7441077441 0.42 0.0346320346 0.1381818182
47.0 0.8294853295 0.36454545460000004 0.0793650794 0.1181818181
8.0 0.9237614238 0.4090909091 0.0389610389 0.1563636364
42.0 0.2681577681 0.5590909091 0.0793650793 0.1727272728
8.0 0.3326118326 0.8354545454000001 0.0543530544 0.2127272727
45.0 0.4021164022 0.86 0.0327080327 0.06545454540000001
4.0 0.4653679654 0.7509090909 0.0658970659 0.1745454546
11.0 0.5204425205000001 0.8027272727 0.0442520443 0.26
17.0 0.5505050505 0.8981818182 0.038961039 0.0909090909
10.0 0.582010582 0.8018181818 0.0192400192 0.0181818182
0.0 0.6596921597000001 0.7636363636 0.0553150553 0.0363636363
26.0 0.677970178 0.6990909091 0.0312650313 0.1
26.0 0.6498316498000001 0.8309090909 0.033670033700000004 0.1018181818
8.0 0.6928811929 0.8736363636000001 0.0341510342 0.14
10.0 0.7390572390000001 0.7718181818000001 0.0158730159 0.0163636364
14.0 0.7647907648000001 0.7845454546 0.026936027 0.0963636363
50.0 0.8501683502 0.8227272727 0.0995670996 0.16909090910000002
18.0 0.917027417 0.7654545454 0.0216450216 0.0945454545
8.0 0.9653679654 0.8963636364 0.0404040404 0.1927272727
