42.0 0.0776444111 0.424691358 0.1282820706 0.25185185190000003
31.0 0.040135033800000004 0.662962963 0.0262565641 0.1012345679
45.0 0.07276819200000001 0.6345679012000001 0.0360090023 0.0345679013
1.0 0.1196549137 0.6160493828 0.0337584396 0.0716049383
0.0 0.41222805700000004 0.4987654321 0.407351838 0.0197530864
43.0 0.2966991748 0.2691358025 0.1327831958 0.4345679012
14.0 0.4208552138 0.3358024691 0.049512378100000004 0.2222222222
17.0 0.46736684180000004 0.31728395060000003 0.0435108777 0.2345679012
31.0 0.5566391598 0.22592592590000002 0.0420105026 0.1604938272
43.0 0.2989497374 0.7703703704 0.1432858215 0.4
17.0 0.4073518379 0.8629629630000001 0.0375093773 0.2592592593
17.0 0.4561140285 0.8530864198 0.0435108778 0.2444444445
18.0 0.5558889722 0.6740740740000001 0.0615153789 0.3061728395
0.0 0.836084021 0.5172839506 0.32633158290000003 0.0469135802
43.0 0.7033008252 0.2580246914 0.1312828207 0.4271604939
15.0 0.8214553638000001 0.31728395060000003 0.0360090023 0.20987654320000002
18.0 0.8645911478 0.2987654321 0.044261065200000005 0.20740740740000002
15.0 0.9598649662000001 0.1469135802 0.0427606901 0.28888888890000003
43.0 0.7059264816 0.7086419753000001 0.1380345086 0.4049382716
18.0 0.8207051763000001 0.7666666667 0.0435108778 0.20987654320000002
14.0 0.8758439610000001 0.8061728395000001 0.0502625656 0.2345679012
31.0 0.9696174044 0.6864197531 0.045761440300000004 0.1580246914
