42.0 0.06649189700000001 0.4597855228 0.1282173499 0.4262734584
35.0 0.1603908484 0.7064343164 0.0319351764 0.3190348525
45.0 0.20114394670000002 0.7399463807000001 0.039084842700000004 0.1501340482
0.0 0.25023832220000003 0.7694369973 0.061963775000000006 0.0268096515
4.0 0.2633460439 0.6327077748000001 0.0405147759 0.1662198392
14.0 0.2642993327 0.8887399464 0.0243088656 0.20107238600000002
50.0 0.4187321258 0.4262734584 0.1673021925 0.3914209115
14.0 0.5307435653 0.2252010724 0.0328884652 0.2627345844
35.0 0.6029551954 0.38605898120000004 0.0419447092 0.3378016086
9.0 0.6596758818 0.5013404826 0.052430886600000004 0.235924933
44.0 0.7909914204 0.45174262740000004 0.1558627264 0.3083109919
14.0 0.8965681602000001 0.2439678284 0.0343183985 0.273458445
35.0 0.9690181125 0.44235924940000004 0.043851287 0.4128686327
