42.0 0.07644110280000001 0.212374582 0.1378446115 0.3511705685
29.0 0.1658312448 0.4983277592 0.0242272348 0.1739130434
45.0 0.2117794486 0.6003344482 0.059314954 0.0769230769
16.0 0.2736006683 0.5869565218 0.0309106099 0.2240802675
0.0 0.6152882206 0.6070234114 0.5355054303 0.27090301
15.0 0.4114452798 0.1989966555 0.0442773601 0.25083612040000003
44.0 0.5559732665 0.3127090301 0.1746031746 0.2173913044
21.0 0.6896407686 0.1588628762 0.0476190476 0.2107023411
2.0 0.7790309106000001 0.4665551839 0.0543024228 0.5250836121
17.0 0.8429406851 0.3494983278 0.0618212197 0.24414715720000002
29.0 0.9223057644 0.40133779270000003 0.0618212197 0.33444816050000004
5.0 0.97786132 0.4983277592 0.0342522974 0.4548494984
29.0 0.6106934002000001 0.8411371238 0.0451127819 0.3110367893
19.0 0.6662489557 0.7508361204 0.0476190476 0.177257525
