42.0 0.0826873385 0.4140127388 0.1602067184 0.1624203821
28.0 0.0416666667 0.6329617834 0.0277777778 0.0939490446
45.0 0.0726744186 0.6003184713 0.0303617571 0.0541401274
14.0 0.1033591731 0.5820063694000001 0.019379845 0.1130573248
13.0 0.1321059432 0.5891719745 0.0135658915 0.12101910830000001
0.0 0.6052971576 0.4944267516 0.6589147287 0.0652866242
7.0 0.5177648578 0.275477707 0.1466408269 0.43630573240000003
16.0 0.523255814 0.122611465 0.0271317829 0.1401273885
39.0 0.611757106 0.27707006370000004 0.0348837209 0.1305732484
10.0 0.6550387597 0.23646496820000001 0.0400516796 0.0207006369
17.0 0.7215762274 0.20780254780000001 0.0658914728 0.2213375796
2.0 0.2438630491 0.6791401274000001 0.045865633 0.1958598726
7.0 0.3714470284 0.6886942676000001 0.1821705426 0.4187898089
39.0 0.43249354 0.6839171974 0.027777777700000002 0.1035031847
10.0 0.48449612400000003 0.6640127388 0.0439276486 0.0222929937
14.0 0.5332687338000001 0.6353503185 0.041989664100000004 0.2133757962
5.0 0.5959302326 0.6377388535 0.0523255814 0.21815286620000002
2.0 0.6534237726000001 0.6815286625 0.0510335918 0.20063694270000001
7.0 0.7774547804 0.7340764331 0.18152454780000002 0.4777070064
39.0 0.8397932816 0.6886942675000001 0.0297157623 0.1098726114
9.0 0.8872739018 0.6449044586 0.0368217054 0.11783439500000001
13.0 0.9250645994000001 0.6393312102 0.0219638243 0.21815286620000002
5.0 0.9693152455 0.6210191083000001 0.0562015504 0.19426751590000002
