42.0 0.06569900690000001 0.2841880342 0.12834224600000002 0.48290598290000003
33.0 0.16080977840000002 0.7863247863 0.0313216195 0.2222222222
45.0 0.19595110770000002 0.8376068376 0.043544690600000005 0.09401709400000001
14.0 0.24407945 0.7927350427000001 0.0343773873 0.25213675210000003
9.0 0.29220779220000004 0.5811965812000001 0.0359052712 0.1623931624
27.0 0.4064171123 0.5811965811 0.0702826586 0.4358974359
49.0 0.47440794500000005 0.2863247863 0.0458365164 0.3247863248
2.0 0.5477463713 0.3846153846 0.025974026 0.3931623932
17.0 0.60236822 0.3632478632 0.064935065 0.2991452991
9.0 0.6474407945 0.3867521367 0.0420168068 0.1752136753
33.0 0.6913674561 0.4316239316 0.0305576776 0.264957265
44.0 0.7880061116 0.1773504273 0.1474407945 0.3034188035
33.0 0.9270435446 0.2051282052 0.0343773873 0.2393162393
5.0 0.9721161192000001 0.5747863248 0.0297937357 0.5512820513000001
