42.0 0.0880204529 0.2937062937 0.1570489408 0.5384615384
38.0 0.227173119 0.562937063 0.0803506209 0.3216783217
45.0 0.30533235940000003 0.6678321678 0.0672023374 0.1258741259
13.0 0.3685171658 0.5839160839 0.0416362308 0.3636363636
0.0 0.7081811541 0.5262237762 0.5266617969 0.0944055944
38.0 0.5032870708 0.24475524480000002 0.08327246170000001 0.3286713287
9.0 0.569028488 0.29720279720000004 0.049671292900000004 0.2237762238
10.0 0.6168736304 0.2919580419 0.0299488678 0.0174825175
20.0 0.6570489408 0.2692307692 0.0284879474 0.3286713287
47.0 0.7804967129 0.3304195804 0.1599707816 0.36713286710000004
38.0 0.9572680789 0.22202797200000002 0.08254200140000001 0.29720279720000004
38.0 0.7121986852000001 0.8269230769 0.0876552228 0.3181818182
20.0 0.7644265888 0.6765734266 0.0284879475 0.3531468531
