42.0 0.0471491228 0.4886731392 0.0916666666 0.3818770227
36.0 0.1129385965 0.8171521036 0.0144736842 0.1585760517
45.0 0.1339912281 0.8511326861 0.025 0.09708737860000001
0.0 0.1743421052 0.8592233010000001 0.0521929825 0.0226537217
4.0 0.1877192982 0.7330097088 0.0350877193 0.2103559871
19.0 0.1859649122 0.927184466 0.0157894737 0.0938511327
10.0 0.225877193 0.5987055016 0.0131578948 0.019417475700000002
0.0 0.2861842106 0.6245954692 0.0206140351 0.019417475700000002
15.0 0.28706140350000003 0.5242718447 0.0144736842 0.142394822
14.0 0.28837719300000003 0.7216828479 0.0144736842 0.142394822
47.0 0.4015350878 0.574433657 0.1293859649 0.2621359223
17.0 0.4769736842 0.3430420712 0.0144736842 0.13592233010000002
36.0 0.5289473684 0.577669903 0.026315789500000002 0.3203883495
2.0 0.560745614 0.5339805826 0.0267543859 0.5954692557
19.0 0.5951754386 0.4902912622 0.0289473684 0.1779935275
36.0 0.6265350878 0.569579288 0.0206140351 0.3106796117
9.0 0.6725877193 0.5129449838 0.0442982456 0.27508090620000003
2.0 0.7083333333 0.6229773462 0.022807017500000002 0.6763754045
10.0 0.7394736842 0.571197411 0.0254385965 0.029126213600000003
19.0 0.775 0.49514563100000003 0.0315789474 0.1812297735
4.0 0.8399122807 0.5857605178 0.050877193 0.36245954700000005
5.0 0.9225877193 0.5954692556 0.0346491228 0.5242718447
20.0 0.9458333333000001 0.3300970874 0.0144736842 0.1294498382
5.0 0.9804824562000001 0.6618122978000001 0.033771929900000004 0.6375404531000001
