0.0 0.5035070140000001 0.5838658147 0.9919839679 0.519169329
42.0 0.0844188377 0.5079872204 0.0736472946 0.1309904153
32.0 0.1387775551 0.5790734824 0.0190380762 0.1102236422
45.0 0.1610721443 0.5599041534 0.0245490982 0.0686900959
21.0 0.1896292585 0.5087859425 0.0185370742 0.08466453680000001
14.0 0.2382264529 0.4400958466 0.0335671342 0.1549520767
2.0 0.2745490982 0.483226837 0.0240480962 0.1549520767
0.0 0.3294088176 0.42891373800000004 0.0656312625 0.0431309904
26.0 0.32489979960000004 0.3650159744 0.0295591182 0.1293929713
26.0 0.3198897795 0.5239616614 0.0295591183 0.1405750799
32.0 0.3431863727 0.5311501598 0.0180360721 0.11661341850000001
7.0 0.5310621242 0.3865814696 0.3016032065 0.5782747603
21.0 0.4676853708 0.3250798722 0.0335671343 0.1325878594
32.0 0.4927354709 0.3610223642 0.0245490982 0.15015974440000002
9.0 0.5232965932 0.38977635780000003 0.0225450902 0.0702875399
10.0 0.5473446894 0.3602236422 0.0185370742 0.017571885000000002
14.0 0.5764028056 0.2763578275 0.0375751503 0.1469648562
32.0 0.6097194389 0.31629392970000003 0.0230460922 0.159744409
18.0 0.6335170341 0.19089456870000002 0.0235470942 0.1102236422
9.0 0.6743486974 0.31629392970000003 0.0220440882 0.0638977636
10.0 0.6981462926 0.2947284345 0.0175350702 0.0207667732
21.0 0.7292084168 0.2004792332 0.0375751503 0.1261980831
0.0 0.7940881764000001 0.2172523962 0.0731462925 0.0479233227
26.0 0.7813126252 0.1557507987 0.0325651303 0.1325878594
26.0 0.7753006012 0.29632587860000004 0.0295591182 0.1198083067
32.0 0.8026052104 0.3170926518 0.021042084200000002 0.1198083067
7.0 0.871743487 0.17412140580000002 0.1012024048 0.3450479233
15.0 0.8577154309 0.0686900959 0.0270541082 0.10223642170000001
39.0 0.9261022044 0.1637380192 0.0325651302 0.1357827476
5.0 0.9531563126 0.13338658150000002 0.0295591182 0.161341853
42.0 0.28281563130000004 0.8498402556 0.07264529060000001 0.15015974440000002
32.0 0.3444388778 0.9257188498000001 0.018537074100000002 0.11661341850000001
45.0 0.3677354709 0.8977635783000001 0.0230460922 0.0607028754
19.0 0.3965430862 0.8450479233 0.0195390782 0.09904153360000001
0.0 0.498246493 0.7875399361000001 0.0586172344 0.03514377
26.0 0.4709418838 0.7188498402 0.0240480962 0.1277955271
26.0 0.47144288580000004 0.8881789138 0.0310621243 0.1341853035
32.0 0.495490982 0.9025559106000001 0.0180360721 0.1182108627
2.0 0.5348196393 0.8107028754000001 0.026553106200000003 0.1677316294
20.0 0.5598697395000001 0.7012779552 0.030561122200000002 0.13738019170000002
9.0 0.5956913828 0.7963258786 0.0230460922 0.0686900958
10.0 0.6182364730000001 0.7771565495 0.0160320641 0.0239616614
21.0 0.6487975952 0.6757188498000001 0.0340681362 0.1309904153
32.0 0.6786072144 0.7236421726000001 0.0305611223 0.1597444089
0.0 0.7099198397 0.5814696486 0.026052104200000002 0.0287539936
16.0 0.7164328657 0.5087859425 0.0270541082 0.1006389776
14.0 0.7221943888 0.6485623003000001 0.0345691383 0.1277955272
5.0 0.7670340681000001 0.6581469648 0.0230460922 0.1597444089
