14.0 0.029854910800000002 0.171506352 0.0541294643 0.2050816697
11.0 0.0747767857 0.3430127042 0.0703125 0.3666061706
14.0 0.1459263393 0.3520871144 0.0597098214 0.20689655170000001
42.0 0.27650669650000004 0.3430127042 0.1389508929 0.27586206900000004
39.0 0.2335379464 0.5517241380000001 0.0340401786 0.1197822141
45.0 0.2659040178 0.5662431941 0.0396205357 0.0508166969
15.0 0.3052455358 0.5471869328 0.0279017857 0.11433756810000001
0.0 0.7022879464 0.5272232305 0.5608258929000001 0.1470054446
0.0 0.5438058036 0.2831215971 0.2639508929 0.08711433760000001
44.0 0.47433035710000004 0.0762250454 0.1171875 0.12341197820000001
2.0 0.5786830357 0.1315789474 0.0212053572 0.2159709619
15.0 0.6157924107 0.1152450091 0.03515625 0.13248638840000002
39.0 0.6506696429000001 0.1361161524 0.0345982143 0.1197822141
5.0 0.6743861607 0.1851179674 0.0206473214 0.2577132487
17.0 0.5270647321 0.3611615245 0.0485491071 0.1560798548
39.0 0.5775669643 0.3929219601 0.036830357200000004 0.13248638840000002
48.0 0.7801339286000001 0.3130671506 0.109375 0.19782214150000002
2.0 0.8719308036000001 0.37931034480000003 0.02734375 0.2976406534
21.0 0.9121093750000001 0.3384754991 0.0318080358 0.21234119780000002
39.0 0.9536830357 0.3820326678 0.0457589286 0.17241379310000002
5.0 0.9874441964 0.393829401 0.0206473214 0.2940108893
0.0 0.6858258929000001 0.8112522686 0.20089285710000002 0.0362976406
48.0 0.6263950893 0.6170598911 0.0719866072 0.1379310344
2.0 0.7101004464 0.6479128857 0.01953125 0.19963702360000002
14.0 0.744140625 0.6306715064 0.0295758928 0.1324863883
39.0 0.7815290179000001 0.662431942 0.0329241071 0.1270417423
5.0 0.802734375 0.6905626134 0.018415178600000002 0.2450090744
15.0 0.6802455357 0.890199637 0.0290178572 0.1433756806
39.0 0.7120535714 0.9119782214000001 0.0279017857 0.1397459165
