42.0 0.07618683 0.3696428572 0.1493108729 0.5178571429000001
23.0 0.1772588055 0.6571428572 0.037519142400000004 0.2857142857
45.0 0.2320061256 0.7000000000000001 0.059724349200000006 0.15
13.0 0.2817764165 0.65 0.0122511485 0.3142857142
0.0 0.6607963246 0.5625 0.5620214395 0.09642857140000001
14.0 0.4739663094 0.225 0.0321592649 0.3285714286
23.0 0.5229709036 0.28750000000000003 0.0413476263 0.3464285714
50.0 0.6447166922 0.2607142858 0.1470137826 0.3642857143
2.0 0.7760336907000001 0.2803571429 0.0298621745 0.47500000000000003
21.0 0.8081929556 0.2303571428 0.0329249617 0.3464285715
23.0 0.8480091884000001 0.2553571428 0.037519142400000004 0.3035714285
5.0 0.8889739663 0.22857142860000002 0.030627871400000003 0.40714285710000003
14.0 0.3786370598 0.7339285714 0.0359877489 0.3392857143
23.0 0.4272588056 0.7982142858 0.0444104135 0.3607142857
47.0 0.5352220520000001 0.7607142857 0.1225114855 0.30000000000000004
23.0 0.6531393568 0.7535714286 0.041347626400000004 0.30000000000000004
50.0 0.7699081164 0.7303571429 0.14012251150000002 0.325
2.0 0.8985451761000001 0.7696428572 0.019142419600000002 0.45357142850000004
12.0 0.9421898928 0.7285714286 0.0436447166 0.37857142860000004
5.0 0.9854517611 0.7535714285 0.0290964778 0.4428571429
