42.0 0.0584897424 0.3683333333 0.1117415975 0.41000000000000003
25.0 0.1431689219 0.7733333333 0.0261894369 0.22
45.0 0.1761239634 0.79 0.043212570900000004 0.0866666666
15.0 0.2132256656 0.7316666666 0.0205150589 0.2033333333
0.0 0.37276298560000004 0.5733333333 0.2409428198 0.04
18.0 0.37581841990000003 0.3866666667 0.0471409864 0.3466666667
50.0 0.3160192056 0.76 0.1012658228 0.32
2.0 0.3926233086 0.795 0.014404190400000001 0.41000000000000003
16.0 0.4164120472 0.7416666666 0.0261894369 0.2766666667
25.0 0.45024006980000003 0.7916666667000001 0.029244871300000003 0.29
5.0 0.4749017896 0.76 0.0104757748 0.3466666666
42.0 0.5829332169 0.4283333333 0.1235268442 0.49
25.0 0.6553906591 0.7633333334 0.0222610214 0.2066666667
45.0 0.6898734178 0.79 0.0414666085 0.0866666666
14.0 0.7280663465 0.74 0.0209515495 0.22
0.0 0.8690528154 0.6183333334000001 0.20340462680000002 0.10333333330000001
44.0 0.8280226975 0.32833333330000003 0.09777389780000001 0.35000000000000003
2.0 0.9140113487 0.33333333330000003 0.0130947185 0.46
20.0 0.9386730686 0.20500000000000002 0.0257529463 0.31
25.0 0.9733740724000001 0.305 0.0323003055 0.31
5.0 0.9947621126 0.2716666666 0.0087298123 0.3633333333
15.0 0.8738542122 0.7166666666 0.0261894369 0.2933333333
25.0 0.906372763 0.7566666666 0.030117852400000002 0.2866666667
