27.0 0.0527444254 0.8938223938000001 0.0883361921 0.2046332046
20.0 0.12650085760000002 0.38223938220000003 0.0488850772 0.2084942085
42.0 0.32161235 0.2963320464 0.17838765010000002 0.2528957529
36.0 0.22512864500000002 0.6833976834000001 0.060891938300000004 0.13899613900000002
45.0 0.29974271010000003 0.7104247104 0.06946826760000001 0.1003861004
13.0 0.36835334480000004 0.6611969112 0.033447684400000004 0.2142857142
9.0 0.4009433962 0.5028957528 0.0437392796 0.1138996139
0.0 0.7349914236 0.40250965250000004 0.48370497430000003 0.0405405406
49.0 0.5827615780000001 0.1554054054 0.1295025729 0.2915057915
2.0 0.7041166381 0.16216216220000002 0.036020583200000005 0.27799227800000004
13.0 0.7457118354000001 0.1640926641 0.0351629503 0.2818532818
9.0 0.8027444254 0.15250965260000002 0.06689536880000001 0.1698841699
36.0 0.8799313894 0.1998069498 0.0754716981 0.1872586872
5.0 0.9554030874 0.1843629344 0.0274442539 0.2992277993
48.0 0.6475128645 0.5347490348 0.1852487136 0.2741312741
36.0 0.8795025729 0.5945945946 0.0934819898 0.2046332046
