42.0 0.0561497326 0.3914141414 0.0802139038 0.3484848485
39.0 0.015220074 0.8484848485 0.0131633073 0.15656565660000002
45.0 0.043192102 0.8396464646 0.0312628548 0.0681818181
17.0 0.0705471 0.808080808 0.018510900900000002 0.1515151515
9.0 0.092143151 0.6654040404 0.012340600600000001 0.13383838380000002
0.0 0.5880296174 0.4886363636 0.8025503908 0.0429292929
10.0 0.3410119292 0.2727272727 0.0205676677 0.0202020202
21.0 0.37597696420000004 0.2297979798 0.034553681600000004 0.31313131320000004
50.0 0.48272315920000003 0.2904040404 0.1262854792 0.3181818182
39.0 0.578157137 0.2916666666 0.0275606746 0.2550505051
46.0 0.6731797614 0.2853535354 0.1081859317 0.2727272727
19.0 0.7385849445 0.12121212120000001 0.0242698478 0.1767676768
39.0 0.7951460304 0.3143939394 0.0296174414 0.2853535354
47.0 0.1970382558 0.7398989899 0.10859728510000001 0.2626262626
12.0 0.2603866722 0.6123737374 0.0139860139 0.1742424242
39.0 0.3111888112 0.768939394 0.0283833814 0.2752525253
9.0 0.3432743727 0.7348484849 0.0242698478 0.2474747475
2.0 0.3817359112 0.7398989899 0.0386672151 0.494949495
16.0 0.4208144796 0.7121212121 0.0296174414 0.3434343434
39.0 0.4555738379 0.7626262626 0.0275606746 0.2676767677
50.0 0.5462772522 0.7714646464 0.1077745783 0.3459595959
39.0 0.6556972440000001 0.773989899 0.0271493213 0.28030303030000003
9.0 0.6921020156000001 0.731060606 0.029206088 0.2449494949
21.0 0.7254216372000001 0.7045454546000001 0.034965035000000005 0.3282828283
5.0 0.7612093789000001 0.7234848485 0.0283833813 0.44696969700000005
50.0 0.8578774167000001 0.7247474748 0.11559029200000001 0.2828282829
12.0 0.9321266968 0.6237373738 0.0131633073 0.1919191919
39.0 0.9843685726 0.7626262626 0.0287947346 0.2676767677
