49.0 0.058823529400000005 0.44594594600000004 0.0989956958 0.2792792793
39.0 0.1746771879 0.5078828828 0.0480631277 0.1599099099
22.0 0.23098995700000002 0.4808558558 0.0315638451 0.1013513513
0.0 0.5914634146000001 0.5867117117 0.8156384505000001 0.14639639640000002
42.0 0.3271162124 0.2060810811 0.1018651363 0.2004504504
38.0 0.4049497848 0.4211711712 0.0365853658 0.08108108110000001
45.0 0.4583931134 0.3986486486 0.055954088900000004 0.06756756750000001
17.0 0.5150645624 0.3873873874 0.041606886600000004 0.1351351352
9.0 0.5530846485 0.2511261261 0.0272596844 0.0968468468
0.0 0.6463414634 0.2511261261 0.0989956958 0.0202702703
26.0 0.6757532281 0.16441441440000001 0.0301291248 0.1261261261
26.0 0.6574605452000001 0.3468468468 0.0351506456 0.1396396397
38.0 0.6969153515000001 0.3671171171 0.0423242468 0.0765765766
3.0 0.7553802008 0.170045045 0.0243902439 0.26801801810000003
49.0 0.8217360115000001 0.2173423424 0.0652797704 0.2094594595
38.0 0.9239598278000001 0.2511261261 0.053084648500000005 0.0968468468
6.0 0.9648493544000001 0.2578828829 0.018651363 0.38513513520000003
42.0 0.40387374460000003 0.7567567568 0.09469153520000001 0.2207207207
38.0 0.48637015780000004 0.9481981982000001 0.0358680058 0.072072072
45.0 0.5365853658 0.936936937 0.0516499283 0.07207207210000001
15.0 0.5893113343 0.9144144144 0.026542324200000002 0.1666666666
9.0 0.6251793401 0.7781531532 0.029411764700000002 0.08783783790000001
0.0 0.737446198 0.7804054054 0.0602582496 0.0157657658
26.0 0.7471305596000001 0.6903153153 0.0322812051 0.1373873874
26.0 0.7227403157000001 0.8727477478000001 0.027977044500000003 0.1328828829
38.0 0.7650645624 0.8975225226 0.0394548063 0.07432432430000001
0.0 0.8454088953000001 0.7871621622 0.0423242468 0.024774774700000002
14.0 0.8518651363 0.6880630630000001 0.0394548064 0.1599099099
38.0 0.849713056 0.8423423424 0.0394548063 0.07657657650000001
