42.0 0.1022840119 0.38783783790000004 0.17477656400000002 0.3486486487
39.0 0.0516385303 0.645945946 0.049652433 0.12432432430000001
45.0 0.12164846080000001 0.6662162162 0.0943396226 0.0621621622
19.0 0.18917576960000002 0.6445945946 0.0287984111 0.1054054054
0.0 0.64448858 0.4945945946 0.6137040715000001 0.054054054000000004
44.0 0.459285005 0.2081081081 0.31876861970000003 0.2648648648
2.0 0.7130089374 0.2216216216 0.0536246276 0.4378378378
15.0 0.7859980139 0.2391891892 0.060575968200000004 0.24054054060000002
39.0 0.8728897716 0.2351351352 0.08738828200000001 0.24324324330000002
5.0 0.9419066534 0.1918918919 0.040714995000000004 0.3567567568
50.0 0.45978152920000004 0.7391891892 0.2859980139 0.4621621622
2.0 0.6976166832 0.727027027 0.048659384300000004 0.4378378378
16.0 0.7780536246 0.7135135135 0.0665342602 0.1891891892
39.0 0.8574975174 0.6986486486 0.090367428 0.2189189189
5.0 0.9275074479000001 0.731081081 0.043694141000000006 0.4189189189
