42.0 0.0734162226 0.5429042904 0.1231497928 0.22772277230000001
8.0 0.015097691000000002 0.8564356436 0.0242747187 0.1254125413
45.0 0.06867969210000001 0.8391089109000001 0.029603315600000003 0.0544554456
16.0 0.1130846655 0.8168316832 0.022498519800000002 0.1155115511
9.0 0.12551805800000002 0.6856435644000001 0.018946122000000003 0.07755775570000001
0.0 0.5677915926 0.46534653460000003 0.8620485495 0.27062706270000003
0.0 0.3602723505 0.3143564356 0.10953226760000001 0.0412541254
26.0 0.35938425100000004 0.2103960396 0.0319715808 0.1765676568
26.0 0.3410301954 0.4249174918 0.034339846 0.1963696369
8.0 0.3910597987 0.4207920792 0.0337477798 0.1584158416
2.0 0.4413854352 0.2648514852 0.0242747188 0.28217821790000003
18.0 0.47424511540000003 0.22194719470000002 0.0331557135 0.196369637
9.0 0.5103611604 0.196369637 0.0307874481 0.1287128713
10.0 0.5467732386 0.2120462046 0.023090586200000002 0.0214521452
47.0 0.65008881 0.2021452146 0.1219656601 0.20627062710000002
21.0 0.720544701 0.0825082508 0.0201302546 0.1353135314
8.0 0.7910005921000001 0.1394389439 0.0438129071 0.19306930700000002
5.0 0.8274126702 0.1369636964 0.0325636471 0.2574257426
0.0 0.24925991720000001 0.7681518152 0.1077560687 0.0445544554
26.0 0.262285376 0.6641914192 0.0319715808 0.2029702971
26.0 0.2400828892 0.8836633664 0.0325636471 0.2029702971
8.0 0.2912966252 0.8712871287 0.0307874482 0.1551155116
2.0 0.346062759 0.6839933994 0.0290112493 0.2623762377
48.0 0.4476021314 0.6402640264 0.11249259910000001 0.24752475240000002
8.0 0.5612788632 0.6171617162 0.0414446418 0.2079207921
9.0 0.6110124334 0.5660066007 0.034339846 0.1386138614
8.0 0.6802841918 0.5750825082000001 0.0426287744 0.20627062710000002
46.0 0.8007696862 0.5387788778 0.12255772640000001 0.1897689769
16.0 0.8525754884000001 0.4405940594 0.0189461219 0.09900990100000001
8.0 0.9206631143 0.48019801980000004 0.0402605092 0.19141914200000001
5.0 0.9552989935 0.4546204621 0.0278271166 0.2293729373
