42.0 0.08396281230000001 0.41622340420000004 0.11911679260000001 0.3324468085
29.0 0.0589773388 0.8537234042 0.023823358500000003 0.22872340430000002
45.0 0.0816385822 0.8444148936 0.024985473600000002 0.10372340420000001
16.0 0.1066240558 0.8045212766000001 0.0145264381 0.17287234040000002
9.0 0.12347472400000001 0.6715425532 0.016850668200000002 0.0984042554
48.0 0.251888437 0.4760638298 0.10749564210000001 0.2180851064
29.0 0.3686809994 0.4454787234 0.036606624000000004 0.35372340420000004
14.0 0.41109819870000003 0.4002659575 0.036606624000000004 0.2260638297
11.0 0.44392794890000004 0.44015957440000003 0.047646717000000005 0.3324468085
29.0 0.4886693782 0.5106382978 0.0348634515 0.40957446810000003
7.0 0.7611853574 0.30851063830000003 0.4741429401 0.579787234
29.0 0.6626961069 0.47872340420000004 0.034282394 0.3989361703
2.0 0.7051133062 0.3643617021 0.035444509 0.4840425532
20.0 0.7533410808000001 0.44015957450000004 0.0400929692 0.375
9.0 0.7980825102 0.4813829787 0.0331202789 0.2021276596
10.0 0.8326554329 0.4813829788 0.019755955800000002 0.042553191500000004
17.0 0.8654851830000001 0.4694148936 0.0319581639 0.295212766
29.0 0.9029633934 0.4534574468 0.0360255665 0.3643617022
5.0 0.9433468914 0.4228723404 0.0319581639 0.37765957450000004
