42.0 0.115585774 0.5 0.2144351465 0.4731182796
33.0 0.2557531381 0.8682795699 0.030334728000000002 0.188172043
45.0 0.3012552301 0.8575268817 0.0481171548 0.123655914
10.0 0.35041841 0.8387096774 0.0271966527 0.0322580645
1.0 0.4445606694 0.7876344086 0.07112970710000001 0.188172043
3.0 0.5685146444 0.33333333330000003 0.015690376500000002 0.4731182796
33.0 0.6229079498 0.505376344 0.0554393306 0.35483870970000003
10.0 0.6929916318 0.4435483871 0.0533472804 0.08064516120000001
21.0 0.7651673640000001 0.2849462366 0.0554393306 0.5376344086
6.0 0.815376569 0.379032258 0.0115062761 0.5322580645
9.0 0.8838912134 0.4139784946 0.0753138076 0.5053763441
33.0 0.9665271966000001 0.48924731180000003 0.060669456100000005 0.33333333330000003
