42.0 0.0976430977 0.7018927445 0.1840628507 0.33123028390000003
33.0 0.2502805836 0.9211356467 0.047138047200000005 0.15141955840000001
45.0 0.31313131310000003 0.9100946372000001 0.0650953984 0.1167192429
16.0 0.39169472510000003 0.856466877 0.0583613917 0.2239747634
14.0 0.45622895620000004 0.832807571 0.0751964085 0.214511041
0.0 0.7227833894 0.6324921135 0.32547699210000003 0.059936908500000004
7.0 0.719416386 0.28548895900000004 0.2716049383 0.5078864354
16.0 0.6537598204 0.1561514196 0.0527497194 0.19873817030000002
39.0 0.8108866442 0.3296529968 0.0617283951 0.2050473187
9.0 0.8748597082 0.2539432176 0.0774410774 0.17350157730000001
12.0 0.9652076318 0.2318611988 0.0673400673 0.28706624610000003
33.0 0.7037037037 0.8312302839 0.074074074 0.1861198738
10.0 0.7738496072000001 0.7933753943 0.0594837262 0.0283911672
21.0 0.8383838384000001 0.7712933754 0.056116722800000005 0.2933753944
17.0 0.9152637486 0.7318611988 0.07968574640000001 0.2586750789
