42.0 0.1047098402 0.24242424240000002 0.20269133720000002 0.33333333330000003
29.0 0.2296047098 0.615530303 0.0420521447 0.2689393939
45.0 0.30235492010000004 0.6041666667000001 0.08158116060000001 0.125
17.0 0.3704793944 0.6553030303 0.0412111017 0.24242424240000002
0.0 0.7266610597000001 0.6041666667000001 0.5231286796 0.1401515151
2.0 0.4890664424 0.3503787879 0.0210260724 0.2386363636
27.0 0.5168208578 0.3939393939 0.0260723297 0.12121212120000001
21.0 0.5597140454 0.1553030303 0.0277544155 0.196969697
29.0 0.5954583684 0.19886363640000002 0.0353238015 0.24621212120000002
10.0 0.6476030278 0.393939394 0.0437342305 0.0454545455
17.0 0.6917577797000001 0.4431818182 0.0378469301 0.2121212121
5.0 0.7245584525000001 0.42424242430000003 0.0176619008 0.2272727273
2.0 0.747687132 0.4602272727 0.0218671153 0.2386363636
27.0 0.7754415475 0.4867424242 0.028595458400000003 0.1174242425
15.0 0.8057190917 0.2670454546 0.026913372600000002 0.2007575757
29.0 0.8435660219000001 0.2727272727 0.0336417157 0.196969697
9.0 0.8910849454 0.5132575758 0.0445752733 0.21590909090000002
16.0 0.9314550042 0.5227272727 0.022708158200000002 0.196969697
5.0 0.9562657696 0.5132575758 0.015138772100000001 0.21590909090000002
27.0 0.6694701430000001 0.8768939394 0.030277544200000003 0.125
29.0 0.7098402019000001 0.6893939394 0.0370058873 0.2272727272
10.0 0.756097561 0.8541666666000001 0.0386879731 0.049242424300000004
15.0 0.7964676198 0.8825757576000001 0.0285954583 0.196969697
