22.0 0.0415869981 0.4824120603 0.062141491400000005 0.10552763820000001
42.0 0.2222753346 0.472361809 0.171128107 0.2562814071
33.0 0.1553537285 0.648241206 0.0411089866 0.1206030151
45.0 0.21653919700000002 0.6494974874 0.0736137667 0.1281407035
1.0 0.3159655832 0.6331658292 0.0812619503 0.1155778895
0.0 0.7112810708 0.5201005026000001 0.5105162523 0.050251256300000005
0.0 0.5597514341000001 0.2726130653 0.0984703633 0.027638191000000003
26.0 0.5215105162 0.1256281407 0.0544933079 0.17587939700000002
26.0 0.4995219886 0.3907035176 0.0564053537 0.2135678392
33.0 0.5587954110000001 0.40326633170000004 0.0430210325 0.1281407035
20.0 0.6543977055 0.1871859296 0.0793499044 0.3592964825
12.0 0.7600382409 0.1871859296 0.1166347992 0.2989949749
20.0 0.8680688336 0.1947236181 0.0803059273 0.36934673360000003
33.0 0.9416826004000001 0.2236180904 0.0535372849 0.15577889450000001
0.0 0.6180688336 0.7512562814 0.1195028681 0.0251256282
26.0 0.6290630976 0.6218592964 0.0535372849 0.19346733670000002
26.0 0.6094646271 0.8693467336 0.0583173997 0.2010050251
33.0 0.663957935 0.9020100502 0.0391969408 0.1407035175
27.0 0.7605162524 0.7148241206 0.0774378585 0.2236180904
33.0 0.8245697897 0.5778894472 0.0315487572 0.1356783919
