42.0 0.0646670335 0.3232628399 0.1216290589 0.4350453172
39.0 0.154375344 0.5876132930000001 0.034672537100000005 0.27492447130000003
45.0 0.2025316456 0.5785498489 0.0462300495 0.166163142
15.0 0.2559163456 0.5271903324 0.0374243258 0.2930513595
0.0 0.6282333517 0.5271903323 0.6202531646 0.14803625380000002
46.0 0.5674188222000001 0.2764350454 0.11447440830000001 0.27492447130000003
39.0 0.6857457347 0.28851963750000004 0.0407264722 0.2990936556
9.0 0.7234452394 0.2250755287 0.036873968 0.1782477342
12.0 0.7663731426 0.1797583082 0.032471106300000004 0.27492447130000003
2.0 0.335443038 0.7024169184 0.022564667 0.43806646530000004
16.0 0.36075949360000004 0.5936555891 0.0379746835 0.2688821752
9.0 0.4039625757 0.6178247734 0.0374243258 0.14803625380000002
10.0 0.44634012110000004 0.6888217523 0.0297193176 0.0483383686
44.0 0.5357732526 0.7114803625 0.1084204733 0.2990936556
39.0 0.637864612 0.7160120846 0.0407264722 0.3141993958
5.0 0.6736378646 0.6737160121 0.024215740200000002 0.33836858000000003
2.0 0.6868464502 0.6797583082 0.0187121629 0.4048338369
20.0 0.7162905889000001 0.5981873112 0.039075399000000004 0.2839879154
9.0 0.759218492 0.6283987916 0.0412768299 0.1631419939
48.0 0.8492019813 0.6435045317 0.0913593836 0.29607250760000003
39.0 0.944413869 0.6978851964 0.045129334 0.2900302115
5.0 0.971106219 0.6963746224 0.0181618051 0.3716012085
