42.0 0.1805929919 0.5390879478 0.2533692722 0.2899022801
39.0 0.028975741200000002 0.7947882736 0.0309973046 0.1302931596
45.0 0.09501347710000001 0.7508143323 0.0876010782 0.1205211727
10.0 0.1880053908 0.7638436482000001 0.057951482500000005 0.022801303000000002
1.0 0.2991913746 0.7166123778 0.07008086250000001 0.0846905537
0.0 0.7095687332 0.5765472312000001 0.5296495957 0.0456026059
20.0 0.5 0.3794788274 0.0673854448 0.3159609121
39.0 0.5741239892000001 0.4267100977 0.0539083558 0.2019543974
16.0 0.6347708895 0.15798045600000002 0.040431266800000004 0.17263843650000002
9.0 0.7257412399000001 0.35993485340000003 0.07951482480000001 0.342019544
17.0 0.8463611860000001 0.3648208469 0.11320754720000001 0.2540716612
16.0 0.5801886792000001 0.7654723127 0.0741239893 0.2931596092
3.0 0.634097035 0.7817589576 0.0121293801 0.3713355049
39.0 0.6846361186000001 0.8355048860000001 0.0592991914 0.1856677524
17.0 0.7601078167 0.6661237785 0.0727762804 0.1530944626
6.0 0.8180592992 0.7817589576 0.013477089000000001 0.3713355049
