42.0 0.1545454546 0.4385245902 0.2701298701 0.2377049181
40.0 0.06883116880000001 0.7226775956 0.0311688312 0.15027322410000002
45.0 0.1155844156 0.6407103826 0.0545454546 0.0355191257
1.0 0.19155844160000002 0.5956284153 0.055844155900000005 0.0491803278
0.0 0.6474025974000001 0.47404371580000004 0.5831168832 0.0300546449
43.0 0.5142857143 0.21448087440000002 0.2415584416 0.3907103825
18.0 0.7045454546000001 0.3032786886 0.0792207793 0.1530054645
18.0 0.7876623376 0.30601092900000004 0.0740259741 0.1584699453
20.0 0.9461038961 0.1325136612 0.061038961 0.22677595620000002
43.0 0.5623376623 0.7459016394 0.2233766234 0.47540983610000004
13.0 0.7402597402000001 0.781420765 0.0259740259 0.1693989071
13.0 0.7792207792 0.7868852459 0.025974026 0.174863388
13.0 0.9012987013 0.606557377 0.0337662338 0.2240437159
