42.0 0.0651902682 0.3900293255 0.1241422333 0.4457478006
39.0 0.18309419840000002 0.6730205278 0.043044292000000005 0.3313782991
45.0 0.23643169060000002 0.6700879766000001 0.0623830318 0.1143695015
1.0 0.3228321896 0.5909090909 0.08047411110000001 0.1319648094
0.0 0.6874610106 0.5454545454 0.5552089832 0.0879765395
43.0 0.5056144729000001 0.3079178886 0.1203992514 0.4809384164
13.0 0.5835932626 0.35483870970000003 0.0081097941 0.20527859240000002
13.0 0.590143481 0.35043988270000004 0.0074859638 0.202346041
39.0 0.6441048035 0.2609970674 0.03930131 0.2991202347
43.0 0.7604491578 0.2947214076 0.1322520275 0.4604105572
18.0 0.8443543356000001 0.34457478 0.0368059888 0.2316715543
19.0 0.8746101061 0.3328445748 0.027448534 0.1906158358
20.0 0.9451029320000001 0.20821114370000002 0.0424204616 0.3284457478
43.0 0.4756706176 0.7360703812 0.111665627 0.41642228740000004
14.0 0.5726762321000001 0.8240469208000001 0.0336868372 0.1818181818
13.0 0.5954460386 0.8255131964 0.0068621335 0.2140762463
12.0 0.6540860886000001 0.6730205279 0.0467872738 0.3137829912
43.0 0.7535870244 0.7478005865 0.1135371179 0.439882698
17.0 0.8571428571 0.8313782992000001 0.0486587649 0.2375366569
14.0 0.9004990642 0.8445747801 0.0355583281 0.21114369500000002
39.0 0.970679975 0.7434017595 0.041172801 0.3079178886
