42.0 0.2214285714 0.4132075472 0.2584415584 0.5698113207000001
38.0 0.0694805195 0.820754717 0.07922077920000001 0.1924528302
45.0 0.1662337662 0.8547169811 0.10909090910000001 0.1471698113
10.0 0.2616883117 0.7962264151 0.050649350600000004 0.030188679200000002
1.0 0.3655844156 0.7735849056 0.07922077920000001 0.1584905661
0.0 0.7487012987 0.5433962264000001 0.4168831168 0.030188679200000002
19.0 0.5837662338 0.3018867924 0.087012987 0.3396226415
27.0 0.6922077923000001 0.37547169820000004 0.1012987013 0.2679245283
17.0 0.7837662338 0.1603773585 0.0766233766 0.2
38.0 0.8655844156 0.11132075470000001 0.07402597400000001 0.1773584906
20.0 0.5922077922 0.7641509434 0.10909090910000001 0.3660377358
27.0 0.6961038962 0.8452830189 0.0961038961 0.2867924528
17.0 0.7935064935 0.7056603774 0.077922078 0.2188679245
38.0 0.8759740260000001 0.6566037736 0.07922077920000001 0.1962264151
