42.0 0.10106761560000001 0.5733333334 0.1708185053 0.5666666667
38.0 0.2334519573 0.8916666666 0.0569395018 0.2033333333
45.0 0.2854092526 0.9266666667000001 0.0498220641 0.1
13.0 0.3288256228 0.8716666666 0.019928825600000002 0.22333333330000002
9.0 0.36049822060000003 0.65 0.040569395 0.1666666666
27.0 0.46476868330000004 0.615 0.055516014200000005 0.25
49.0 0.524911032 0.365 0.057651245500000003 0.29
2.0 0.5975088968 0.4133333334 0.0120996442 0.2333333333
14.0 0.6160142348000001 0.37 0.023487544500000002 0.22
9.0 0.6519572953 0.355 0.0384341637 0.1566666666
38.0 0.6975088968000001 0.3683333333 0.046975089000000005 0.17
50.0 0.8124555160000001 0.1733333333 0.1558718861 0.2666666667
38.0 0.9327402136 0.1666666667 0.0491103203 0.18
5.0 0.9804270462 0.395 0.0135231317 0.2966666666
