42.0 0.0688920454 0.40328467160000003 0.1264204545 0.3321167883
36.0 0.1473721591 0.6879562044 0.019176136400000002 0.0912408759
45.0 0.17684659090000002 0.6569343066000001 0.03125 0.051094890500000004
20.0 0.2066761363 0.6368613139 0.0198863637 0.15693430660000002
9.0 0.2272727272 0.4361313868 0.0142045455 0.1058394161
0.0 0.6399147727000001 0.4689781022 0.7130681818 0.09854014600000001
10.0 0.3863636364 0.2883211678 0.015625 0.0291970803
20.0 0.4126420454 0.2481751825 0.0241477273 0.1751824818
46.0 0.5053267045000001 0.3248175182 0.1015625 0.1897810219
36.0 0.6061789772 0.33759124090000003 0.0262784091 0.1204379562
47.0 0.6935369318 0.3321167883 0.0901988636 0.19708029200000002
16.0 0.7698863636000001 0.1003649635 0.022727272700000002 0.1788321168
36.0 0.8377130682 0.3503649635 0.0262784091 0.1313868614
2.0 0.31853693180000003 0.6605839416 0.0205965909 0.22627737220000002
15.0 0.3494318182 0.6624087592 0.026988636400000002 0.1861313869
9.0 0.3831676136 0.6879562044 0.0205965909 0.1423357664
21.0 0.41228693180000003 0.6715328468 0.0234375 0.21167883210000002
36.0 0.44140625 0.7354014599 0.024857954600000003 0.1204379562
50.0 0.5522017046000001 0.7645985401000001 0.1257102273 0.3394160584
36.0 0.6622869318 0.75 0.0276988636 0.1277372262
5.0 0.6867897727000001 0.6897810218 0.015625 0.2700729927
46.0 0.7890625 0.7427007299 0.1136363636 0.2080291971
21.0 0.8575994318 0.5565693431000001 0.0205965909 0.1788321168
36.0 0.9282670454 0.7645985401000001 0.0326704545 0.1277372263
