0.0 0.49528301880000003 0.581871345 0.9886792453000001 0.0555555555
42.0 0.0983490566 0.1856725146 0.0787735849 0.1374269006
41.0 0.0603773585 0.35087719300000003 0.0198113208 0.067251462
45.0 0.0943396226 0.33479532170000004 0.0367924529 0.0555555555
17.0 0.13490566040000002 0.3538011696 0.020754717000000002 0.09356725140000001
17.0 0.1827830189 0.2185672515 0.025 0.1038011696
2.0 0.21816037740000002 0.2127192983 0.0268867925 0.19152046790000002
0.0 0.2587264151 0.2244152046 0.0410377358 0.010233918100000001
26.0 0.2707547169 0.139619883 0.0188679245 0.1564327485
26.0 0.2547169811 0.3216374269 0.020754717000000002 0.16374269
41.0 0.2863207547 0.3479532164 0.032075471700000004 0.0935672515
7.0 0.49174528300000003 0.2492690058 0.34198113210000003 0.4809941521
14.0 0.44858490570000004 0.2024853801 0.0424528302 0.12134502920000001
41.0 0.4818396226 0.23026315790000002 0.0278301887 0.0891812866
9.0 0.5153301887 0.22295321640000001 0.0231132076 0.10672514620000001
10.0 0.5410377358 0.21345029240000002 0.0188679245 0.020467836200000002
14.0 0.5759433962 0.2010233918 0.0367924528 0.1184210526
41.0 0.6132075472 0.2331871345 0.028301886800000002 0.09210526320000001
14.0 0.6443396226 0.1162280702 0.023584905700000002 0.0833333333
9.0 0.6818396226 0.22368421060000002 0.0221698113 0.1081871345
10.0 0.7084905661 0.216374269 0.0188679245 0.0233918128
17.0 0.7356132076 0.2273391813 0.0231132075 0.115497076
0.0 0.7919811320000001 0.22807017540000002 0.06698113210000001 0.0146198831
26.0 0.7969339623 0.1176900584 0.0174528302 0.13596491230000002
26.0 0.7811320754000001 0.312134503 0.0198113207 0.1564327485
41.0 0.8127358491000001 0.3421052632 0.031132075500000002 0.0935672515
7.0 0.8870283018 0.2054093568 0.1221698113 0.3552631579
15.0 0.8844339622 0.1125730994 0.011320754700000001 0.0760233918
39.0 0.9452830189 0.2192982456 0.0264150943 0.09649122800000001
5.0 0.9778301887 0.1907894736 0.0339622642 0.2149122807
42.0 0.3344339622 0.7397660819 0.07358490570000001 0.1461988304
41.0 0.2976415094 0.9137426901000001 0.0216981132 0.0701754386
45.0 0.3313679245 0.8969298246 0.038207547200000004 0.0570175439
14.0 0.3745283019 0.8910818714000001 0.0273584906 0.0921052631
0.0 0.4641509434 0.7733918129 0.032075471700000004 0.0087719298
26.0 0.4554245283 0.6834795322 0.0202830188 0.1564327485
26.0 0.43632075480000004 0.8516081872 0.0179245283 0.1476608187
41.0 0.4646226416 0.8815789474 0.0245283019 0.08187134500000001
2.0 0.5155660378 0.7697368421 0.0245283019 0.2032163742
18.0 0.5466981132000001 0.7595029240000001 0.032075471700000004 0.1476608187
9.0 0.5735849057 0.7638888889000001 0.0216981132 0.0979532164
10.0 0.5988207547000001 0.7624269006000001 0.0174528302 0.0219298246
20.0 0.625 0.774122807 0.018867924600000002 0.1476608187
41.0 0.658254717 0.7872807018 0.0306603774 0.10087719290000001
0.0 0.6908018868 0.6388888889000001 0.0117924528 0.0116959064
21.0 0.6933962264 0.5928362574 0.008490566 0.07163742690000001
21.0 0.6933962264 0.6820175438 0.008490566 0.0745614035
5.0 0.7405660378000001 0.7456140351 0.032075471700000004 0.2222222222
