42.0 0.0797967723 0.3823529412 0.15839808730000002 0.4860681115
39.0 0.1781231321 0.7151702786 0.0191273162 0.173374613
45.0 0.1996413628 0.7151702786 0.0215182307 0.12383900930000001
0.0 0.28123132100000003 0.7693498452 0.0902570233 0.040247678
4.0 0.2680812911 0.6501547988 0.052002391 0.1981424149
21.0 0.2743574418 0.8808049536 0.0286909743 0.1702786377
0.0 0.6990436342 0.7894736842000001 0.5815899582 0.11764705880000001
15.0 0.40286909740000004 0.40557275540000004 0.0370591751 0.3095975232
50.0 0.5176329946 0.5046439628 0.14106395700000002 0.34674922610000003
21.0 0.5965331739 0.32662538700000004 0.0263000597 0.1702786378
39.0 0.6476389719 0.5479876161 0.0185295876 0.1981424148
9.0 0.6784219964 0.5727554180000001 0.0251046025 0.1671826625
10.0 0.7065152421 0.5897832817 0.0191273162 0.0278637771
17.0 0.7381948596 0.5464396285 0.0358637179 0.2693498452
44.0 0.8514644352 0.6145510836 0.1201434549 0.2507739938
18.0 0.9282725642 0.4814241486 0.0263000597 0.1888544892
39.0 0.9775851763000001 0.6950464396 0.0197250448 0.2074303406
14.0 0.7041243276 0.8560371517 0.0334728033 0.2817337462
