22.0 0.0384349031 0.5273311897 0.0727146815 0.14147909960000002
42.0 0.2119113574 0.47427652730000003 0.1786703601 0.5241157556
33.0 0.358033241 0.7829581994 0.040166205 0.2540192926
45.0 0.3992382272 0.8344051447 0.049168975100000005 0.1446945338
14.0 0.45775623270000004 0.729903537 0.0470914128 0.19292604500000002
7.0 0.7648891967 0.4935691318 0.4549861496 0.8649517685
33.0 0.7171052632 0.47427652740000004 0.0602493075 0.4019292605
14.0 0.7728531856 0.3536977492 0.0415512466 0.2057877814
9.0 0.8528393352 0.5144694534 0.07271468140000001 0.270096463
14.0 0.9504847646000001 0.4646302251 0.0865650969 0.382636656
