42.0 0.1369179601 0.3321678322 0.2361419068 0.3193473193
40.0 0.060421286000000005 0.5675990676 0.054323725100000005 0.1794871794
45.0 0.1152993348 0.5944055944000001 0.0687361419 0.0932400932
1.0 0.195676275 0.5734265734 0.0676274945 0.08391608390000001
0.0 0.5570953437 0.5372960373 0.5044345898 0.12820512820000002
3.0 0.588691796 0.2226107226 0.0421286031 0.393939394
40.0 0.6762749446 0.2808857809 0.1263858093 0.3846153846
6.0 0.7843680710000001 0.37179487180000004 0.0454545455 0.5664335664
14.0 0.4623059867 0.6585081585 0.1507760532 0.2773892774
40.0 0.6031042128 0.7645687646 0.1263858093 0.3682983683
9.0 0.7394678492 0.7843822844 0.1396895787 0.1934731935
21.0 0.9024390244 0.8135198136 0.1086474501 0.33566433570000004
