42.0 0.0711484594 0.2590909091 0.1411764706 0.4333333334
39.0 0.17507002800000002 0.6651515152 0.0352941176 0.2090909091
45.0 0.21260504200000002 0.6984848485 0.0453781512 0.09393939400000001
0.0 0.2759103641 0.7212121212 0.0577030813 0.0424242424
4.0 0.27535014010000003 0.6121212121 0.0420168067 0.2
17.0 0.2840336134 0.8318181818 0.0571428571 0.18484848480000002
10.0 0.33809523810000003 0.5075757576000001 0.0173669468 0.0272727273
48.0 0.45854341740000004 0.5181818182 0.13501400560000001 0.40606060600000005
39.0 0.5932773109 0.6272727273 0.0448179272 0.3393939394
9.0 0.6532212885 0.5545454545 0.0515406162 0.20606060610000002
10.0 0.7005602241000001 0.6515151515000001 0.0285714286 0.030303030300000002
15.0 0.7372549020000001 0.6151515152 0.031372549 0.2969696969
47.0 0.8577030812 0.7363636363 0.1411764706 0.2727272727
39.0 0.9747899160000001 0.8090909091 0.043697479000000004 0.3333333334
