42.0 0.1731493099 0.5764705883 0.2107904642 0.44705882350000004
34.0 0.1104140527 0.8960784314 0.0376411544 0.12941176470000001
45.0 0.1649937265 0.8666666667 0.06649937260000001 0.11764705880000001
13.0 0.2465495608 0.8607843138 0.0489335007 0.2156862745
0.0 0.7057716437 0.594117647 0.5407779172 0.0352941177
27.0 0.44479297360000003 0.42941176470000003 0.0815558343 0.2784313726
34.0 0.4981179423 0.1431372549 0.035131744 0.1137254902
9.0 0.5746549561000001 0.3509803922 0.055207026400000005 0.23137254910000002
27.0 0.6580928482 0.4196078432 0.0740276035 0.2666666667
10.0 0.7151819322 0.11176470590000001 0.0301129235 0.0274509804
21.0 0.7521957340000001 0.10588235300000001 0.0388958594 0.2039215687
34.0 0.7923462987000001 0.15294117640000002 0.038895859500000005 0.1254901961
10.0 0.8594730238 0.3529411764 0.0451693852 0.039215686300000004
19.0 0.9473023839 0.331372549 0.0853199498 0.37254901960000003
34.0 0.45106649940000004 0.7666666667 0.0715181932 0.2
47.0 0.6838143036000001 0.762745098 0.2634880803 0.2549019608
34.0 0.9441656211 0.7549019608 0.06649937260000001 0.1843137255
