42.0 0.0872586872 0.2072864322 0.15289575290000001 0.3391959799
39.0 0.20038610040000002 0.4359296482 0.0332046332 0.1532663317
45.0 0.2571428572 0.472361809 0.0633204633 0.1005025125
13.0 0.3003861004 0.4861809045 0.0077220077 0.1432160804
0.0 0.6830115830000001 0.5653266332 0.5521235522 0.3015075377
27.0 0.4046332046 0.3354271357 0.0416988417 0.12311557790000001
39.0 0.4621621622 0.1545226131 0.0316602317 0.14824120600000001
9.0 0.5196911197 0.3768844221 0.0602316602 0.12060301500000001
10.0 0.5783783784000001 0.3932160804 0.0416988417 0.047738693400000004
14.0 0.6193050193 0.40201005030000003 0.037065637000000005 0.1155778895
50.0 0.7783783784 0.47613065320000003 0.2038610039 0.2638190955
39.0 0.9613899614 0.5703517588 0.0324324324 0.18592964820000002
15.0 0.4065637066 0.6432160804 0.0316602317 0.1306532664
39.0 0.4463320464 0.6708542714 0.0355212355 0.1708542713
13.0 0.48378378380000003 0.5577889447000001 0.0069498070000000006 0.1708542714
9.0 0.5254826255 0.7349246231000001 0.056370656400000003 0.14824120600000001
13.0 0.5702702703 0.7311557789 0.0115830116 0.1557788944
17.0 0.6081081081 0.756281407 0.0517374518 0.17587939700000002
39.0 0.6583011583 0.7688442211000001 0.0378378378 0.1708542714
15.0 0.7027027027 0.6570351758 0.0324324324 0.1582914573
9.0 0.7675675676 0.8329145728 0.0679536679 0.12311557790000001
17.0 0.8277992278 0.8618090452 0.0494208494 0.17587939700000002
14.0 0.883011583 0.8731155779 0.044015444 0.1331658292
39.0 0.9351351352 0.9032663317 0.0416988417 0.1783919598
