42.0 0.1008328376 0.4889867842 0.1445568114 0.3524229075
32.0 0.0303390838 0.8634361233000001 0.0345032719 0.17180616740000001
45.0 0.0696014278 0.8612334802 0.0309339679 0.0484581498
19.0 0.11362284360000001 0.84030837 0.0345032719 0.1960352423
9.0 0.1460440214 0.6982378854 0.0303390839 0.1189427313
0.0 0.6041046996 0.5814977974000001 0.7882212968000001 0.0484581497
0.0 0.6151100536 0.2852422907 0.0380725759 0.015418502300000001
20.0 0.6100535396 0.15859030840000002 0.0327186199 0.2863436123
32.0 0.6094586556 0.4273127754 0.048185603800000004 0.2290748899
10.0 0.25074360500000004 0.7610132158 0.0529446758 0.0286343613
14.0 0.3114217728 0.7334801762000001 0.0565139797 0.31718061680000004
44.0 0.47769185010000004 0.7753303964 0.2093991672 0.29074889870000004
32.0 0.6728138013 0.800660793 0.0678167758 0.32378854630000004
48.0 0.8129089828 0.7533039647 0.1433670435 0.3524229075
32.0 0.9634146342000001 0.821585903 0.0648423557 0.3524229075
