42.0 0.1345 0.5014367817000001 0.261 0.5775862069000001
36.0 0.3185 0.6695402299000001 0.057 0.16091954020000002
45.0 0.3755 0.6767241379000001 0.053 0.025862069
1.0 0.4555 0.6192528736 0.075 0.0833333333
0.0 0.8180000000000001 0.4770114942 0.33 0.022988505700000002
43.0 0.7185 0.22270114940000002 0.171 0.4051724138
14.0 0.851 0.28879310340000003 0.048 0.1695402299
13.0 0.9470000000000001 0.18965517240000002 0.034 0.28735632180000004
43.0 0.6765 0.7284482758 0.165 0.45689655170000004
16.0 0.8170000000000001 0.7758620690000001 0.058 0.2126436781
17.0 0.8775000000000001 0.8017241380000001 0.045 0.23563218390000001
12.0 0.9765 0.625 0.047 0.2442528736
