42.0 0.0951245363 0.35754189940000003 0.1287758346 0.49162011170000003
8.0 0.0182829889 0.7332402234000001 0.0280869104 0.22625698330000002
45.0 0.0707472178 0.7486033519 0.027027027000000002 0.1005586593
0.0 0.1306306306 0.7583798883 0.0482246953 0.019553072600000002
4.0 0.13460519340000002 0.6494413408 0.044515103300000004 0.17039106140000002
15.0 0.13354531 0.8826815642 0.0222575517 0.2122905028
48.0 0.2681505034 0.3910614525 0.1261261261 0.5139664804
17.0 0.3455219926 0.15083798880000002 0.0328563858 0.2402234637
8.0 0.4226285108 0.34497206700000005 0.0482246953 0.3715083799
9.0 0.483836778 0.3212290503 0.037095919500000005 0.3072625698
42.0 0.6036036036 0.30027932960000003 0.0996290408 0.41620111740000004
8.0 0.5461049285 0.6997206704000001 0.025967143600000003 0.2039106146
45.0 0.6014838368000001 0.7234636872 0.0286168522 0.0893854749
0.0 0.6565977742 0.7569832402000001 0.0286168521 0.039106145200000005
4.0 0.6592474828 0.6494413408 0.0381558029 0.1759776536
14.0 0.6658717541 0.8840782123 0.0312665606 0.22067039100000002
44.0 0.7980922099000001 0.4203910615 0.13566507690000001 0.3938547486
20.0 0.906200318 0.11871508380000001 0.0264970853 0.2094972068
8.0 0.9745627981 0.3673184358 0.046634870200000005 0.39944134070000004
