27.0 0.038243626 0.9143968872 0.06515580730000001 0.12451361870000001
42.0 0.2209631728 0.403696498 0.283286119 0.18871595330000002
28.0 0.1402266289 0.7140077821 0.0566572238 0.13229571980000002
45.0 0.17847025500000002 0.6653696498 0.0339943343 0.0389105058
15.0 0.24716713880000002 0.6653696498 0.052407932000000004 0.10116731520000001
9.0 0.2995750708 0.5340466926 0.0495750708 0.048638132300000005
0.0 0.7216713881 0.43968871600000003 0.44050991500000003 0.0389105059
0.0 0.678470255 0.1682879378 0.1841359773 0.0175097277
14.0 0.728753541 0.0758754863 0.0779036827 0.12451361870000001
28.0 0.6558073655000001 0.296692607 0.06515580730000001 0.15758754860000002
9.0 0.7245042493 0.2247081712 0.066572238 0.052529182800000004
20.0 0.8016997167000001 0.23735408560000001 0.0509915014 0.1245136186
48.0 0.6267705382000001 0.4844357976 0.2393767705 0.12062256810000001
28.0 0.9001416430000001 0.5583657587 0.0892351275 0.22957198450000002
