42.0 0.0890269151 0.3458498024 0.1338854382 0.2648221344
41.0 0.2022084196 0.5207509881 0.051069703200000004 0.1324110672
45.0 0.2729468599 0.5256916996000001 0.0724637682 0.055335968400000005
1.0 0.3450655624 0.5079051383000001 0.053830227700000004 0.0830039525
0.0 0.5389924086 0.4387351779 0.2042788129 0.023715415
20.0 0.4906832298 0.2865612648 0.0234644582 0.1699604743
17.0 0.5248447205 0.2924901186 0.0282953762 0.12648221340000002
0.0 0.5935127674 0.3092885376 0.0648723257 0.0177865613
21.0 0.5910973085 0.24308300400000002 0.0213940648 0.1106719367
41.0 0.5910973084000001 0.3626482213 0.0393374741 0.0928853755
0.0 0.5679779158 0.6837944664000001 0.2015182884 0.0355731226
20.0 0.5545203589000001 0.5849802371 0.018633540400000002 0.1185770751
14.0 0.4761904762 0.8636363636000001 0.027605245 0.0750988143
7.0 0.5776397516 0.8369565217 0.1504485853 0.290513834
39.0 0.6228433402 0.8438735178000001 0.0489993099 0.12648221340000002
0.0 0.8374741201 0.4456521739 0.2960662526 0.033596838000000004
14.0 0.7367149758 0.23023715420000002 0.0420979987 0.0928853755
7.0 0.845410628 0.2173913044 0.1725327812 0.4110671937
39.0 0.9168391994 0.22529644270000002 0.0683229813 0.18972332020000002
14.0 0.7391304348000001 0.6837944664000001 0.045548654200000004 0.1027667984
7.0 0.8492063492 0.7005928854 0.1773636991 0.4604743083
39.0 0.917184265 0.6551383399 0.0690131125 0.1679841897
