42.0 0.1427135678 0.49119373780000003 0.24924623110000002 0.2387475538
30.0 0.3361809046 0.5861056752 0.0693467337 0.1272015655
45.0 0.4155778894 0.5665362035 0.055276381900000005 0.052837573400000004
1.0 0.48040201 0.5391389432 0.0462311557 0.0880626223
0.0 0.7246231156 0.4872798434 0.3256281407 0.0234833659
0.0 0.7763819096 0.2387475538 0.26231155770000003 0.023483366000000002
43.0 0.6788944724 0.1320939334 0.10552763820000001 0.20547945210000002
19.0 0.7653266331 0.1526418786 0.0492462311 0.10176125250000001
21.0 0.7989949749 0.1418786693 0.032160804 0.1232876712
30.0 0.8819095478000001 0.0665362035 0.0532663317 0.0821917808
43.0 0.7140703518 0.3698630137 0.1015075377 0.18003913900000001
17.0 0.7969849246 0.4031311154 0.0381909548 0.10176125250000001
21.0 0.8668341708 0.3043052838 0.0311557789 0.1232876713
0.0 0.8035175880000001 0.7299412916 0.36683417090000003 0.0469667319
43.0 0.6894472361 0.6135029354 0.0984924623 0.1859099804
19.0 0.7829145729 0.6418786693 0.0462311558 0.1017612524
17.0 0.8231155779 0.6438356164 0.040201005000000005 0.1095890411
30.0 0.9025125628 0.5518590998 0.048241206 0.0939334638
43.0 0.7140703518 0.8894324853000001 0.11155778890000001 0.22113502940000002
17.0 0.7934673367 0.8894324854000001 0.0412060302 0.11154598830000001
16.0 0.8402010050000001 0.8962818004 0.0422110553 0.0782778865
20.0 0.9140703518000001 0.7837573386000001 0.0351758794 0.11154598830000001
