42.0 0.08876961180000001 0.47524752480000004 0.15441783650000002 0.4224422443
29.0 0.1936416185 0.7145214522000001 0.0371593724 0.25412541250000004
45.0 0.2365813378 0.7326732674 0.0536746491 0.1056105611
10.0 0.2886044591 0.7145214522000001 0.0322047894 0.029702970300000003
1.0 0.3596201486 0.7227722772 0.052023121400000004 0.11881188120000001
0.0 0.7679603634000001 0.5660066006000001 0.4376548307 0.0627062707
18.0 0.5842279108 0.3366336634 0.0338563171 0.3036303631
27.0 0.6308835673000001 0.402640264 0.042939719200000004 0.1848184819
29.0 0.6750619323 0.17986798680000002 0.0355078448 0.2541254126
9.0 0.7283236994000001 0.3399339934 0.0545004129 0.2178217822
18.0 0.7828241123 0.3382838284 0.034682081000000003 0.3069306931
27.0 0.8274153592 0.4108910891 0.0412881916 0.194719472
29.0 0.8732452518 0.1650165016 0.0355078447 0.2376237623
21.0 0.4966969446 0.7970297030000001 0.040462427700000005 0.2937293729
27.0 0.5388109001 0.8679867987000001 0.038810900100000004 0.1782178218
14.0 0.587943848 0.6881188119 0.0445912469 0.2343234324
29.0 0.6420313790000001 0.7260726072 0.0322047894 0.2772277227
9.0 0.6965317919 0.808580858 0.053674649000000005 0.21122112210000002
10.0 0.7592898431 0.8366336634 0.0470685384 0.0495049505
19.0 0.8113129645 0.8283828382 0.052023121400000004 0.3300330033
27.0 0.8654004954000001 0.8646864686 0.0445912469 0.1716171617
14.0 0.9170107350000001 0.6666666667000001 0.0553261767 0.2046204621
29.0 0.9710982659 0.6831683168 0.042939719200000004 0.23762376240000002
