42.0 0.08623188400000001 0.4410994764 0.1405797101 0.4895287958
34.0 0.190942029 0.6282722513 0.0268115942 0.17801047120000002
45.0 0.2413043478 0.6623036649 0.0695652174 0.08900523560000001
1.0 0.30326086960000004 0.6034031414000001 0.0514492753 0.1073298429
0.0 0.6721014492 0.5314136126 0.5673913043000001 0.1047120419
34.0 0.4655797102 0.1767015707 0.044202898500000004 0.2329842932
9.0 0.5003623188 0.1596858639 0.0471014493 0.14659685860000002
12.0 0.5572463768 0.1740837696 0.0449275362 0.2748691099
9.0 0.6072463768 0.1596858639 0.0550724638 0.14659685860000002
10.0 0.6543478261 0.19895287960000002 0.0405797102 0.0418848168
15.0 0.7036231884 0.13350785340000001 0.0434782608 0.2303664922
2.0 0.7474637682 0.2002617801 0.0311594203 0.3691099476
34.0 0.7913043478 0.1806282722 0.0434782609 0.24083769630000001
10.0 0.822826087 0.19502617800000002 0.0384057971 0.039267015700000005
15.0 0.8739130434 0.15837696340000001 0.0434782609 0.2643979057
5.0 0.9242753623000001 0.2185863874 0.0413043478 0.4214659686
7.0 0.5586956522000001 0.7238219896 0.29565217390000004 0.5052356021000001
34.0 0.5474637681 0.7696335079000001 0.035507246400000005 0.2460732985
10.0 0.584057971 0.77486911 0.0391304348 0.0314136125
13.0 0.6376811594 0.7643979058 0.0492753623 0.3089005235
9.0 0.6927536232 0.7342931937 0.047826087 0.13350785340000001
7.0 0.8550724638 0.7369109948 0.25072463770000003 0.5209424084000001
34.0 0.877173913 0.747382199 0.0413043479 0.2172774869
10.0 0.9094202898 0.7696335078000001 0.0391304347 0.0261780105
17.0 0.9692028986000001 0.75 0.052898550700000005 0.2539267016
