42.0 0.0658271322 0.21590909090000002 0.1202060675 0.3806818182
39.0 0.015741270800000002 0.5255681818 0.023468803700000002 0.13636363640000002
45.0 0.0386376646 0.5681818182 0.0246136233 0.0625
0.0 0.096451059 0.5795454546000001 0.06926159130000001 0.022727272700000002
4.0 0.09444762450000001 0.4886363636 0.0286204922 0.1420454545
15.0 0.0918717802 0.6946022727000001 0.0234688036 0.2130681818
48.0 0.2255294791 0.2684659091 0.1133371494 0.3323863636
16.0 0.32198053800000004 0.1264204546 0.0383514597 0.21306818190000001
39.0 0.39381797360000004 0.3778409091 0.0435031483 0.2897727272
9.0 0.45077275320000004 0.3267045454 0.0440755581 0.2102272727
42.0 0.5738408700000001 0.3451704545 0.1413852319 0.41761363630000004
39.0 0.5057240984 0.7173295454 0.0246136233 0.1676136363
45.0 0.5349170005 0.7514204546000001 0.0269032627 0.0710227273
0.0 0.5978820836000001 0.7542613636000001 0.0452203778 0.025568181800000003
4.0 0.6016027476 0.6377840909 0.034344590700000004 0.1448863636
20.0 0.5981682885 0.8877840909 0.0274756726 0.20170454540000002
47.0 0.7710360618000001 0.4829545454 0.17057813400000002 0.3181818181
19.0 0.8918145392 0.2542613636 0.0274756726 0.22443181820000002
39.0 0.9716657126 0.49431818180000003 0.0509444763 0.2727272727
