42.0 0.0727848101 0.2826086956 0.1202531646 0.3438735177
36.0 0.0149186257 0.6403162055 0.02079566 0.07905138340000001
45.0 0.0393309222 0.6007905138 0.0244122965 0.07905138340000001
0.0 0.10352622060000001 0.5988142293000001 0.0334538879 0.0276679841
4.0 0.10352622060000001 0.49407114620000003 0.0189873418 0.09486166010000001
17.0 0.1103074141 0.6877470356000001 0.0180831826 0.11067193680000001
0.0 0.6238698011 0.290513834 0.7341772152 0.027667984200000002
17.0 0.2450271248 0.14426877470000002 0.032549728800000004 0.2173913044
46.0 0.3792947558 0.2075098814 0.1419529837 0.22529644270000002
36.0 0.5334538879 0.1877470356 0.032549728800000004 0.1383399209
9.0 0.5777576853 0.1027667984 0.0289330923 0.1185770751
10.0 0.6179927668 0.0968379447 0.0280289331 0.027667984200000002
19.0 0.6559674502 0.128458498 0.0280289331 0.2173913044
44.0 0.7943037974 0.1778656126 0.14014466550000002 0.1897233201
36.0 0.9602169982000001 0.19762845850000002 0.034358047 0.1501976284
15.0 0.4692585896 0.7905138340000001 0.0253164557 0.2055335968
36.0 0.513562387 0.8596837945 0.032549728800000004 0.1304347826
9.0 0.5574141049 0.7707509882 0.0280289331 0.1106719367
10.0 0.5981012658 0.7727272727000001 0.0280289331 0.027667984200000002
17.0 0.6378842677000001 0.8162055336 0.0280289331 0.209486166
0.0 0.72920434 0.7924901186000001 0.029837251300000003 0.027667984200000002
4.0 0.69801085 0.675889328 0.0253164557 0.1264822135
19.0 0.7038878842 0.8932806324 0.020795660100000002 0.15810276680000002
