42.0 0.0705705705 0.5221606648 0.1171171171 0.26869806100000004
25.0 0.16486486490000002 0.8074792244000001 0.0402402403 0.1412742382
45.0 0.20720720720000002 0.8434903047000001 0.0396396396 0.1191135734
15.0 0.2570570571 0.7783933518 0.0336336337 0.2382271468
9.0 0.29369369370000004 0.5872576178000001 0.033633633600000004 0.1662049861
0.0 0.687987988 0.5318559556 0.48948948950000004 0.0720221607
14.0 0.4594594594 0.3753462604 0.043243243300000005 0.20775623270000002
9.0 0.5093093093000001 0.3822714682 0.038438438400000004 0.1606648199
10.0 0.5447447448 0.4182825485 0.0240240241 0.016620498600000002
18.0 0.5813813814000001 0.3684210526 0.036036036 0.2271468144
47.0 0.6996996997 0.4099722992 0.14174174180000002 0.2880886427
19.0 0.7963963964 0.1301939058 0.049249249200000005 0.2271468144
25.0 0.884984985 0.3462603878 0.0474474474 0.1440443214
46.0 0.4381381382 0.8490304710000001 0.1255255255 0.21883656510000002
25.0 0.5591591592 0.8988919668 0.0456456457 0.1745152355
9.0 0.6033033033 0.8462603878 0.0378378378 0.1689750692
25.0 0.6522522523000001 0.8808864266 0.0444444445 0.16066482
46.0 0.7828828829000001 0.8421052631 0.1543543544 0.2659279779
17.0 0.8759759760000001 0.6357340720000001 0.0426426426 0.2299168975
25.0 0.9675675676000001 0.8601108034 0.0516516517 0.1745152355
