42.0 0.0747834018 0.47079646020000004 0.0775193799 0.1734513274
39.0 0.0107159143 0.6159292035 0.018695850400000002 0.0849557522
45.0 0.0364797082 0.5991150442000001 0.0273597811 0.0584070797
10.0 0.0775193798 0.6061946902 0.0227998176 0.0194690265
1.0 0.1238030096 0.5672566372 0.032375741 0.0513274336
2.0 0.1766985864 0.4601769912 0.008663930700000001 0.1592920353
39.0 0.2042863657 0.48318584070000004 0.025535795700000002 0.1061946902
9.0 0.2336981304 0.4699115044 0.0205198358 0.1044247788
7.0 0.38782489740000003 0.424778761 0.2749658002 0.49203539830000004
39.0 0.36730506160000004 0.4876106195 0.0259917921 0.1115044248
15.0 0.3958048336 0.3566371681 0.0237118103 0.1150442478
9.0 0.4284085728 0.4734513274 0.020519835900000002 0.1079646018
10.0 0.46124031 0.4699115044 0.031463748300000004 0.023008849600000002
14.0 0.49635202920000004 0.4637168142 0.0305517556 0.1380530973
39.0 0.5300957592000001 0.4840707964 0.023255813900000002 0.10796460170000001
5.0 0.5554035568 0.4548672566 0.009119927 0.1522123894
0.0 0.7742818057 0.4840707964 0.42772457820000004 0.0159292035
39.0 0.5911992704 0.33185840710000003 0.025991792000000003 0.12212389380000001
9.0 0.619243046 0.30707964600000004 0.0200638395 0.1044247788
10.0 0.6504787962 0.3061946902 0.028727770200000002 0.0212389381
19.0 0.6846785226000001 0.2991150442 0.0223438213 0.1451327433
7.0 0.8467852257 0.24867256640000002 0.2845417237 0.4265486726
39.0 0.8150934792000001 0.3274336284 0.023255813900000002 0.1168141593
12.0 0.8410852713 0.2008849557 0.015047879600000001 0.1044247787
9.0 0.8727770178 0.30707964600000004 0.021887824900000002 0.1044247788
10.0 0.9035567716 0.3053097345 0.0305517555 0.0194690266
21.0 0.9395804834 0.3132743363 0.0296397629 0.1592920354
39.0 0.9733242134000001 0.32477876110000004 0.0241678066 0.1115044248
39.0 0.5939352485 0.8017699115 0.0269037848 0.1274336284
9.0 0.6224350205 0.7761061947 0.020975832200000002 0.1079646018
10.0 0.6538987688 0.7752212389 0.030095759200000002 0.0247787611
20.0 0.6876424989000001 0.7637168141 0.0264477884 0.13982300890000002
7.0 0.8358413132 0.7159292035 0.2535339717 0.4371681416
39.0 0.825125399 0.7920353982 0.0241678066 0.1150442478
13.0 0.8447332422 0.6646017699 0.0050159599 0.0973451328
9.0 0.8689010488000001 0.7761061947 0.0205198358 0.1079646018
10.0 0.902872777 0.7752212389 0.0328317374 0.0247787611
15.0 0.9370725034 0.7513274336 0.0310077519 0.14336283190000002
39.0 0.9705882353 0.7920353982 0.0241678066 0.1150442478
