22.0 0.035317018900000004 0.4600840336 0.0672969966 0.2478991596
10.0 0.1112347052 0.44747899160000004 0.0656284761 0.09663865540000001
18.0 0.1827030034 0.3634453782 0.0539488321 0.5168067227
42.0 0.3147942158 0.3844537816 0.1301446052 0.5420168067
34.0 0.4032258064 0.8361344538000001 0.0278086763 0.23529411760000002
45.0 0.43409343720000004 0.8886554622 0.032814238100000004 0.1050420168
10.0 0.4771968854 0.8277310924 0.036707452700000004 0.0672268907
1.0 0.5355951057 0.7962184874 0.0344827586 0.1302521008
49.0 0.6451612903 0.4201680672 0.0901001112 0.5966386555000001
3.0 0.7271968854 0.5336134454 0.0072302558 0.8907563025
34.0 0.7647385984 0.512605042 0.0522803115 0.4789915966
14.0 0.8103448276 0.1827731092 0.043381535000000006 0.2899159663
9.0 0.8865406006000001 0.39495798320000003 0.0756395995 0.3109243698
16.0 0.9560622915 0.455882353 0.0489432703 0.5420168067
6.0 0.9924916574 0.5336134454 0.0072302558 0.8907563025
