21.0 0.0230560579 0.2208333334 0.0379746835 0.3694444445
11.0 0.0542495479 0.3416666667 0.0452079566 0.42777777780000004
15.0 0.0867992767 0.4222222222 0.0424954792 0.3722222222
42.0 0.1858047016 0.3847222222 0.1121157324 0.4083333333
8.0 0.2606238698 0.8708333333 0.029385171800000002 0.225
45.0 0.3037974684 0.9 0.0216998191 0.08888888880000001
4.0 0.3578209765 0.5541666666 0.0637432188 0.28611111110000004
11.0 0.4134267632 0.7111111112 0.0465641953 0.4388888889
19.0 0.4294755877 0.8652777778 0.0216998192 0.21388888890000002
10.0 0.454113924 0.6958333333000001 0.0203435805 0.025
0.0 0.7592676311000001 0.5388888889 0.4805605786 0.0888888889
14.0 0.7466094032 0.33194444440000004 0.0339059675 0.23611111110000002
48.0 0.546790235 0.7208333334 0.0727848101 0.28611111110000004
20.0 0.6089511754 0.5916666667 0.0235081374 0.2
8.0 0.6625226040000001 0.7555555556 0.0339059674 0.2611111111
9.0 0.7029837252000001 0.7305555556000001 0.0271247739 0.1555555555
19.0 0.7366636528 0.7375 0.029385171800000002 0.2694444444
47.0 0.8236889692 0.7791666666 0.1057866185 0.2638888889
15.0 0.9030289331 0.6222222222 0.0221518988 0.2
8.0 0.9543399638000001 0.7902777778000001 0.034358047 0.3083333333
