42.0 0.1135646688 0.5219435736 0.19558359620000001 0.4796238245
41.0 0.24171924290000002 0.7931034483 0.037066246000000004 0.144200627
45.0 0.2815457413 0.868338558 0.047318612 0.11912225700000001
21.0 0.3320189274 0.8166144200000001 0.0362776025 0.2601880877
9.0 0.3718454258 0.5705329154000001 0.0370662461 0.1191222571
27.0 0.4929022082 0.5736677116000001 0.0646687698 0.3322884012
49.0 0.5694006309 0.34169279 0.0741324921 0.2570532915
2.0 0.6360410094 0.3965517241 0.0181388013 0.3103448276
17.0 0.6667981072 0.3134796238 0.0339116719 0.20689655170000001
9.0 0.7082018928 0.32288401250000004 0.0394321767 0.13166144200000002
41.0 0.7468454259 0.3385579938 0.0283911672 0.14420062690000002
50.0 0.8332018928 0.12382445140000001 0.1301261829 0.2225705329
41.0 0.9507097792 0.1504702194 0.0291798107 0.1567398119
5.0 0.9885646688 0.3542319749 0.0149842271 0.2821316614
