42.0 0.1067362429 0.6072916666 0.1982922201 0.3729166667
29.0 0.2585388994 0.7614583333 0.0445920303 0.19375
45.0 0.3121442125 0.8156249999999999 0.0607210626 0.0520833334
18.0 0.379032258 0.7864583333 0.0445920303 0.1770833333
0.0 0.7722960152 0.7000000000000001 0.43833017080000003 0.0458333334
0.0 0.7087286528000001 0.3677083333 0.4800759013 0.0354166667
50.0 0.5906072106 0.159375 0.1546489564 0.18125000000000002
2.0 0.7552182164 0.16041666670000002 0.0341555977 0.2
18.0 0.7988614801 0.1489583334 0.0474383302 0.1770833333
29.0 0.8538899431 0.12916666670000002 0.053130929800000004 0.2
5.0 0.8889943074000001 0.19375 0.0303605314 0.25833333340000003
47.0 0.5844402278 0.5031249999999999 0.1385199241 0.15625
2.0 0.7490512334 0.4989583333 0.0332068312 0.20625000000000002
15.0 0.7974383302 0.49166666670000003 0.050284630000000004 0.15
29.0 0.8439278938 0.4625 0.046489563500000004 0.2
5.0 0.8833017078000001 0.5458333334000001 0.0284629981 0.2833333333
29.0 0.7087286528000001 0.8270833333000001 0.0588235295 0.25
