42.0 0.0943531093 0.2542955326 0.1715511079 0.3780068729
34.0 0.1840600429 0.7835051546 0.013581129400000001 0.1374570447
45.0 0.2097927091 0.7886597938000001 0.0307362402 0.0996563574
4.0 0.2816297356 0.45189003440000003 0.0786275911 0.1890034364
11.0 0.3266619014 0.5601374570000001 0.0114367405 0.6048109965
16.0 0.3752680486 0.7766323024 0.0314510364 0.15807560140000002
0.0 0.70192995 0.3659793814 0.5561115082 0.0515463917
50.0 0.5157255182 0.17697594500000002 0.12223016440000001 0.2302405498
34.0 0.6368834882000001 0.21821305840000002 0.022873481 0.2027491409
9.0 0.6633309506 0.1838487972 0.0300214439 0.1408934707
10.0 0.6987133667000001 0.1975945017 0.0307362402 0.030927835
21.0 0.7365975697 0.2010309278 0.0307362402 0.2714776633
47.0 0.858827734 0.21134020620000002 0.14367405290000002 0.1958762886
34.0 0.9821300930000001 0.1975945017 0.0214438885 0.175257732
34.0 0.5743388134 0.8453608248000001 0.0221586847 0.1924398625
9.0 0.6007862759 0.8367697594 0.027877055 0.16151202750000002
10.0 0.6390278770000001 0.8281786942 0.0328806291 0.0274914089
16.0 0.6815582559000001 0.79209622 0.0393137956 0.1958762887
4.0 0.7537526805 0.6013745704 0.0879199428 0.24742268050000002
11.0 0.8116511794 0.6391752577 0.029306647600000003 0.5360824742
14.0 0.8556111508 0.8264604811 0.042887777 0.2439862542
