42.0 0.0689655173 0.5331905782 0.1248513675 0.278372591
36.0 0.028834720600000002 0.920770878 0.0422116528 0.1327623127
45.0 0.07253269920000001 0.9250535332 0.036860879900000004 0.0428265524
13.0 0.10374554100000001 0.8897216274 0.013674197400000001 0.1520342612
9.0 0.12277051130000001 0.7633832976 0.0231866826 0.1177730193
0.0 0.5514268728 0.5256959315 0.7829964328 0.130620985
0.0 0.5734244946 0.2483940043 0.0445897741 0.0214132762
20.0 0.5677764566 0.1124197002 0.0404280618 0.1905781584
36.0 0.5695600476 0.3597430407 0.058263971500000004 0.1713062098
10.0 0.2175980975 0.8094218416000001 0.046373365 0.0299785867
17.0 0.2696195006 0.7580299786 0.048156956 0.3597430407
47.0 0.4322235434 0.7398286938 0.192627824 0.21627409
36.0 0.6108799048 0.7419700214 0.0897740785 0.2847965739
44.0 0.7844827586 0.6755888651 0.190844233 0.2633832976
36.0 0.9518430440000001 0.6916488222 0.0903686088 0.3211991435
