42.0 0.0895300416 0.3529411764 0.0957763237 0.2560553633
35.0 0.011005354 0.7733564014000001 0.0136823319 0.12110726640000001
45.0 0.0279595479 0.8027681661 0.01784652 0.07612456740000001
4.0 0.07465794170000001 0.5415224914 0.037477691800000004 0.1833910035
11.0 0.1195716835 0.73183391 0.0523497918 0.3979238755
14.0 0.1591314694 0.8702422146000001 0.0232004759 0.1418685121
0.0 0.5761451517 0.615916955 0.7204045212 0.1730103806
15.0 0.24538964900000002 0.20588235300000002 0.0398572278 0.2664359861
48.0 0.3584176086 0.2560553633 0.1314693635 0.2629757786
18.0 0.45062462820000004 0.1124567474 0.0267697798 0.1764705882
35.0 0.520226056 0.32871972320000004 0.0327186199 0.2698961938
9.0 0.5666270077000001 0.32871972320000004 0.0434265318 0.2837370242
20.0 0.6228435455 0.3287197231 0.0416418798 0.31141868510000004
47.0 0.764128495 0.4152249135 0.1707317073 0.2698961938
14.0 0.9021415824000001 0.2162629758 0.0350981558 0.1557093426
35.0 0.9800713860000001 0.4446366782 0.0339083879 0.259515571
15.0 0.5734681737 0.7093425606 0.0487804878 0.29757785470000003
