42.0 0.0847953216 0.7346278317 0.1578947369 0.20064724920000002
31.0 0.0576441103 0.9174757282 0.030075188000000003 0.0614886731
45.0 0.089390142 0.8802588996 0.0284043442 0.0388349515
12.0 0.12531328320000001 0.8802588997 0.0233918128 0.09708737860000001
0.0 0.5292397661 0.6957928802000001 0.7510442774 0.1488673139
49.0 0.3191311612 0.44498381880000004 0.0985797828 0.1909385113
2.0 0.4732664996 0.4077669902 0.0676691729 0.5631067961
15.0 0.5321637426 0.3851132686 0.0618212197 0.19417475720000002
9.0 0.5977443609 0.3737864078 0.059314954 0.1715210356
31.0 0.6842105264 0.40453074440000003 0.0785296575 0.1229773463
18.0 0.7314118629 0.1294498382 0.0275689223 0.142394822
5.0 0.8433583959000001 0.3203883495 0.11278195490000001 0.6148867314
27.0 0.26524644940000003 0.9126213592 0.0442773601 0.1488673139
31.0 0.3091060986 0.7847896440000001 0.0367585631 0.067961165
9.0 0.3746867168 0.8511326861 0.0559732665 0.142394822
10.0 0.4423558898 0.857605178 0.059314954100000004 0.032362459600000004
14.0 0.5100250626 0.8608414240000001 0.054302422700000005 0.2200647249
46.0 0.7197159566 0.8754045307 0.2564745197 0.2427184466
31.0 0.9532163742 0.852750809 0.0902255639 0.1197411003
