42.0 0.0740987984 0.34516129030000003 0.1441922564 0.33548387100000004
34.0 0.1859145528 0.7032258064 0.0273698265 0.22580645170000002
45.0 0.22596795730000002 0.8193548387 0.0514018692 0.1483870968
17.0 0.2827102804 0.6983870968 0.0433911883 0.2806451613
9.0 0.3277703605 0.5064516129000001 0.038718291 0.2129032258
0.0 0.7132843792 0.4951612904 0.5507343124 0.0290322581
0.0 0.6999332443 0.2709677419 0.024699599500000002 0.025806451600000002
17.0 0.6882510014000001 0.13387096780000002 0.0333778371 0.2032258065
34.0 0.6882510013 0.3725806452 0.018691588800000002 0.1709677419
10.0 0.43758344460000004 0.7274193548 0.027369826400000002 0.0290322581
14.0 0.48598130840000003 0.6709677420000001 0.0574098798 0.2903225807
50.0 0.6034712951 0.6967741936 0.13084112150000002 0.3741935483
34.0 0.7102803738 0.6709677420000001 0.024032042700000002 0.25806451610000003
44.0 0.8207610147000001 0.6870967742 0.1435246996 0.2903225806
34.0 0.9392523364 0.6661290322 0.0213618157 0.2483870967
