42.0 0.14188422250000002 0.4659863946 0.247446084 0.4693877551
39.0 0.2871736662 0.75 0.061293984100000004 0.2959183674
45.0 0.3734392736 0.7125850340000001 0.07945516450000001 0.1530612245
20.0 0.4608399546 0.6513605442 0.0499432464 0.20748299320000002
0.0 0.73723042 0.4506802721 0.3847900114 0.1326530612
39.0 0.6486946652000001 0.2602040816 0.11237230420000001 0.3775510204
10.0 0.7565266743 0.23639455780000002 0.0828603859 0.11904761900000001
14.0 0.8688989784000001 0.1513605442 0.0964812713 0.268707483
3.0 0.6464245176 0.6377551020000001 0.08740068100000001 0.37074829930000003
39.0 0.716231555 0.7431972789 0.1135073779 0.39115646260000003
10.0 0.8308740068 0.7431972789 0.0998864926 0.1326530612
13.0 0.8944381384000001 0.6292517007 0.029511918300000002 0.306122449
6.0 0.9466515324 0.6190476191000001 0.0703745743 0.4217687075
