42.0 0.068989547 0.507936508 0.1365853659 0.8412698413
8.0 0.2017421603 0.7936507936 0.043902439 0.3412698413
45.0 0.2759581882 0.7698412698 0.0473867595 0.0952380953
1.0 0.3585365854 0.742063492 0.0536585366 0.1587301587
3.0 0.4522648084 0.3988095238 0.0236933798 0.6706349206000001
8.0 0.5351916376 0.4206349206 0.0766550523 0.5158730159
10.0 0.650522648 0.44047619050000003 0.0620209059 0.0555555556
15.0 0.7268292683 0.43650793660000003 0.0738675958 0.5873015873
6.0 0.7919860627 0.46230158730000004 0.0369337979 0.757936508
9.0 0.8407665505 0.3472222222 0.0731707317 0.31349206350000003
8.0 0.9578397212 0.4126984127 0.0731707317 0.507936508
