42.0 0.1331719129 0.6253561254000001 0.2033898305 0.2649572649
28.0 0.030871670700000003 0.9059829060000001 0.0399515738 0.1652421652
45.0 0.1010895884 0.9031339032000001 0.08353510900000001 0.0854700855
1.0 0.20096852310000002 0.8333333333 0.0799031477 0.09401709400000001
28.0 0.3601694916 0.7150997151 0.0738498789 0.3133903134
2.0 0.4443099274 0.6082621083 0.0556900727 0.3846153846
27.0 0.5217917676 0.6267806268 0.0847457627 0.1652421652
21.0 0.5871670702 0.3091168092 0.0387409201 0.1339031339
11.0 0.6470944310000001 0.2692307692 0.0956416465 0.4985754986
28.0 0.72094431 0.4658119658 0.0399515739 0.1566951567
10.0 0.8002421308000001 0.6068376068 0.058111380100000005 0.0284900285
18.0 0.8934624698 0.5612535612 0.09443099270000001 0.25071225070000003
5.0 0.975181598 0.6153846154 0.0423728813 0.36467236470000003
