42.0 0.14676966290000001 0.443989071 0.268258427 0.40710382510000004
34.0 0.0547752809 0.5464480874000001 0.0252808988 0.0710382514
45.0 0.1025280898 0.5519125683 0.0533707865 0.032786885200000004
1.0 0.176264045 0.5259562842000001 0.0435393259 0.0573770491
0.0 0.7443820224000001 0.5587431694 0.4606741573 0.1612021858
43.0 0.5337078652 0.2636612022 0.2303370787 0.46174863390000004
20.0 0.7127808989000001 0.3715846994 0.0463483146 0.1584699453
20.0 0.7738764045000001 0.3961748633 0.044943820200000005 0.1693989071
20.0 0.9487359550000001 0.2773224044 0.08005617970000001 0.2431693989
43.0 0.5161516854 0.7131147541 0.2289325842 0.4644808744
20.0 0.7099719101 0.8579234973000001 0.060393258400000004 0.174863388
15.0 0.7724719101 0.8907103825 0.0533707865 0.1803278688
13.0 0.9375 0.7486338798000001 0.040730337000000005 0.2349726776
