42.0 0.0920502092 0.4336633664 0.1566049014 0.30891089110000003
39.0 0.034070532 0.6683168316 0.0537955768 0.2079207921
45.0 0.08995815900000001 0.7009900990000001 0.047220561800000005 0.059405940600000005
1.0 0.1518230723 0.6465346535000001 0.050209205 0.0851485149
0.0 0.4234907352 0.5029702970000001 0.3723849372 0.043564356400000004
43.0 0.3054393306 0.2722772277 0.1410639569 0.500990099
14.0 0.42797369999999996 0.32376237620000003 0.044231918700000004 0.1841584159
39.0 0.534070532 0.15445544560000002 0.0783024507 0.24950495050000002
43.0 0.3084279737 0.7000000000000001 0.1542139868 0.4217821782
21.0 0.4184100418 0.8445544554000001 0.0370591751 0.25148514850000003
14.0 0.4590555888 0.799009901 0.045427375900000004 0.17227722780000002
17.0 0.5481171548 0.6306930693 0.0490137478 0.2198019802
0.0 0.7857142858 0.4891089109 0.3580394501 0.0237623762
43.0 0.7053197848 0.2267326732 0.1470412433 0.4455445545
15.0 0.8281530186 0.33267326740000003 0.0484160191 0.1900990099
12.0 0.8679019725 0.3316831684 0.031081888800000002 0.18811881190000002
16.0 0.9506873879000001 0.20396039600000002 0.0496114764 0.3128712871
43.0 0.6966527196 0.7227722772 0.1548117155 0.4435643564
21.0 0.8051404662 0.8544554456000001 0.0346682606 0.25148514850000003
14.0 0.8454871488 0.8158415842000001 0.042438732800000004 0.1821782179
39.0 0.9566646742 0.6475247524000001 0.0830842797 0.24950495050000002
