0.0 0.51592719 0.6215469613 0.9647326508 0.546961326
42.0 0.074516496 0.5635359116 0.1217292378 0.276243094
35.0 0.1740614334 0.614640884 0.039817974900000004 0.1464088398
45.0 0.21416382250000002 0.6243093922 0.034698521 0.0883977901
13.0 0.24573378840000001 0.567679558 0.0045506258 0.1298342542
0.0 0.3600682593 0.4696132597 0.1035267349 0.0552486188
26.0 0.337599545 0.3812154696 0.0392491467 0.182320442
26.0 0.3213879408 0.5856353591 0.0386803185 0.1712707182
35.0 0.3603526735 0.5801104972000001 0.034698521 0.1381215469
21.0 0.4098407281 0.35359116020000003 0.0255972696 0.1988950276
47.0 0.5190557452 0.4143646409 0.1348122867 0.25414364640000003
2.0 0.6242889648000001 0.30524861880000004 0.021046643900000002 0.2624309392
14.0 0.6496018202 0.2624309392 0.0318543799 0.16022099450000002
35.0 0.68629124 0.252762431 0.035836177500000004 0.1574585635
5.0 0.7192832764 0.24723756900000002 0.0221843003 0.2348066299
46.0 0.8097269624000001 0.1933701658 0.1075085325 0.2154696133
2.0 0.8910693970000001 0.1505524862 0.0142207053 0.2071823204
20.0 0.9104095564 0.12707182320000002 0.021046643900000002 0.1712707182
35.0 0.9428327645000001 0.1464088398 0.033560864600000004 0.1712707182
5.0 0.9692832764 0.1367403315 0.0227531285 0.22928176800000002
42.0 0.4337315131 0.8328729282 0.0995449374 0.2569060774
35.0 0.5142207054 0.8577348066 0.0307167235 0.12983425410000002
45.0 0.550625711 0.8632596685 0.029579067100000002 0.0801104972
15.0 0.5847554039 0.8232044199 0.0250284414 0.138121547
0.0 0.6845847554000001 0.6988950276 0.07565415240000001 0.0552486188
26.0 0.6672354949 0.611878453 0.03185438 0.1408839779
26.0 0.6581342434 0.8149171270000001 0.0352673493 0.16022099450000002
35.0 0.6865756542 0.817679558 0.0273037543 0.14364640880000001
35.0 0.7346416382000001 0.638121547 0.035836177500000004 0.182320442
