42.0 0.13716814160000002 0.40755208340000004 0.25270403140000003 0.3932291667
34.0 0.0265486726 0.8815104166000001 0.033431661700000004 0.1536458333
45.0 0.08800393320000001 0.921875 0.0717797443 0.078125
17.0 0.1617502458 0.8763020834 0.0501474926 0.1848958333
9.0 0.20108161260000001 0.69921875 0.0422812193 0.1223958334
27.0 0.3436578172 0.4791666666 0.0737463127 0.3229166667
49.0 0.43559488700000004 0.25390625 0.0865290069 0.2369791666
2.0 0.5491642084 0.2317708333 0.0737463127 0.21875000000000003
17.0 0.6022615536 0.2447916666 0.044247787600000005 0.1666666667
9.0 0.6470009833 0.2486979166 0.0432645034 0.1276041667
34.0 0.6937069813000001 0.2669270834 0.0363815142 0.1588541667
44.0 0.785152409 0.140625 0.1425762045 0.20833333340000001
34.0 0.9336283186000001 0.1002604166 0.0344149459 0.1536458333
5.0 0.9852507374 0.24088541670000002 0.029498525100000002 0.1796875
