42.0 0.1949152542 0.4189189189 0.2754237288 0.7621621622
41.0 0.0556144068 0.8054054054 0.09851694920000001 0.3351351352
45.0 0.18538135600000002 0.8351351352 0.1165254237 0.16756756750000001
1.0 0.28972457630000004 0.8027027027 0.0667372881 0.2
3.0 0.4269067796 0.4594594595 0.0402542373 0.7891891892
41.0 0.5068855932 0.45405405400000004 0.12394067800000001 0.4108108109
10.0 0.627648305 0.5027027027000001 0.0963983051 0.054054054000000004
17.0 0.7155720339 0.4216216216 0.064618644 0.6054054054
6.0 0.7886652542 0.5486486486000001 0.030720339000000003 0.7729729729
9.0 0.8437500000000001 0.5405405406 0.0688559322 0.44324324330000003
41.0 0.9449152542 0.5594594595 0.0974576271 0.40540540540000003
