42.0 0.1033637001 0.36842105270000003 0.1226348984 0.2514619883
38.0 0.0367904696 0.8625730994 0.053959355300000005 0.1695906433
45.0 0.0998598458 0.8976608187 0.0651716889 0.12865497080000002
13.0 0.1562718991 0.7880116959 0.008409250200000001 0.18421052640000002
9.0 0.17729502460000002 0.6067251462000001 0.0280308339 0.14327485380000002
0.0 0.6394533988000001 0.5365497076 0.7154870357 0.0321637426
0.0 0.324807288 0.23538011700000003 0.087596356 0.026315789500000002
26.0 0.324807288 0.1184210526 0.0329362298 0.149122807
26.0 0.299229152 0.31725146200000004 0.0336370007 0.149122807
38.0 0.34933426770000003 0.3728070175 0.0525578136 0.14327485380000002
2.0 0.4096005606 0.2119883041 0.0273300631 0.41228070180000004
38.0 0.4632095305 0.2324561404 0.0616678346 0.2017543859
9.0 0.52067274 0.1769005848 0.0336370007 0.1900584796
10.0 0.5662228451 0.1915204678 0.0294323756 0.0204678363
18.0 0.6128241066 0.134502924 0.048353188500000005 0.2105263158
47.0 0.7501751927 0.2602339181 0.1422564822 0.22807017540000002
38.0 0.9124036440000001 0.2821637427 0.0672740014 0.1959064328
5.0 0.9540995094 0.22076023390000002 0.0287316047 0.2953216374
0.0 0.45129642610000004 0.6812865497 0.0939032936 0.0175438596
26.0 0.4435879468 0.5833333334 0.0336370007 0.1842105263
26.0 0.4176594254 0.7821637427 0.0336370007 0.1666666666
38.0 0.46110721800000004 0.8377192982 0.0448493343 0.1666666667
38.0 0.5455501051 0.6608187134 0.0637701472 0.1988304093
50.0 0.6892081289 0.6359649122000001 0.1492641906 0.2485380117
38.0 0.8405746321 0.6725146199 0.055360897000000006 0.1871345029
