42.0 0.1608910891 0.2900355872 0.2846534654 0.5231316726
36.0 0.3824257426 0.6512455516 0.0569306931 0.177935943
45.0 0.452970297 0.7046263346 0.0643564357 0.0996441281
1.0 0.5352722772 0.6138790036 0.0631188119 0.0889679715
0.0 0.8712871288 0.47330960850000003 0.2524752475 0.0355871886
13.0 0.7209158416 0.268683274 0.0358910891 0.3096085409
15.0 0.7858910891 0.2793594306 0.0643564356 0.3167259786
36.0 0.8632425742000001 0.3202846975 0.0730198019 0.206405694
21.0 0.9251237624 0.11032028470000001 0.0457920792 0.1992882562
15.0 0.7246287128000001 0.7508896798 0.07054455450000001 0.3202846975
3.0 0.771039604 0.7758007118 0.0148514851 0.4199288257
36.0 0.832920792 0.793594306 0.0816831683 0.2135231317
16.0 0.9096534654 0.6352313168 0.0767326733 0.2526690391
6.0 0.9727722772 0.7846975089 0.0148514851 0.409252669
