42.0 0.086281277 0.4192982456 0.16048317510000001 0.5228070176
37.0 0.047023296000000006 0.8035087719 0.0371009491 0.1614035088
45.0 0.09232096640000001 0.8070175438 0.0569456427 0.07719298250000001
12.0 0.1544434858 0.7824561404 0.0293356341 0.2105263157
0.0 0.6276962899 0.5807017544 0.7083692838 0.0877192982
27.0 0.39689387400000004 0.403508772 0.0569456428 0.2526315789
37.0 0.4426229508 0.1403508772 0.032786885200000004 0.1614035088
9.0 0.511216566 0.31929824560000003 0.06298533220000001 0.3438596491
44.0 0.6997411562 0.3596491228 0.1932700604 0.34736842100000004
37.0 0.874460742 0.38070175440000004 0.05608283 0.31929824560000003
19.0 0.29594478 0.7614035088000001 0.053494391700000005 0.24561403510000002
16.0 0.35202761 0.8140350878 0.0345125108 0.3157894737
37.0 0.4184641933 0.7877192982 0.0569456428 0.2982456141
13.0 0.46937014660000004 0.6368421052000001 0.0258843831 0.1649122807
9.0 0.5422778257 0.7649122807000001 0.0681622088 0.3719298246
14.0 0.6207937878 0.8070175438 0.0629853321 0.2035087719
18.0 0.6949956859 0.7859649123 0.0543572045 0.2385964912
37.0 0.7558239862 0.7771929824 0.0534943918 0.2842105263
9.0 0.8343399482 0.747368421 0.0638481449 0.3508771929
19.0 0.9081104400000001 0.7771929825 0.0491803279 0.2701754386
13.0 0.9728213978 0.8 0.045729076800000004 0.31578947360000004
