42.0 0.2848739496 0.5 0.32100840340000003 0.3913043478
29.0 0.049579832000000004 0.8545150502000001 0.07226890750000001 0.25083612040000003
45.0 0.16386554620000002 0.8779264214 0.1260504202 0.09030100340000001
10.0 0.3193277311 0.8996655518000001 0.0605042016 0.033444816100000004
1.0 0.48739495800000004 0.8545150502000001 0.1210084034 0.11036789300000001
0.0 0.7983193277 0.5484949833 0.4 0.020066889600000002
3.0 0.731092437 0.2892976588 0.0201680672 0.4314381271
29.0 0.8100840336 0.3461538462 0.09411764700000001 0.3846153847
6.0 0.9016806722 0.2892976588 0.021848739500000002 0.4314381271
21.0 0.7579831933000001 0.7892976588 0.10420168070000001 0.2943143813
29.0 0.8840336134000001 0.7525083612 0.1109243697 0.3411371238
