49.0 0.0457317074 0.3965217392 0.0670731707 0.21565217390000002
35.0 0.1387195122 0.36956521740000003 0.0457317074 0.2
22.0 0.1990853658 0.3921739131 0.0457317073 0.0817391305
0.0 0.5844512196 0.4582608696 0.7030487805 0.0504347826
42.0 0.3429878048 0.0730434782 0.08963414630000001 0.1426086957
32.0 0.4118902439 0.3608695652 0.0237804878 0.1269565218
45.0 0.44115853660000004 0.35565217400000004 0.032317073200000004 0.0852173913
4.0 0.5091463414 0.1704347826 0.0792682927 0.1739130434
11.0 0.5792682927 0.2330434783 0.056097561000000004 0.30956521740000004
14.0 0.6176829268 0.3408695652 0.0353658537 0.1286956522
10.0 0.6454268293000001 0.2826086956 0.0213414634 0.012173913100000001
44.0 0.7743902439 0.0860869566 0.1597560976 0.11652173910000001
32.0 0.8932926830000001 0.1417391304 0.0341463415 0.1895652174
42.0 0.2856707317 0.5982608696 0.0920731708 0.1739130435
32.0 0.3533536585 0.8860869565 0.0237804878 0.14086956520000002
45.0 0.3823170731 0.8782608696 0.0317073171 0.0904347826
4.0 0.4512195122 0.7026086956 0.0792682926 0.2052173913
11.0 0.5143292683 0.7365217392000001 0.0457317074 0.2834782609
20.0 0.5548780488 0.8443478261 0.0292682927 0.1095652174
10.0 0.5783536586 0.8043478261 0.0176829269 0.012173913000000001
10.0 0.6420731708 0.6739130434 0.0268292683 0.0156521739
20.0 0.6740853658 0.5765217391 0.0347560975 0.15130434780000002
47.0 0.8073170732 0.632173913 0.1634146341 0.14782608690000001
17.0 0.900304878 0.5373913044 0.0359756097 0.1113043479
32.0 0.9731707317 0.667826087 0.0365853658 0.1808695653
