42.0 0.0737018425 0.3909313726 0.1362367393 0.3651960785
25.0 0.15466219990000002 0.6727941177 0.020100502500000002 0.1397058823
45.0 0.1920714684 0.6875 0.0379676159 0.056372549
19.0 0.2353433836 0.6580882353 0.022892239 0.1740196078
9.0 0.2668900055 0.5 0.0335008375 0.11764705880000001
0.0 0.670295924 0.5159313726 0.6482412061 0.0367647059
0.0 0.4631490788 0.2659313726 0.08766052490000001 0.0171568627
26.0 0.46845337800000003 0.1789215686 0.026800670000000002 0.1911764706
26.0 0.45337800110000004 0.36274509800000004 0.0245672808 0.1568627451
25.0 0.47822445560000004 0.40073529410000003 0.0251256282 0.1397058824
2.0 0.518146287 0.23774509800000002 0.0145170296 0.2794117647
21.0 0.5516471246 0.1887254902 0.0346175321 0.20588235300000002
9.0 0.5951982133 0.20343137260000002 0.0413176996 0.1568627451
10.0 0.6348408710000001 0.2414215686 0.020100502500000002 0.0171568627
21.0 0.666387493 0.2022058824 0.0351758794 0.22303921570000002
48.0 0.7682858738 0.2218137254 0.1116694584 0.2867647059
14.0 0.8260748186 0.0710784314 0.016192071500000002 0.1274509804
25.0 0.8816303741 0.2254901961 0.0312674484 0.1764705882
5.0 0.9115019542 0.2169117647 0.0139586823 0.262254902
0.0 0.35482970410000003 0.7549019608 0.0865438303 0.0147058824
26.0 0.3844221105 0.6544117647000001 0.0240089335 0.1764705882
26.0 0.37018425460000004 0.8615196078 0.0234505862 0.1789215687
25.0 0.3944723618 0.8823529412000001 0.0217755444 0.137254902
2.0 0.43634840880000003 0.7169117647000001 0.0139586823 0.262254902
50.0 0.5318257956 0.7181372549 0.11892797320000001 0.2450980392
25.0 0.6415410385 0.7254901961 0.0312674484 0.1911764706
9.0 0.685371301 0.6960784314 0.0429927415 0.1617647059
25.0 0.7305974316 0.7254901961 0.0340591848 0.1911764706
47.0 0.8302624232 0.7132352941 0.11836962590000001 0.1911764706
14.0 0.9061976549 0.5992647059 0.0145170296 0.1299019608
25.0 0.9628699051 0.7107843138000001 0.030709101000000003 0.17156862750000001
5.0 0.991345617 0.699754902 0.0117252931 0.2524509804
