0.0 0.49457308240000003 0.6511299435 0.9413892909 0.081920904
42.0 0.1128798842 0.19703389840000002 0.21707670040000002 0.2302259887
37.0 0.020984081 0.39830508480000004 0.040520984100000004 0.0593220339
45.0 0.0654848046 0.4117231638 0.052821997100000004 0.052259887000000005
21.0 0.1324167872 0.4025423729 0.040520984100000004 0.1355932204
9.0 0.1711287988 0.324858757 0.0426917511 0.08192090390000001
0.0 0.3328509407 0.2358757062 0.0926193922 0.011299435
26.0 0.3480463097 0.1497175142 0.0709117222 0.18079096050000001
26.0 0.3118668596 0.3312146892 0.0738060782 0.1624293785
37.0 0.3874819102 0.3375706214 0.06729377710000001 0.1214689265
17.0 0.482633864 0.1963276836 0.0593342981 0.21186440680000002
12.0 0.5596960926 0.1701977401 0.0730824892 0.168079096
17.0 0.6454413893000001 0.19774011300000002 0.0665701882 0.2146892656
49.0 0.770260492 0.1970338983 0.1092619392 0.22740113
37.0 0.9008683068000001 0.2097457628 0.0593342982 0.1257062147
16.0 0.9706946454000001 0.0762711864 0.0455861071 0.1271186441
42.0 0.26085383500000003 0.7528248587 0.2134587554 0.2259887005
37.0 0.1617221418 0.959039548 0.0397973951 0.0649717514
45.0 0.2149059334 0.9717514124000001 0.0636758321 0.056497175100000005
19.0 0.27858176560000003 0.9449152542 0.0549927641 0.10169491530000001
9.0 0.3361070912 0.8792372881 0.0499276411 0.0805084746
0.0 0.5075976845 0.7937853107 0.1324167872 0.011299435
26.0 0.49963820550000004 0.6814971752 0.06584659920000001 0.1539548023
26.0 0.46671490600000004 0.8954802260000001 0.0738060781 0.175141243
37.0 0.5419681621 0.8940677966 0.0665701882 0.1242937853
7.0 0.7463820550000001 0.7740112994 0.2568740955 0.3502824859
40.0 0.8176555716 0.8396892656 0.0839363241 0.2387005649
