42.0 0.1393762183 0.45754716980000004 0.22807017540000002 0.3537735849
32.0 0.037037037 0.7712264151 0.06432748540000001 0.26886792460000003
45.0 0.1193957115 0.7441037736 0.0808966862 0.0683962264
1.0 0.2202729045 0.7004716981 0.0799220273 0.1226415094
0.0 0.6905458090000001 0.5259433962 0.6091617934 0.0330188679
43.0 0.5092592592 0.24410377360000002 0.2816764133 0.42216981130000003
16.0 0.6613060429000001 0.3372641509 0.0614035088 0.25
18.0 0.7329434698 0.35259433970000004 0.06432748540000001 0.2995283019
14.0 0.8884015594 0.1898584906 0.1042884991 0.31839622640000004
43.0 0.518031189 0.7063679245000001 0.2602339181 0.375
13.0 0.6695906433000001 0.8537735849 0.027290448300000002 0.24056603780000002
12.0 0.7202729044 0.8195754717 0.0545808967 0.2240566038
14.0 0.865497076 0.6686320755 0.10721247560000001 0.2759433962
