42.0 0.1612426036 0.5755813954 0.2357001973 0.4023255813
31.0 0.040433925 0.7918604651000001 0.045364891500000004 0.123255814
45.0 0.1030571992 0.8279069767 0.0581854044 0.1023255814
10.0 0.1656804734 0.8058139535000001 0.0315581854 0.0162790698
1.0 0.2421104536 0.7790697674 0.0562130177 0.0790697675
0.0 0.6725838264 0.6639534884 0.6291913215 0.0534883721
7.0 0.6686390532 0.3174418605 0.5936883629 0.6023255814
31.0 0.6439842209000001 0.3581395349 0.1045364892 0.2139534884
15.0 0.7184418146 0.25 0.044378698200000004 0.1558139534
9.0 0.8269230769 0.32093023260000003 0.117357002 0.19534883720000001
15.0 0.9349112426 0.3325581396 0.0828402366 0.2790697675
31.0 0.5547337278 0.8395348837000001 0.0996055227 0.2093023256
9.0 0.6775147929 0.7988372093 0.1163708086 0.19302325580000002
14.0 0.7810650888 0.8325581395 0.0769230769 0.3069767442
