42.0 0.1326219512 0.5018050542 0.2530487805 0.44765342960000004
24.0 0.3102134146 0.7671480144 0.0381097561 0.1913357401
45.0 0.3574695122 0.7942238267 0.056402439000000006 0.1227436823
1.0 0.44512195120000003 0.7436823104 0.0731707317 0.1083032491
0.0 0.8216463415 0.5541516246 0.3475609756 0.0469314079
19.0 0.6737804878 0.37364620940000004 0.0701219512 0.2563176896
27.0 0.7698170732 0.4115523466 0.08231707320000001 0.1516245487
18.0 0.8513719512 0.1606498194 0.047256097600000005 0.2202166065
24.0 0.9001524390000001 0.16967509020000002 0.0350609756 0.2021660649
10.0 0.6714939024000001 0.8519855596 0.06859756090000001 0.036101083
18.0 0.7477134146000001 0.7996389892 0.0716463415 0.2563176895
27.0 0.8285060976 0.8844765343000001 0.08079268290000001 0.1588447654
24.0 0.9077743902000001 0.6660649820000001 0.0411585365 0.1768953069
