42.0 0.0839511557 0.4427860696 0.09986916700000001 0.43781094530000003
39.0 0.0324901876 0.7151741294 0.0405582207 0.19154228850000002
45.0 0.0715220235 0.7425373134000001 0.031399912700000004 0.0771144279
0.0 0.1203663323 0.7487562189 0.039249891 0.014925373200000001
4.0 0.1236371566 0.657960199 0.0300915831 0.1517412936
19.0 0.12625381600000002 0.8594527364000001 0.024858264300000002 0.2064676617
47.0 0.2459659834 0.4465174129 0.14042738770000002 0.3208955224
16.0 0.36218927170000004 0.1915422886 0.0248582642 0.3134328359
39.0 0.4337112952 0.5 0.0545137375 0.3383084578
9.0 0.49018752720000003 0.4154228856 0.0444832097 0.23383084580000002
42.0 0.604448321 0.43905472640000004 0.0959441779 0.4353233831
39.0 0.5516790231 0.7388059702 0.0357610118 0.2039800995
45.0 0.595944178 0.7524875622 0.0327082425 0.0721393035
0.0 0.6513301352 0.7661691542 0.0658525948 0.0199004975
4.0 0.6508940253000001 0.657960199 0.0353249018 0.1517412936
14.0 0.6480593109 0.8756218906000001 0.0226777147 0.17910447770000001
50.0 0.8068033144000001 0.4850746268 0.1962494549 0.43781094530000003
14.0 0.9086349760000001 0.18532338310000002 0.035324901900000004 0.2462686567
39.0 0.9749236808 0.4751243781 0.0492804187 0.303482587
