42.0 0.123081464 0.3836104513 0.098583235 0.27790973880000003
38.0 0.0333530106 0.9014251782 0.0454545455 0.18289786230000002
45.0 0.0864817001 0.8859857482 0.046635183000000004 0.0997624703
4.0 0.1632231405 0.7185273159000001 0.0548996458 0.2019002376
11.0 0.1959858324 0.7541567696 0.016528925700000002 0.3824228028
18.0 0.23524203070000002 0.8788598575000001 0.031286895 0.2375296912
0.0 0.610094451 0.5855106888 0.7774498229 0.1686460807
47.0 0.39403778040000004 0.3562945368 0.17768595040000001 0.32304038
19.0 0.49911452180000004 0.11163895480000001 0.0442739079 0.2042755345
38.0 0.5953364817 0.3337292162 0.061983471000000005 0.2256532067
9.0 0.6623376624 0.3527315914 0.0472255017 0.2351543943
48.0 0.7815820543 0.3194774346 0.12160566700000001 0.2779097387
18.0 0.8745572610000001 0.1163895487 0.0312868949 0.2232779098
38.0 0.9601534828 0.3610451306 0.0619834711 0.2612826603
19.0 0.6475796930000001 0.6140142518 0.060212514700000004 0.2731591449
