42.0 0.0455635491 0.5626349892 0.0851318945 0.2656587473
39.0 0.1384892086 0.73650108 0.0311750599 0.11231101510000001
45.0 0.18435251800000002 0.6987041036 0.0533573142 0.0799136069
14.0 0.2449040768 0.6727861771 0.038968824900000004 0.192224622
9.0 0.2856714628 0.5345572354 0.0341726619 0.1187904968
0.0 0.6513788969000001 0.4578833694 0.5713429256 0.1166306695
10.0 0.4070743405 0.3758099352 0.029976019200000002 0.025917926600000002
15.0 0.4472422062 0.3336933045 0.0335731415 0.18358531320000002
50.0 0.5488609112 0.33585313180000004 0.11450839330000001 0.2440604751
39.0 0.6501798561000001 0.338012959 0.0377697842 0.10151187910000001
47.0 0.7497002398 0.31857451400000003 0.1193045564 0.1447084233
14.0 0.8402278178 0.1004319655 0.042565947300000004 0.1835853131
39.0 0.9193645084000001 0.29481641470000003 0.0317745804 0.1231101512
2.0 0.3770983214 0.8045356372 0.0227817745 0.3477321815
19.0 0.40437649880000004 0.758099352 0.0293764988 0.15550755930000001
9.0 0.4427458034 0.7624190064 0.0329736211 0.1036717063
21.0 0.4730215828 0.7386609071 0.0191846523 0.151187905
39.0 0.5101918465 0.8034557235 0.029976019200000002 0.1252699784
48.0 0.5974220623000001 0.7473002160000001 0.0833333333 0.1727861771
39.0 0.6846522782000001 0.7742980561 0.029976019200000002 0.1274298057
5.0 0.7236211031 0.7375809935000001 0.0335731415 0.343412527
50.0 0.8201438848 0.6771058316 0.1067146283 0.2311015119
13.0 0.8971822542000001 0.5086393088 0.017386091200000002 0.1749460043
39.0 0.9691247002000001 0.7203023758 0.0353717027 0.1274298056
