42.0 0.1344993968 0.4131205674 0.17249698430000002 0.3723404255
35.0 0.0693606755 0.895390071 0.025331725000000003 0.1595744681
45.0 0.1085645356 0.9273049645 0.0386007238 0.10992907800000001
13.0 0.1507840772 0.890070922 0.0144752714 0.1843971631
9.0 0.1893848009 0.7109929078 0.0337756333 0.2021276596
27.0 0.3667068758 0.5372340426000001 0.0989143547 0.1808510639
49.0 0.44993968640000004 0.2322695036 0.0554885404 0.1595744681
2.0 0.5603136309 0.2907801418 0.0422195416 0.3829787234
15.0 0.5989143546 0.2872340426 0.0301568155 0.1843971631
9.0 0.64053076 0.2712765957 0.041013269000000005 0.19503546100000002
35.0 0.6755126659 0.29255319150000003 0.026537997600000002 0.1666666666
50.0 0.771411339 0.12234042560000001 0.1387213511 0.22340425530000002
35.0 0.9034981906 0.11879432620000001 0.0289505428 0.15248226950000002
5.0 0.9650180941000001 0.34929078020000004 0.0458383594 0.36524822690000003
