42.0 0.0913601868 0.4466437178 0.1535318156 0.2805507745
34.0 0.023642732000000003 0.7366609294 0.0321074139 0.1204819277
45.0 0.0656742557 0.7452667814 0.0437828372 0.099827883
21.0 0.1141272621 0.6858864028 0.030939871600000002 0.1566265061
14.0 0.151780502 0.69535284 0.0291885581 0.1996557659
0.0 0.595446585 0.52151463 0.6596614127 0.048192771100000004
7.0 0.548744892 0.24870912220000002 0.1774664332 0.438898451
16.0 0.5178050204 0.1247848537 0.028021015700000002 0.1015490534
39.0 0.6085814361 0.2461273666 0.0402802102 0.1686746988
10.0 0.6564506714 0.24526678140000002 0.0449503795 0.0189328744
20.0 0.7133683596 0.22203098100000002 0.050204320000000004 0.1996557659
2.0 0.24576765900000003 0.7358003442000001 0.0478692353 0.2598967298
7.0 0.3721541156 0.730636833 0.17688266200000002 0.4320137693
39.0 0.43023934620000004 0.7228915663000001 0.036193812 0.16523235800000002
10.0 0.4862813777 0.7220309811000001 0.0513718622 0.0154905335
20.0 0.5359019264 0.7082616180000001 0.0467016929 0.2082616179
5.0 0.5875656742 0.7289156626000001 0.0251021599 0.2771084337
2.0 0.6366024518 0.7444061962 0.0542907181 0.2702237522
7.0 0.7495621717000001 0.7547332186 0.1634559253 0.4767641996
39.0 0.8193228254 0.7185886403 0.0402802101 0.1600688468
9.0 0.8669001752000001 0.7297762479000001 0.0443666083 0.1893287435
14.0 0.9293636894 0.7048192771 0.045534150600000003 0.2874354561
5.0 0.9728546410000001 0.7504302926 0.0262697023 0.3063683304
