42.0 0.1610032362 0.37365010800000004 0.31553398050000003 0.28077753780000003
40.0 0.0995145632 0.7267818574 0.050161812300000004 0.1619870411
45.0 0.182038835 0.6587473002 0.0825242719 0.0863930886
13.0 0.25404530740000003 0.626349892 0.019417475700000002 0.1339092872
0.0 0.7127831715 0.48380129590000004 0.5582524272 0.030237581000000003
40.0 0.6343042072 0.3228941685 0.09061488670000001 0.282937365
10.0 0.748381877 0.2192224622 0.0792880259 0.045356371400000005
13.0 0.8284789644 0.1663066954 0.0194174758 0.2678185745
3.0 0.5097087378 0.6490280778 0.048543689300000005 0.33909287250000003
40.0 0.5841423948000001 0.8228941684000001 0.09708737860000001 0.3239740821
10.0 0.6982200647 0.6889848812 0.0857605178 0.047516198700000005
14.0 0.8381877022 0.6587473002 0.13592233010000002 0.2850971922
6.0 0.9546925566000001 0.7138228942 0.0647249191 0.42548596110000003
