42.0 0.0817452357 0.46774193540000003 0.1414242728 0.2995391705
29.0 0.1880641926 0.7488479263000001 0.0290872618 0.1428571429
45.0 0.2171514544 0.7419354839000001 0.0310932799 0.1382488479
1.0 0.2758274824 0.6751152074 0.0461384153 0.1152073733
0.0 0.7111334002 0.4262672811 0.4914744232 0.032258064600000004
43.0 0.4984954864 0.18894009220000002 0.1063189569 0.331797235
21.0 0.5767301906 0.2718894009 0.018054162500000002 0.1658986175
13.0 0.5937813441 0.2880184331 0.0040120361000000005 0.15207373270000002
29.0 0.6690070210000001 0.12211981570000001 0.034102306900000004 0.198156682
43.0 0.7833500502 0.2258064516 0.1063189569 0.37788018440000004
13.0 0.8545636911000001 0.2764976958 0.0060180542 0.1382488479
12.0 0.870110331 0.2857142857 0.019057171600000002 0.14746543780000002
12.0 0.9478435306 0.1267281106 0.0240722166 0.2165898618
43.0 0.46439317960000004 0.7142857143 0.10832497490000001 0.4055299539
21.0 0.5406218656 0.7511520737 0.0180541624 0.1751152074
14.0 0.574222668 0.7649769585 0.0330992979 0.1658986175
19.0 0.6579739218 0.6105990784 0.0280842527 0.2442396313
43.0 0.7622868606000001 0.6866359447 0.0942828486 0.3686635944
14.0 0.8570712137000001 0.7511520737 0.0310932799 0.14746543780000002
16.0 0.8911735206 0.7603686636 0.0270812437 0.1751152074
29.0 0.9794383150000001 0.6105990783 0.0351053159 0.2258064516
