42.0 0.0719079578 0.49 0.1188878236 0.164
32.0 0.0263662512 0.625 0.0201342282 0.058
45.0 0.0517737296 0.603 0.024928092000000002 0.03
1.0 0.1001917546 0.579 0.0354745925 0.038
0.0 0.3413231064 0.47900000000000004 0.31064237780000004 0.026000000000000002
17.0 0.2593480345 0.328 0.0527325024 0.148
19.0 0.3302972196 0.326 0.062320230100000006 0.14
15.0 0.3854266539 0.249 0.0479386386 0.166
11.0 0.4232981783 0.291 0.0604026846 0.13
32.0 0.46356663480000004 0.393 0.0431447747 0.122
0.0 0.35474592520000003 0.717 0.22627037390000002 0.014
17.0 0.3504314478 0.638 0.0412272291 0.10400000000000001
19.0 0.2516778524 0.862 0.0431447747 0.1
7.0 0.38686481300000003 0.856 0.2023010547 0.272
39.0 0.45397890700000004 0.905 0.0316395014 0.074
0.0 0.7459252158 0.465 0.3317353787 0.018000000000000002
14.0 0.6284755513 0.294 0.1102588686 0.148
7.0 0.8485139022 0.224 0.2953020134 0.4
39.0 0.9606903164 0.29 0.0479386386 0.10400000000000001
17.0 0.6241610739 0.686 0.0690316395 0.168
7.0 0.8192713327000001 0.628 0.2866730584 0.356
39.0 0.9410354746 0.724 0.0469798658 0.10400000000000001
