42.0 0.08830694280000001 0.3534031413 0.1668696711 0.3612565445
24.0 0.1939707674 0.6544502618 0.044457978100000003 0.2303664922
45.0 0.23386114500000002 0.6884816754 0.040194884300000004 0.08900523560000001
1.0 0.2926309378 0.6361256544 0.044457978100000003 0.08376963350000001
0.0 0.5350182704 0.49476439790000004 0.3063337394 0.0157068062
43.0 0.4400121802 0.2159685864 0.1138855055 0.4214659686
13.0 0.5173568818000001 0.33507853400000004 0.0152253349 0.1832460733
19.0 0.541412911 0.3403141361 0.0304506699 0.15706806280000002
24.0 0.6181485992 0.1937172775 0.0548112059 0.2984293194
43.0 0.4354445797 0.7264397906000001 0.11693057250000001 0.4319371728
15.0 0.5158343484 0.8612565446 0.0292326431 0.1832460733
15.0 0.5551157126 0.8795811518000001 0.0322777101 0.2094240838
15.0 0.6251522534 0.6963350785 0.0383678441 0.2565445026
0.0 0.8559683313 0.5039267016 0.284409257 0.0287958115
43.0 0.7603532278 0.2277486911 0.1260657735 0.43979057600000004
15.0 0.837088916 0.37041884820000004 0.0334957369 0.2015706806
14.0 0.877588307 0.3534031414 0.040194884300000004 0.19895287960000002
15.0 0.9540194884000001 0.1937172774 0.0432399513 0.2617801047
43.0 0.7627892814 0.6727748691000001 0.1236297199 0.3664921466
18.0 0.8401339830000001 0.8468586388 0.0298416565 0.1753926701
16.0 0.8711936662 0.8494764398 0.0286236297 0.19633507860000002
24.0 0.9543239951 0.7054973821 0.065773447 0.3167539267
