42.0 0.14403859400000002 0.3097345133 0.1915920055 0.3150442478
39.0 0.022742936000000002 0.5973451328 0.0427291523 0.1292035399
45.0 0.0727084769 0.6123893806 0.050310131 0.0566371681
0.0 0.1581667815 0.6088495575 0.0764989662 0.010619469000000001
4.0 0.1567884218 0.5353982301 0.0627153687 0.13274336280000001
21.0 0.1616126809 0.6823008850000001 0.0268780152 0.1292035399
10.0 0.2419021364 0.4584070796 0.0385940731 0.035398230100000004
0.0 0.6564438318 0.36283185840000004 0.6719503791 0.031858407000000005
47.0 0.5430737422 0.2017699115 0.20399724330000002 0.2477876106
14.0 0.6864231565000001 0.0637168142 0.0303239145 0.12035398230000001
39.0 0.7849758787000001 0.18230088500000002 0.0730530668 0.23008849550000002
0.0 0.6085458304 0.6477876106 0.5237767057 0.010619469000000001
10.0 0.6044107512 0.5575221238 0.0454858718 0.0389380531
17.0 0.6629910406 0.5415929203000001 0.041350792500000004 0.18761061950000002
15.0 0.3752584424 0.7991150442 0.0503101309 0.1646017699
39.0 0.4341833218 0.8495575222 0.0592694693 0.19115044250000002
9.0 0.49448656100000005 0.8194690266 0.05582357 0.1415929203
2.0 0.5499655410000001 0.8380530974 0.0413507926 0.24247787610000002
10.0 0.5985527222 0.831858407 0.044796691900000005 0.046017699100000004
21.0 0.6540317022000001 0.8044247788000001 0.0358373535 0.1610619469
4.0 0.7425913163000001 0.8407079646000001 0.07787732600000001 0.18053097340000002
5.0 0.8470020676000001 0.8486725664 0.0330806341 0.27433628320000003
18.0 0.8917987594000001 0.7300884956 0.0372157133 0.1256637168
