42.0 0.1755162241 0.3758241758 0.3156342183 0.3956043956
35.0 0.059734513200000006 0.6241758242000001 0.0575221239 0.1714285714
45.0 0.1474926254 0.6747252748 0.1002949853 0.0571428571
1.0 0.2662241888 0.6428571429000001 0.0899705014 0.0857142857
0.0 0.7057522124000001 0.432967033 0.529498525 0.021978022
18.0 0.5501474926000001 0.2208791209 0.15634218290000002 0.345054945
14.0 0.7131268436 0.2527472528 0.1106194691 0.3384615385
35.0 0.8348082596 0.2 0.0973451328 0.3252747252
15.0 0.9351032448000001 0.0978021978 0.0619469027 0.1516483516
18.0 0.5774336283 0.6274725274 0.1637168142 0.3186813187
3.0 0.680678466 0.7131868132 0.0132743363 0.534065934
35.0 0.7573746313 0.6252747252 0.104719764 0.3230769231
16.0 0.8679941003 0.5648351649000001 0.0958702064 0.1362637363
6.0 0.9535398230000001 0.7131868132 0.010324483800000001 0.534065934
