42.0 0.2176258993 0.2401960784 0.309352518 0.4117647059
35.0 0.044064748200000003 0.5416666667 0.0665467626 0.18137254900000002
45.0 0.1133093525 0.5857843137000001 0.0575539568 0.1225490196
10.0 0.1924460432 0.6176470588 0.0539568345 0.0196078431
1.0 0.3183453238 0.6225490196 0.0719424461 0.1274509804
0.0 0.7410071943000001 0.4950980392 0.46762589930000004 0.14705882350000002
20.0 0.7221223022000001 0.23529411760000002 0.1744604317 0.3823529411
27.0 0.5899280576 0.8774509804 0.1007194245 0.23529411760000002
15.0 0.6834532374000001 0.6299019608 0.0647482014 0.2401960784
35.0 0.7742805756000001 0.681372549 0.0845323741 0.2450980392
