49.0 0.042 0.40204429300000005 0.055 0.2521294719
32.0 0.12325000000000001 0.4412265758 0.035500000000000004 0.2316865418
22.0 0.169 0.38245315160000004 0.036000000000000004 0.0868824532
0.0 0.5567500000000001 0.4531516184 0.7155 0.0238500852
42.0 0.34525 0.10477001700000001 0.08650000000000001 0.199318569
39.0 0.41825 0.32964224870000003 0.022500000000000003 0.12095400340000001
45.0 0.45525000000000004 0.36797274280000003 0.0425 0.0613287905
4.0 0.51375 0.17546848380000002 0.053500000000000006 0.14650766610000002
11.0 0.5797500000000001 0.265758092 0.0505 0.3304940374
19.0 0.6132500000000001 0.3517887564 0.026500000000000003 0.192504259
10.0 0.64875 0.2163543441 0.025500000000000002 0.0068143100000000005
0.0 0.70425 0.1311754684 0.0405 0.0102214651
26.0 0.7325 0.0613287905 0.023 0.1090289608
26.0 0.722 0.2044293016 0.022 0.0988074957
39.0 0.7435 0.2010221465 0.018000000000000002 0.0988074958
48.0 0.8247500000000001 0.10732538330000001 0.0745 0.1942078364
39.0 0.9022500000000001 0.0902896081 0.022500000000000003 0.1158432709
42.0 0.2715 0.66439523 0.101 0.1908006814
39.0 0.33325000000000005 0.9156729131 0.021500000000000002 0.1277683134
45.0 0.37025 0.9548551959 0.0415 0.06984667800000001
4.0 0.4345 0.7649063032000001 0.06 0.1601362862
11.0 0.4975 0.8279386712 0.053 0.3339011925
17.0 0.5345 0.9097103918 0.029 0.15332197620000002
10.0 0.5700000000000001 0.7998296422000001 0.026000000000000002 0.0119250425
0.0 0.6335000000000001 0.6976149915000001 0.031 0.008517887600000001
26.0 0.65275 0.6277683135000001 0.022500000000000003 0.10732538330000001
26.0 0.64075 0.7717206133000001 0.0195 0.11584327080000001
39.0 0.6647500000000001 0.7504258944000001 0.018500000000000003 0.0936967632
10.0 0.7047500000000001 0.6703577513 0.0275 0.0119250426
14.0 0.7395 0.667802385 0.038 0.17035775120000002
47.0 0.8487500000000001 0.6822827939 0.12050000000000001 0.1448040886
20.0 0.93325 0.538330494 0.025500000000000002 0.1635434413
39.0 0.9857500000000001 0.6695059625 0.021500000000000002 0.132879046
