42.0 0.18 0.6661585366 0.2266666666 0.2530487805
35.0 0.0366666666 0.8765243902000001 0.0366666667 0.1371951219
45.0 0.0941666667 0.8734756098 0.065 0.0457317073
10.0 0.1766666667 0.8597560976 0.046666666700000005 0.0121951219
1.0 0.29250000000000004 0.8140243902000001 0.0716666666 0.0731707317
0.0 0.7416666666 0.6006097561 0.4833333333 0.060975609800000004
16.0 0.5358333334000001 0.493902439 0.09166666670000001 0.2682926829
35.0 0.6325000000000001 0.4893292683 0.0783333334 0.2896341464
16.0 0.7025 0.2667682927 0.045 0.131097561
9.0 0.8158333334000001 0.4161585366 0.0883333333 0.22256097560000002
13.0 0.9225000000000001 0.4679878048 0.0416666666 0.29573170730000004
19.0 0.5683333334 0.7881097561 0.1433333333 0.22865853660000002
3.0 0.6491666666 0.8079268293 0.0183333333 0.3048780488
35.0 0.7158333333 0.7987804878 0.075 0.25609756100000003
12.0 0.8108333334000001 0.6737804878 0.0816666667 0.1341463414
6.0 0.9041666666 0.7835365854 0.0183333333 0.3109756097
