42.0 0.061379685 0.4217687075 0.0934274851 0.2210884354
39.0 0.0315046171 0.6258503402000001 0.0184682238 0.1020408163
45.0 0.060564910400000005 0.6173469388 0.0342205323 0.061224489800000004
15.0 0.10103204780000001 0.5705782313000001 0.0228136882 0.0867346938
0.0 0.3677349267 0.48129251700000003 0.45953286260000004 0.0102040816
7.0 0.32916893 0.2440476191 0.2737642585 0.4676870749
13.0 0.3139598045 0.20153061220000001 0.0054318305 0.1309523809
14.0 0.3438348724 0.206632653 0.0391091797 0.1683673469
9.0 0.39679522 0.21768707480000002 0.0439978272 0.1292517007
39.0 0.4394350896 0.27806122450000004 0.030418251 0.16496598640000001
9.0 0.4872351982 0.237244898 0.042368278100000004 0.1547619047
21.0 0.5306898424000001 0.2295918368 0.0282455187 0.2006802721
7.0 0.3123302553 0.7414965986000001 0.28245518740000003 0.4829931973
18.0 0.3185768604 0.6777210884 0.0439978272 0.1411564626
18.0 0.3590439978 0.7091836735 0.040195545900000004 0.1836734694
9.0 0.4003259098 0.7049319728 0.039109179800000005 0.1343537415
39.0 0.4475828354 0.7568027211 0.031504617 0.1598639456
9.0 0.4926670288 0.7100340136000001 0.039109179800000005 0.1411564626
14.0 0.5393807714000001 0.6819727891 0.0336773493 0.1598639456
0.0 0.8101575230000001 0.48469387760000004 0.3785985877 0.0136054421
7.0 0.752308528 0.2712585034 0.2900597501 0.49829931980000003
21.0 0.7452471483 0.24489795920000001 0.031504617 0.2108843538
15.0 0.7876154264 0.2117346938 0.039109179800000005 0.1683673469
9.0 0.8389462249 0.2414965986 0.040738729 0.1496598639
39.0 0.8894622488 0.287414966 0.0374796306 0.1666666666
10.0 0.9282998370000001 0.25765306120000003 0.0336773493 0.018707483
15.0 0.9706681152000001 0.20578231290000001 0.036936447500000004 0.1598639456
39.0 0.8028245518 0.5841836734 0.0358500815 0.1683673469
