42.0 0.05398671100000001 0.3013468013 0.1002214839 0.3602693603
35.0 0.1129568106 0.5909090909 0.0143964563 0.16498316500000001
45.0 0.13122923590000002 0.6245791246 0.0199335548 0.1313131313
0.0 0.1791251384 0.6228956229 0.0348837209 0.026936027
4.0 0.1777408638 0.5387205387 0.023255814000000003 0.12121212120000001
15.0 0.180509413 0.7542087542 0.0132890365 0.1885521886
47.0 0.3222591362 0.3855218856 0.138427464 0.2996632997
14.0 0.4017165005 0.12962962960000002 0.022702104100000002 0.1784511785
35.0 0.4637320044 0.37037037040000004 0.0249169435 0.35016835020000003
9.0 0.4969545958 0.3148148148 0.030454042 0.3737373738
42.0 0.5910852713 0.3148148148 0.0913621262 0.3804713805
35.0 0.6555924695 0.5976430976 0.0132890365 0.1717171717
45.0 0.6749723145000001 0.6127946128 0.0199335548 0.1144781144
0.0 0.7068106312 0.6228956229 0.0393133998 0.026936027
4.0 0.722868217 0.5185185185 0.0249169435 0.1077441078
14.0 0.7281284606 0.7171717172000001 0.026578073100000002 0.16835016830000002
46.0 0.8507751938 0.41582491580000003 0.1124031008 0.3400673401
14.0 0.9288482835 0.12962962960000002 0.0238095238 0.1784511785
35.0 0.9875415282000001 0.34006734 0.0215946844 0.3097643097
