42.0 0.0974240422 0.33191489360000004 0.15257595770000001 0.2978723404
34.0 0.021136063400000002 0.5861702128 0.035667107 0.1893617021
45.0 0.0848745046 0.629787234 0.053500660500000005 0.1063829787
1.0 0.1548877146 0.6021276596 0.060105680300000006 0.1319148936
0.0 0.6020475561 0.5542553192 0.7575957728 0.0702127659
43.0 0.3411492734 0.16702127660000002 0.14200792610000001 0.3042553192
15.0 0.4501321004 0.3765957447 0.037648613000000004 0.16595744680000002
14.0 0.4937252312 0.3702127659 0.036327609000000004 0.1531914893
34.0 0.5894980185 0.285106383 0.056142668400000005 0.2595744681
43.0 0.7338177014 0.2617021277 0.1466314399 0.33191489360000004
13.0 0.821664465 0.4265957447 0.010568031700000001 0.1382978724
12.0 0.8424702774 0.41170212770000003 0.0323645971 0.1382978723
17.0 0.9352708058 0.3138297872 0.06605019820000001 0.2191489362
43.0 0.3345442536 0.6670212766 0.1605019815 0.4191489362
15.0 0.43428005280000004 0.8085106383 0.042932628800000004 0.18297872340000002
19.0 0.47886393660000004 0.8042553191 0.043593130800000005 0.2085106383
15.0 0.5762879789 0.6840425532000001 0.049537648600000005 0.2276595744
43.0 0.7232496698 0.6510638298 0.1532364597 0.3021276596
17.0 0.8365257596000001 0.8755319149 0.0653896962 0.2063829788
21.0 0.8840819022 0.8606382978 0.029722589100000002 0.21063829790000002
34.0 0.9679656539 0.7553191489000001 0.049537648600000005 0.2510638298
