42.0 0.06625802680000001 0.543624161 0.12901342670000002 0.46308724830000003
29.0 0.15791009920000001 0.7802013423 0.041447752500000004 0.2248322148
45.0 0.201984822 0.8137583893 0.0350262697 0.1308724832
15.0 0.2548161121 0.7617449664 0.0426152948 0.28859060410000004
0.0 0.676882662 0.7432885906000001 0.6380618798000001 0.1711409396
2.0 0.34676007000000003 0.422818792 0.0245183887 0.4496644295
29.0 0.380910683 0.3573825503 0.0321074139 0.211409396
10.0 0.42819614710000004 0.384228188 0.028604787000000003 0.0234899329
20.0 0.4640980736 0.3473154362 0.0291885581 0.2919463087
5.0 0.4970811442 0.39932885900000004 0.0239346176 0.4496644295
2.0 0.5344424986 0.4026845638 0.0239346177 0.4228187919
7.0 0.7034442498 0.1929530201 0.2825452423 0.36577181210000004
19.0 0.6771745476000001 0.35570469800000004 0.037361354400000005 0.2818791946
29.0 0.7227086982 0.37583892620000003 0.0420315236 0.2348993289
9.0 0.7621132516 0.394295302 0.0262697022 0.17785234900000002
19.0 0.8006421482 0.37416107390000003 0.0344424985 0.3053691275
9.0 0.8394629306 0.37751677850000004 0.0256859311 0.1577181208
17.0 0.8975481611 0.3691275168 0.0694687682 0.2818791946
5.0 0.9480443666 0.3691275168 0.0315236428 0.40939597320000004
14.0 0.5461179218000001 0.8204697986 0.030939871600000002 0.2718120805
29.0 0.5843549328000001 0.8422818792000001 0.0431990659 0.2147651006
9.0 0.624635143 0.8708053691000001 0.0291885581 0.1711409396
15.0 0.6684179802 0.8204697986 0.0467016929 0.2718120805
10.0 0.7122008173000001 0.8674496644 0.033858727400000004 0.0234899329
16.0 0.7498540572 0.8020134228 0.0402802102 0.26845637580000004
