42.0 0.1593115622 0.4010025062 0.29390997350000003 0.5563909775
29.0 0.3812886143 0.5676691729000001 0.0653133274 0.2882205514
45.0 0.4598411298 0.6140350878 0.0847308031 0.0902255639
1.0 0.5569285084 0.5914786968 0.0741394528 0.11027568930000001
0.0 0.7974404236 0.49248120300000003 0.2903795233 0.0175438596
16.0 0.6968225949 0.3258145364 0.036187113800000004 0.2305764411
29.0 0.7634598411 0.3082706767 0.0688437776 0.2957393484
16.0 0.8164165931 0.1240601504 0.038834951400000005 0.1979949875
9.0 0.892321271 0.3646616542 0.07590467790000001 0.1578947369
15.0 0.96690203 0.33208020050000003 0.043248014200000004 0.2631578948
19.0 0.7431597528 0.7581453634 0.045895851700000004 0.2431077694
3.0 0.7859664608 0.7957393483 0.0114739629 0.3884711779
29.0 0.8340688438 0.7506265664 0.061782877300000004 0.3032581454
21.0 0.894086496 0.5977443609 0.0406001765 0.1929824562
6.0 0.9355692851 0.7957393483 0.0123565754 0.3884711779
