42.0 0.1327893176 0.2837423313 0.1409495549 0.45092024540000003
38.0 0.028189911 0.6457055215 0.0474777448 0.15644171780000002
45.0 0.0804896142 0.7576687117 0.0526706231 0.1165644171
19.0 0.1587537092 0.6886503068000001 0.056379822 0.1564417177
9.0 0.21884273 0.5874233128 0.0430267062 0.1625766871
10.0 0.3223293768 0.4279141104 0.0586053413 0.0460122699
21.0 0.3909495549 0.41104294480000003 0.0578635014 0.3374233129
19.0 0.4859050445 0.41411042940000004 0.0979228486 0.2331288343
44.0 0.7295994066 0.6871165644 0.31231454010000004 0.39263803680000003
38.0 0.9417655786 0.7975460122 0.1060830861 0.3190184049
