10.0 0.037541254100000004 0.4609756098 0.0701320132 0.0439024391
42.0 0.1971947195 0.4 0.15676567660000001 0.5170731708
31.0 0.3160066006 0.8658536586000001 0.026402640300000002 0.1804878049
45.0 0.3560231024 0.8682926830000001 0.0387788779 0.17560975610000001
10.0 0.4014026402 0.8463414634 0.0387788779 0.0243902439
1.0 0.46287128720000004 0.7975609756 0.0280528053 0.1707317073
49.0 0.5878712871 0.4268292683 0.0915841584 0.5512195122
3.0 0.7252475248 0.43170731700000003 0.0231023103 0.4731707317
31.0 0.7660891089 0.5024390244 0.045379538000000004 0.331707317
19.0 0.8168316832 0.1268292683 0.0346534653 0.2341463414
9.0 0.8882013202 0.47804878040000004 0.0536303631 0.5268292683
15.0 0.9401815182000001 0.4365853658 0.0387788779 0.4146341463
6.0 0.9801980198 0.4414634147 0.0214521452 0.4829268293
