42.0 0.09198645600000001 0.3672413793 0.1557562077 0.28620689660000004
36.0 0.0397855531 0.5491379310000001 0.050225733700000004 0.0982758621
45.0 0.0849322799 0.5775862069000001 0.0445823928 0.06551724140000001
1.0 0.1348758465 0.5336206896 0.0417607224 0.0534482759
0.0 0.5835214447 0.4293103448 0.8250564334 0.0172413793
43.0 0.3123589164 0.20431034480000002 0.1439051919 0.3948275862
18.0 0.4204288939 0.2974137931 0.0383747178 0.13620689660000002
21.0 0.4593679458 0.3172413793 0.0338600451 0.1586206896
36.0 0.5581264108 0.2094827586 0.08916478550000001 0.21896551720000001
43.0 0.7020316027 0.2198275862 0.1455981942 0.4120689656
18.0 0.8086907449 0.3051724138 0.0383747178 0.148275862
13.0 0.8394469526 0.3060344828 0.018623024800000002 0.1706896551
12.0 0.9142212190000001 0.1560344827 0.0530474041 0.2189655173
43.0 0.2796275395 0.6293103448 0.1371331828 0.37931034480000003
16.0 0.3888261851 0.7413793103 0.032731377 0.1620689655
19.0 0.4274830699 0.7301724138 0.0310383747 0.1293103448
16.0 0.5155191874 0.5870689655 0.0490970655 0.22586206900000003
43.0 0.6408013544000001 0.6974137931000001 0.1416478556 0.4706896552
14.0 0.7556433409000001 0.7508620690000001 0.0496613995 0.1741379311
14.0 0.8163092550000001 0.7456896552000001 0.0547404063 0.1672413793
36.0 0.9212753950000001 0.625 0.08295711060000001 0.1913793104
