42.0 0.1455050973 0.3851174935 0.2446709916 0.3472584856
32.0 0.0755329008 0.7114882506 0.0398517145 0.20626631850000002
45.0 0.1320667284 0.7467362925000001 0.056533827700000004 0.09399477810000001
15.0 0.20157553290000002 0.7075718016 0.045412419 0.1984334203
0.0 0.6399443929 0.5091383812 0.6774791473 0.0261096606
47.0 0.5088044486000001 0.22845953 0.3132530121 0.2637075718
32.0 0.7553290083 0.2845953003 0.07414272470000001 0.4281984334
9.0 0.8614457832 0.20234986940000002 0.0991658943 0.2167101827
12.0 0.9582947174 0.2114882506 0.0834105653 0.37597911230000003
48.0 0.5820203892 0.7637075718 0.2446709917 0.404699739
15.0 0.7344763670000001 0.6122715405 0.049119555200000005 0.1906005222
32.0 0.8614457832 0.7767624021 0.0824837813 0.3994778068
