35.0 0.0226011102 0.1626865672 0.040444092 0.2477611941
22.0 0.0701823949 0.19552238800000002 0.0277557494 0.1164179105
42.0 0.2727993656 0.3074626865 0.1268834258 0.4119402985
30.0 0.12172878670000001 0.7880597014 0.024583663800000002 0.1671641791
45.0 0.16772402860000002 0.8208955224000001 0.0499603489 0.0895522388
4.0 0.2593180016 0.6074626865 0.07454401270000001 0.2835820895
11.0 0.3227597145 0.7582089552 0.0570975416 0.3044776119
21.0 0.3643933386 0.9268656716 0.0150674068 0.1343283582
10.0 0.3885804916 0.752238806 0.0174464711 0.023880597
47.0 0.5388580492 0.4910447761 0.1593973037 0.3492537314
48.0 0.6689135607000001 0.3179104478 0.0705789056 0.1582089553
2.0 0.7442505948 0.3611940299 0.0166534497 0.1910447761
30.0 0.7704203013 0.3447761194 0.0229976209 0.128358209
5.0 0.8029341792 0.3791044776 0.026169706600000002 0.2388059702
2.0 0.8711340206 0.6567164179 0.030927835 0.3701492538
30.0 0.9218873910000001 0.6388059702000001 0.0467882633 0.2626865671
5.0 0.975812847 0.6925373134 0.0452022205 0.45373134330000003
