42.0 0.1333622937 0.1763485477 0.1259774109 0.2780082988
31.0 0.0251954822 0.7468879668 0.0399652476 0.13278008300000002
45.0 0.08166811460000001 0.6950207469 0.053866203300000005 0.12033195020000001
0.0 0.1615986099 0.7572614108 0.0556038228 0.0456431536
4.0 0.1655082537 0.6618257262 0.0234578628 0.1452282157
20.0 0.1694178975 0.8734439834000001 0.024326672400000002 0.1784232366
10.0 0.2376194614 0.3734439834 0.0217202433 0.0331950208
50.0 0.4252823632 0.25726141080000003 0.2111207645 0.24066390040000002
9.0 0.5790616855 0.2489626556 0.0390964378 0.2489626556
10.0 0.6172893136000001 0.25103734440000003 0.0269331017 0.0373443984
14.0 0.6689834926 0.2738589212 0.0503909644 0.2489626556
47.0 0.8136403128 0.32987551870000004 0.1485664639 0.3526970954
31.0 0.9739357080000001 0.41286307050000004 0.0486533449 0.1369294606
