42.0 0.10163934420000001 0.2649122807 0.1416393443 0.501754386
41.0 0.19901639340000002 0.5912280702 0.0504918033 0.21403508770000002
45.0 0.24491803280000002 0.6403508772000001 0.0281967213 0.07368421060000001
14.0 0.2852459016 0.6649122807 0.0327868853 0.1228070176
9.0 0.3252459016 0.5052631579 0.0406557377 0.1333333334
18.0 0.42590163940000003 0.5298245614 0.0688524591 0.2666666666
9.0 0.508852459 0.5684210526 0.08 0.2666666667
41.0 0.6186885246 0.6789473684 0.1318032787 0.5368421053
47.0 0.8055737705 0.5052631578 0.1921311476 0.4350877193
41.0 0.9580327869 0.6210526316 0.07606557380000001 0.30175438600000004
