42.0 0.1104185218 0.37214137210000003 0.20837043630000002 0.237006237
31.0 0.0471950134 0.7151767152 0.0267141585 0.0415800416
45.0 0.0841495993 0.6871101871 0.0382902938 0.051975052
13.0 0.12555654500000002 0.681912682 0.0106856634 0.1081081081
9.0 0.1491540516 0.5550935551 0.0258236865 0.0706860706
0.0 0.6375779163 0.4313929314 0.6999109528 0.0311850312
31.0 0.31344612650000003 0.2744282744 0.0480854853 0.0748440749
2.0 0.3824577026 0.2286902287 0.0596616206 0.3908523908
31.0 0.4376669635 0.2723492724 0.05253784500000001 0.0706860707
14.0 0.48842386460000004 0.0727650727 0.048975957300000005 0.10395010390000001
9.0 0.5507569012 0.2151767152 0.0436331255 0.1185031185
10.0 0.6148708816 0.22661122660000002 0.0507569011 0.0291060291
14.0 0.6985752448 0.1995841996 0.08103294750000001 0.20374220380000002
31.0 0.7729296527 0.2671517672 0.0463045414 0.0644490645
9.0 0.8343722173 0.2141372141 0.0480854853 0.1164241164
18.0 0.8949243098 0.24012474020000002 0.0480854853 0.2390852391
5.0 0.9674977738 0.2307692308 0.0578806768 0.3991683992
7.0 0.6389136242 0.7203742204 0.3731077471 0.5592515593
31.0 0.6656277828 0.7858627858 0.041852181700000005 0.0748440749
10.0 0.731522707 0.7307692308 0.0525378451 0.018711018700000002
20.0 0.7956366874 0.7141372142 0.0507569011 0.2141372141
