42.0 0.12531969310000002 0.4307304786 0.2250639386 0.2267002519
31.0 0.0543478261 0.6662468513 0.0421994885 0.07808564230000001
45.0 0.11061381070000001 0.6448362721 0.047314578 0.07052896730000001
1.0 0.18989769820000002 0.6120906801 0.06777493600000001 0.060453400600000005
0.0 0.7480818414 0.4937027708 0.4680306905 0.0554156171
43.0 0.5402813299 0.22166246850000002 0.2237851662 0.39798488660000003
21.0 0.7084398977 0.3287153652 0.0358056266 0.1738035265
15.0 0.7730179028 0.3110831234 0.0652173913 0.1486146096
13.0 0.9072890026 0.1599496222 0.0396419437 0.2493702771
43.0 0.4929667519 0.6549118388 0.2391304348 0.35264483620000003
20.0 0.6719948849 0.7644836272000001 0.0754475704 0.1435768262
17.0 0.7691815857000001 0.7846347607 0.0933503836 0.1637279597
15.0 0.9469309463000001 0.6108312342000001 0.0805626598 0.2292191435
