42.0 0.1128526646 0.5346938776 0.1588296761 0.4
37.0 0.2434691745 0.8408163266 0.0334378266 0.1632653061
45.0 0.28892372 0.8387755102000001 0.0532915361 0.11836734700000001
15.0 0.3521421108 0.8163265306 0.0355276907 0.2040816326
0.0 0.7277951933 0.5653061224 0.5235109718000001 0.036734693900000004
48.0 0.6614420062 0.3857142857 0.1295715779 0.2653061224
14.0 0.7471264368 0.1510204082 0.0417972832 0.18775510210000002
37.0 0.8401253918 0.40612244900000005 0.0397074191 0.2244897959
14.0 0.4989550679 0.718367347 0.053291536 0.23673469390000001
9.0 0.5538140020000001 0.7428571428 0.0355276907 0.20408163270000002
10.0 0.6086729363 0.7346938776 0.0553814002 0.0489795919
14.0 0.6609195402 0.7000000000000001 0.0449320794 0.2163265306
44.0 0.8103448276 0.7489795918000001 0.14315569490000002 0.2408163265
37.0 0.9644723093 0.7510204082 0.045977011400000004 0.2285714285
