42.0 0.06794948890000001 0.3064935065 0.12988574860000002 0.4103896104
40.0 0.1960312687 0.5935064935000001 0.0517137703 0.3298701298
45.0 0.2561635598 0.5714285714 0.0721587493 0.1714285714
1.0 0.3391461215 0.5311688312 0.0685508118 0.0493506493
0.0 0.7053517739 0.4948051948 0.577269994 0.0909090909
43.0 0.493385448 0.21168831170000002 0.1160553217 0.412987013
14.0 0.5880938064 0.36103896100000005 0.0408899579 0.212987013
19.0 0.6229705352 0.35064935070000003 0.0180396873 0.2077922077
40.0 0.6822008419000001 0.274025974 0.0342754059 0.3142857143
43.0 0.7817197835 0.2961038961 0.1130487072 0.4623376624
15.0 0.8647023452 0.4 0.0276608539 0.2025974026
14.0 0.9010823812000001 0.3922077922 0.0390859891 0.1922077922
14.0 0.9726398076 0.2493506494 0.0475045099 0.2649350649
43.0 0.5288634997 0.735064935 0.1292844258 0.4987012987
19.0 0.6046301864 0.8103896104 0.019843656 0.212987013
14.0 0.674984967 0.6441558441 0.0583283223 0.2545454545
43.0 0.7907396272 0.7233766234 0.1214672279 0.4337662338
20.0 0.8674082982 0.8324675325 0.0234515935 0.16883116880000001
14.0 0.9034876729 0.8428571429 0.0426939266 0.2051948052
40.0 0.9654239326 0.7792207792 0.0318701143 0.33766233770000004
