42.0 0.0655105973 0.5323129252000001 0.1011560694 0.4047619048
36.0 0.15125240850000002 0.8044217687 0.015414258200000001 0.0986394558
45.0 0.1734104046 0.7755102041 0.0240847784 0.0952380952
0.0 0.2251926782 0.7857142857 0.0332369942 0.0204081632
4.0 0.2242292871 0.6972789116 0.0332369942 0.12244897960000001
19.0 0.2283236994 0.8894557823 0.0183044316 0.1598639456
50.0 0.3629576108 0.525510204 0.12957610790000001 0.37074829930000003
17.0 0.43280346820000004 0.2397959184 0.014932562600000001 0.1666666667
36.0 0.4845857418 0.49659863940000004 0.0250481696 0.1564625851
9.0 0.5149325626 0.4336734694 0.0231213873 0.1802721088
42.0 0.600433526 0.418367347 0.0920038536 0.3809523809
36.0 0.6758188825 0.6768707483 0.0125240848 0.0952380952
45.0 0.6958092486 0.6462585034 0.0197495183 0.081632653
0.0 0.7439788054 0.656462585 0.031310212000000004 0.0204081633
4.0 0.7406069364000001 0.5765306122 0.028420038600000003 0.1054421769
15.0 0.7427745665000001 0.7517006802 0.0183044316 0.1632653061
44.0 0.8706647399 0.40646258500000004 0.130539499 0.24829931970000002
17.0 0.9361753372 0.1479591837 0.011078998000000001 0.1598639456
36.0 0.9848265896 0.3843537415 0.0226396918 0.149659864
