49.0 0.047432550000000004 0.5499075786000001 0.0861618799 0.1829944547
30.0 0.1997389034 0.5434380777 0.047867711 0.1478743069
22.0 0.2763272411 0.522181146 0.0617928634 0.0720887246
0.0 0.6749347258 0.5600739372 0.6431679721 0.0110905731
42.0 0.4134029591 0.1765249538 0.13228894700000002 0.179297597
29.0 0.362489121 0.3890942699 0.0269799826 0.08317929760000001
45.0 0.3986074847 0.3826247689 0.0313315927 0.048059149700000005
16.0 0.44604003480000004 0.37523105360000003 0.0287206266 0.0702402958
9.0 0.48085291560000004 0.2883548984 0.0322019147 0.0702402957
0.0 0.6035683203000001 0.1931608133 0.09312445600000001 0.0166358596
26.0 0.6331592689000001 0.10351201480000001 0.046127067 0.1515711645
26.0 0.6035683203000001 0.2855822551 0.046127067 0.1534195934
29.0 0.6605744125 0.3049907578 0.0487380331 0.1404805915
3.0 0.7145343777000001 0.17837338260000002 0.0069625762 0.16451016640000002
49.0 0.7854656223 0.174676525 0.0565709312 0.1386321627
29.0 0.8968668407 0.18576709800000002 0.044386423 0.12384473200000001
6.0 0.9264577894 0.1866913124 0.0060922541000000005 0.1552680222
42.0 0.4878154917 0.7282809612000001 0.1470844212 0.1811460259
29.0 0.4308093995 0.9408502772 0.0278503046 0.0813308687
45.0 0.46736292420000003 0.9353049908000001 0.0330722367 0.051756007400000005
21.0 0.5087032202 0.9251386322 0.0217580504 0.08317929760000001
9.0 0.542210618 0.8207024030000001 0.0313315927 0.0702402957
0.0 0.6932114882 0.7125693161000001 0.1087902523 0.0129390018
26.0 0.6910356832 0.6256931608 0.0400348128 0.16451016640000002
26.0 0.6644908616 0.8179297597 0.0409051349 0.179297597
29.0 0.7214969539 0.8160813308 0.045256745 0.1386321627
14.0 0.8024369016 0.6256931608 0.0557006093 0.1275415896
11.0 0.8394255875000001 0.6580406654000001 0.0496083551 0.16266173750000001
29.0 0.8707571802 0.6950092422 0.0409051349 0.1330868761
