42.0 0.0841836735 0.47483221480000004 0.1581632653 0.0838926175
39.0 0.0399659863 0.6484899329 0.030612244900000002 0.0520134228
45.0 0.0782312926 0.634228188 0.0442176871 0.0570469799
20.0 0.1301020408 0.6048657718 0.037414966 0.10234899330000001
0.0 0.6071428571 0.5411073826 0.7738095238 0.0755033557
14.0 0.29379251700000003 0.2458053691 0.0790816326 0.1963087248
2.0 0.3788265307 0.2558724832 0.0467687075 0.2701342282
39.0 0.43197278920000004 0.30788590600000004 0.054421768700000005 0.0788590604
10.0 0.4893707483 0.2860738255 0.0484693878 0.0352348994
13.0 0.5446428571 0.25671140940000003 0.0348639455 0.1912751678
5.0 0.5824829932000001 0.269295302 0.059523809600000005 0.2701342282
7.0 0.7993197278 0.2382550336 0.3469387755 0.4328859061
39.0 0.8388605442 0.3137583892 0.051870748300000005 0.0872483221
9.0 0.8920068028 0.2734899329 0.0391156463 0.1073825504
15.0 0.9634353742 0.2407718121 0.0629251701 0.2030201342
19.0 0.3358843537 0.7239932886 0.0663265306 0.2130872484
9.0 0.40561224490000003 0.759228188 0.0459183674 0.1090604027
10.0 0.4617346939 0.7692953020000001 0.0459183674 0.0318791946
17.0 0.5412414966 0.7290268456 0.07738095240000001 0.1929530201
7.0 0.7623299320000001 0.7533557047 0.35969387750000004 0.46644295300000005
39.0 0.7967687075000001 0.7969798658 0.057823129200000004 0.0838926175
9.0 0.8490646258000001 0.7609060403 0.0433673469 0.1124161074
15.0 0.9217687075000001 0.7374161074000001 0.0697278912 0.2197986577
