42.0 0.0795334041 0.3533163266 0.1357370095 0.3494897959
36.0 0.0172322375 0.8061224490000001 0.025980912000000002 0.13775510200000002
45.0 0.05116649 0.8392857143 0.0344644751 0.0510204082
14.0 0.0851007423 0.7946428571 0.0185577942 0.1811224489
9.0 0.1134676564 0.6237244898000001 0.023329798500000002 0.1045918368
0.0 0.5522269353 0.5471938776 0.8393425238000001 0.1198979591
10.0 0.30726405090000003 0.3010204081 0.028101802800000002 0.030612244900000002
18.0 0.3457051962 0.2538265306 0.0392364793 0.3239795918
48.0 0.460233298 0.3035714285 0.11770943800000001 0.3571428571
36.0 0.5835100742 0.2920918368 0.046129374300000005 0.2372448979
48.0 0.6993637328 0.2844387755 0.1166489926 0.3341836734
13.0 0.7828738070000001 0.1147959184 0.0164369035 0.1530612245
36.0 0.8525980912000001 0.3086734694 0.0530222694 0.2602040816
2.0 0.1922057264 0.6900510204 0.0249204666 0.4158163266
16.0 0.2356839872 0.6913265306 0.046129374300000005 0.36224489800000004
9.0 0.2852598092 0.6543367347 0.0392364793 0.1964285714
36.0 0.3491516437 0.7040816326 0.0577942736 0.2448979591
46.0 0.47401908800000003 0.7780612245 0.1516436904 0.3673469388
36.0 0.617709438 0.6721938776 0.0466595971 0.2168367347
5.0 0.6648992576 0.7334183674 0.025450689300000003 0.4974489795
44.0 0.7754506893 0.6849489796 0.14369035 0.237244898
16.0 0.8867974549000001 0.6122448979 0.0238600212 0.1989795919
36.0 0.9684517497 0.7028061224000001 0.0567338282 0.2576530613
