42.0 0.180836237 0.31769911500000003 0.1665505227 0.2991150443
39.0 0.0243902439 0.6920353982 0.0445993032 0.1097345133
45.0 0.093728223 0.7407079646 0.0703832752 0.0902654868
4.0 0.1777003484 0.5628318584 0.0696864111 0.19469026550000001
11.0 0.2459930314 0.6734513274 0.0445993031 0.26725663720000004
20.0 0.2958188154 0.6858407080000001 0.0397212543 0.1469026549
10.0 0.3393728223 0.6017699115 0.0348432056 0.014159292
0.0 0.7031358885 0.3849557522 0.5909407666000001 0.044247787600000005
44.0 0.5853658536 0.2831858407 0.23554006970000002 0.3008849558
15.0 0.7641114982 0.1053097345 0.0494773519 0.175221239
39.0 0.8696864112 0.22123893800000002 0.0682926829 0.1699115045
0.0 0.6891986063000001 0.6805309734 0.40975609760000004 0.033628318500000004
10.0 0.66271777 0.582300885 0.0362369338 0.0176991151
18.0 0.7052264808 0.5592920354 0.0362369338 0.20176991160000002
14.0 0.4756097561 0.8769911504000001 0.0536585366 0.13982300890000002
39.0 0.5240418118 0.8778761062 0.0487804878 0.1168141593
9.0 0.5696864112000001 0.8690265486000001 0.031358885100000004 0.10265486730000001
2.0 0.6041811847 0.8867256637 0.0222996516 0.18053097340000002
10.0 0.6390243902 0.9088495576000001 0.037630662100000004 0.0159292035
21.0 0.6787456446 0.8734513274 0.033449477400000004 0.1716814159
4.0 0.7609756098 0.8902654868000001 0.0599303136 0.13097345130000002
5.0 0.8383275262000001 0.892920354 0.0292682927 0.196460177
19.0 0.8902439024000001 0.7831858407000001 0.0634146341 0.21769911500000003
