42.0 0.0661919832 0.4802631579 0.1260548523 0.4394736842
8.0 0.1780063291 0.8434210526 0.0374472574 0.2394736842
45.0 0.2621308016 0.8986842105 0.0675105485 0.1078947368
4.0 0.3436181434 0.622368421 0.0701476793 0.2921052631
11.0 0.3931962026 0.7197368421 0.036392405100000004 0.38157894740000003
20.0 0.4124472574 0.8473684210000001 0.032700422 0.2684210527
0.0 0.7352320675 0.5960526316 0.5168776372 0.0868421053
48.0 0.5324367089 0.3907894737 0.1039029536 0.3078947368
20.0 0.6015295358 0.1802631579 0.0311181435 0.2605263158
8.0 0.6664029536 0.41184210520000003 0.0385021097 0.2552631579
9.0 0.7088607595 0.36578947370000003 0.023206751 0.15789473680000002
47.0 0.8011603376 0.46052631580000003 0.1160337553 0.2842105263
19.0 0.8979430380000001 0.1855263158 0.0321729958 0.2342105263
8.0 0.9620253164 0.4065789474 0.0379746835 0.25
20.0 0.7381329114 0.6986842106000001 0.0374472574 0.2657894737
