42.0 0.1322869956 0.5939393940000001 0.1915438821 0.4121212121
8.0 0.2572069186 0.7666666667 0.0518898143 0.3575757576
45.0 0.3382447149 0.7530303030000001 0.051249199200000005 0.10606060610000001
13.0 0.396540679 0.6242424242 0.0461242793 0.3151515151
7.0 0.7117232544000001 0.4787878788 0.49839846250000003 0.9030303030000001
8.0 0.6361306854000001 0.4333333333 0.0576553491 0.4787878788
2.0 0.7178090967 0.3575757576 0.024983984600000002 0.4424242424
8.0 0.7908392056 0.3409090909 0.054452274200000005 0.4393939394
9.0 0.8786034594000001 0.2393939394 0.045483664300000004 0.206060606
14.0 0.9423446508000001 0.1863636364 0.0563741191 0.3484848485
5.0 0.9897501602000001 0.2166666666 0.0153747597 0.41515151510000003
