22.0 0.0486111111 0.2018348624 0.0657407408 0.14678899080000002
42.0 0.2277777778 0.1743119266 0.1722222222 0.3180428134
25.0 0.3180555556 0.5596330275 0.0416666667 0.14678899080000002
45.0 0.3657407408 0.5871559633 0.0555555555 0.11009174320000001
10.0 0.4310185185 0.5688073394000001 0.030555555600000003 0.0183486239
1.0 0.5226851852000001 0.5489296636000001 0.07685185180000001 0.0825688074
0.0 0.8041666666 0.4724770642 0.3583333333 0.0825688073
15.0 0.6828703704 0.24006116200000002 0.0527777778 0.21100917430000002
25.0 0.7421296296000001 0.3134556575 0.0527777778 0.16819571860000002
20.0 0.7907407408 0.14678899080000002 0.0296296297 0.1896024465
9.0 0.8509259259 0.29357798160000004 0.05 0.1712538227
20.0 0.9092592592000001 0.3058103976 0.0388888889 0.2201834863
21.0 0.7106481482 0.7217125382 0.0416666667 0.28746177370000003
3.0 0.7402777778 0.7293577982 0.0101851852 0.4434250765
25.0 0.7814814814000001 0.7599388379 0.0537037037 0.19266055040000002
15.0 0.8449074074 0.6024464832 0.047222222200000004 0.1896024465
6.0 0.8800925926000001 0.7599388379 0.0101851852 0.4495412844
