42.0 0.0866441251 0.35000000000000003 0.16990701600000002 0.42
39.0 0.1876584954 0.5785714286 0.0371935757 0.1342857143
45.0 0.2434488588 0.5842857143 0.0693153001 0.0485714286
1.0 0.31952662730000003 0.55 0.047337278100000005 0.1057142858
0.0 0.7130177514 0.4214285714 0.5519864751 0.06
39.0 0.5025359256 0.2828571429 0.0498732037 0.2
13.0 0.5342349958 0.07 0.008453085400000001 0.1285714286
9.0 0.5701606086000001 0.25 0.038038884200000005 0.2028571428
10.0 0.6272189349 0.2757142857 0.0405748098 0.0314285714
20.0 0.6639898563000001 0.2628571428 0.0262045646 0.16571428570000002
39.0 0.7104818259 0.2657142857 0.0464919696 0.1771428572
16.0 0.7535925613000001 0.10285714280000001 0.024513947600000002 0.1028571429
9.0 0.8060016906 0.2528571428 0.0448013525 0.20857142850000002
18.0 0.8550295858 0.2442857143 0.038038884200000005 0.1914285714
39.0 0.9065934066 0.2657142857 0.0481825866 0.1771428572
39.0 0.4573119188 0.7457142857 0.047337278100000005 0.1828571428
9.0 0.5147928994000001 0.7228571429 0.047337278100000005 0.2
7.0 0.7612003381 0.7071428572 0.4285714286 0.5857142857000001
39.0 0.7151310228000001 0.7371428572000001 0.045646661000000005 0.17142857150000002
15.0 0.7607776839 0.6228571428 0.0270498732 0.13714285710000002
9.0 0.8136094675000001 0.7185714286 0.0448013525 0.1971428571
10.0 0.8601014370000001 0.74 0.03465765 0.0171428572
19.0 0.9019442096 0.73 0.0270498732 0.1457142858
39.0 0.9484361792 0.74 0.047337278100000005 0.1771428572
