42.0 0.057623049200000005 0.35069444450000004 0.09603841540000001 0.39583333330000003
35.0 0.1431572629 0.6215277778 0.0234093638 0.2569444444
45.0 0.1740696279 0.6649305556 0.0336134453 0.1215277777
0.0 0.2304921969 0.6961805556 0.068427371 0.0173611111
4.0 0.2430972389 0.59375 0.0360144058 0.15277777780000001
18.0 0.2424969988 0.8680555556 0.019207683 0.25
47.0 0.4015606242 0.39930555560000003 0.1596638655 0.31944444450000004
18.0 0.5045018007000001 0.13715277780000001 0.018607443 0.2395833333
35.0 0.5744297719 0.28125 0.0384153662 0.43055555560000003
9.0 0.6338535414 0.3298611112 0.0516206482 0.3263888889
47.0 0.7797118848 0.4392361111 0.1596638655 0.3715277778
14.0 0.8889555822 0.1180555556 0.032412965200000005 0.2152777777
35.0 0.9768907563 0.33333333330000003 0.043817527 0.5
