42.0 0.1795212766 0.2978947368 0.30053191490000003 0.3263157895
39.0 0.0618351064 0.6178947369000001 0.0917553192 0.18736842110000002
45.0 0.1555851064 0.6242105263000001 0.09574468080000001 0.107368421
1.0 0.29255319150000003 0.6221052632 0.1063829788 0.12
0.0 0.7121010638 0.4136842106 0.5625 0.027368421100000002
17.0 0.5285904256 0.18 0.10771276590000001 0.1831578948
16.0 0.6396276596 0.20315789480000002 0.09042553190000001 0.23789473690000001
39.0 0.7779255319 0.2621052632 0.1462765958 0.3515789473
16.0 0.9062500000000001 0.0978947368 0.051861702200000005 0.1410526315
13.0 0.4986702128 0.6115789474000001 0.0212765957 0.2715789474
3.0 0.5731382979 0.66 0.061170212800000005 0.46105263160000004
39.0 0.6828457447 0.6505263158 0.1582446808 0.2989473684
21.0 0.8118351064 0.5431578947 0.0731382979 0.1389473684
6.0 0.946143617 0.6873684210000001 0.0997340426 0.49894736850000004
