42.0 0.1412844037 0.45551601420000004 0.2256880734 0.5907473309
30.0 0.297706422 0.6565836299000001 0.059633027500000005 0.3736654804
45.0 0.3688073394 0.7366548043000001 0.08073394490000001 0.1352313167
17.0 0.4605504587 0.6298932384 0.0532110092 0.2989323843
0.0 0.7399082569000001 0.5284697509 0.5036697248 0.0320284698
48.0 0.6325688074 0.22953736660000001 0.1293577981 0.33096085410000003
2.0 0.8114678899000001 0.1903914591 0.0816513762 0.3523131673
14.0 0.878440367 0.2259786477 0.052293578 0.32384341640000003
30.0 0.9376146789 0.22064056940000001 0.0458715596 0.334519573
5.0 0.9866972477 0.2615658363 0.0266055046 0.3736654804
47.0 0.6701834862 0.7971530249000001 0.1807339449 0.29893238440000003
2.0 0.8642201835000001 0.7544483986 0.0311926606 0.30604982210000004
12.0 0.9243119266000001 0.6921708185000001 0.0577981652 0.2669039146
5.0 0.9793577982 0.7580071174 0.0247706422 0.3701067615
