42.0 0.158477842 0.46882494 0.27263969180000003 0.4532374101
40.0 0.3309248555 0.6786570744 0.045279383400000005 0.1726618705
45.0 0.38439306360000003 0.6510791367000001 0.0539499036 0.045563549200000004
10.0 0.4421965318 0.6330935252000001 0.0269749518 0.0095923261
1.0 0.5236030828 0.623501199 0.0606936417 0.08633093530000001
0.0 0.83477842 0.49400479620000004 0.32080924850000003 0.0143884892
12.0 0.6835260116 0.24220623500000002 0.0529865125 0.20623501200000002
40.0 0.7543352602000001 0.3033573142 0.059730250500000005 0.2086330935
13.0 0.8092485549 0.1294964028 0.0385356454 0.1870503597
9.0 0.8858381503 0.2278177458 0.0761078998 0.15347721820000002
16.0 0.9657996146000001 0.27218225420000003 0.056840077100000004 0.304556355
13.0 0.7278420038000001 0.7158273381 0.0529865125 0.2565947242
3.0 0.771194605 0.7589928057 0.022157996200000002 0.3045563549
40.0 0.8212909441 0.8297362110000001 0.0510597302 0.3021582734
20.0 0.8843930636 0.5935251799 0.042389210000000004 0.1606714629
6.0 0.9277456648 0.7577937650000001 0.0134874759 0.3021582734
