0.0 0.4919941776 0.8732476636000001 0.9723435226 0.1880841121
27.0 0.1302765648 0.8720794392000001 0.0334788937 0.0502336449
0.0 0.5611353712 0.3230140187 0.7758369724 0.0642523364
42.0 0.27401746720000003 0.1010514019 0.14483260550000002 0.0876168224
23.0 0.21797671030000002 0.1828271028 0.0312954876 0.0619158878
45.0 0.25655021840000003 0.1752336448 0.0443959243 0.0443925233
20.0 0.3118631732 0.1781542056 0.038573508 0.066588785
0.0 0.46652110630000004 0.1051401869 0.0727802038 0.009345794400000001
26.0 0.4472343522 0.0642523364 0.0429403203 0.0817757009
26.0 0.4250363901 0.16296728970000002 0.0436681222 0.07593457940000001
23.0 0.4697962154 0.152453271 0.0327510917 0.07593457940000001
49.0 0.5713245997 0.09754672900000001 0.0553129548 0.089953271
2.0 0.6863173217 0.093457944 0.0349344978 0.1074766355
14.0 0.7296215429 0.0981308411 0.0473071325 0.0677570094
9.0 0.7769286754 0.0776869159 0.0327510918 0.050233644800000005
19.0 0.8238719068 0.0870327103 0.0393013101 0.10864485980000001
23.0 0.864628821 0.085864486 0.0291120815 0.07126168220000001
5.0 0.9024745269000001 0.07126168220000001 0.030567685600000002 0.1331775701
42.0 0.4723435226 0.39953271030000004 0.12954876270000001 0.0794392523
23.0 0.42467248900000004 0.48422897200000004 0.0254730713 0.054906542100000004
45.0 0.46724890830000004 0.4789719626 0.0451237264 0.0443925234
13.0 0.5160116449000001 0.48948598130000004 0.0334788937 0.0607476636
0.0 0.6302765648 0.402453271 0.056768559 0.0105140187
26.0 0.6408296944 0.35572429910000003 0.0400291121 0.0712616823
26.0 0.6200873362 0.4544392524 0.0393013101 0.0794392523
23.0 0.6641193595 0.4462616822 0.0312954876 0.0841121495
23.0 0.7237991266 0.3901869159 0.0312954877 0.081775701
15.0 0.5265647744 0.9579439252 0.038573508 0.0654205607
27.0 0.558951965 0.9556074766 0.0291120815 0.0397196261
12.0 0.5917030567 0.8773364486 0.0262008733 0.0677570094
