42.0 0.0951313261 0.43539325840000004 0.1889814222 0.28651685390000003
40.0 0.0422805894 0.8876404494000001 0.0230621397 0.2078651685
45.0 0.0781550288 0.8174157303 0.0448430493 0.095505618
21.0 0.137091608 0.7696629213 0.0384368995 0.1460674157
9.0 0.1627162076 0.6292134832 0.0217809097 0.0955056179
0.0 0.3824471492 0.4311797753 0.23062139650000002 0.0814606742
50.0 0.369314542 0.14606741580000002 0.1877001922 0.2415730337
40.0 0.5169762973 0.191011236 0.0333119795 0.2977528089
40.0 0.4106342088 0.5912921348 0.0345932095 0.3230337079
7.0 0.7863549007 0.34831460680000004 0.4221652786 0.6629213483
40.0 0.7053171044000001 0.4016853932 0.029468289600000003 0.28651685390000003
2.0 0.7453555413 0.3174157304 0.0403587444 0.30898876410000004
17.0 0.7895579756000001 0.3061797753 0.0506085843 0.20224719100000002
9.0 0.8398462524 0.3075842697 0.0269058296 0.154494382
17.0 0.8846893018 0.2991573034 0.048686739300000004 0.2106741573
40.0 0.9285714286000001 0.3581460674 0.023702754700000002 0.27808988760000003
5.0 0.9695707880000001 0.2851123595 0.0429212043 0.3117977529
