42.0 0.12117346940000001 0.4 0.2304421768 0.49411764700000005
8.0 0.2869897959 0.6382352941 0.053571428600000005 0.22352941180000002
45.0 0.3890306122 0.6573529412 0.0705782313 0.10882352940000001
10.0 0.45705782310000004 0.6647058824000001 0.0450680272 0.0352941177
1.0 0.5416666666000001 0.6441176471 0.0629251701 0.1058823529
0.0 0.7725340136000001 0.5147058824 0.375 0.0882352941
13.0 0.7057823129 0.2911764706 0.0238095238 0.3117647059
20.0 0.7614795918 0.2852941176 0.0620748299 0.3294117647
8.0 0.8567176871000001 0.2926470588 0.0637755102 0.2735294118
14.0 0.9362244898000001 0.13823529410000002 0.0476190476 0.2411764706
18.0 0.7057823129 0.7514705882 0.0765306122 0.32647058830000003
3.0 0.7602040816000001 0.8014705882000001 0.0119047619 0.3794117647
8.0 0.8337585034 0.7544117647 0.06547619040000001 0.2617647058
16.0 0.9175170068 0.6102941176000001 0.056122449000000005 0.2676470589
6.0 0.9863945578000001 0.8014705882000001 0.0119047619 0.3794117647
