42.0 0.0897058824 0.3601583114 0.14019607850000002 0.4195250659
23.0 0.0159313726 0.8562005277 0.0308823529 0.21372031660000002
45.0 0.0514705883 0.8786279684 0.0352941177 0.07387862790000001
20.0 0.0970588235 0.7941952506000001 0.0362745098 0.2427440633
9.0 0.1333333334 0.6240105541000001 0.0352941177 0.1345646438
47.0 0.2473039216 0.4023746701 0.125 0.2612137203
23.0 0.3713235294 0.41424802120000004 0.0367647059 0.27968337730000004
0.0 0.44068627460000004 0.4617414248 0.0519607843 0.0211081794
21.0 0.4338235294 0.2638522428 0.0392156862 0.3693931399
23.0 0.4325980392 0.6108179419 0.0357843137 0.2664907651
7.0 0.743872549 0.4089709762 0.5034313726 0.7810026385000001
23.0 0.6085784314 0.42744063330000004 0.038725490200000004 0.2955145119
2.0 0.6470588235 0.4498680739 0.0235294118 0.5039577836
18.0 0.6887254902000001 0.3746701847 0.048039215600000004 0.3588390502
9.0 0.7465686274000001 0.3588390501 0.0460784313 0.1846965699
10.0 0.7977941176000001 0.4221635884 0.0348039215 0.0422163588
15.0 0.8411764706 0.3416886544 0.0470588236 0.3139841689
23.0 0.8906862745 0.43799472300000003 0.0411764706 0.3113456465
5.0 0.9340686274000001 0.4459102902 0.0308823529 0.4749340369
