42.0 0.07455853500000001 0.39408099690000004 0.0876389798 0.2585669782
23.0 0.0127534336 0.8348909658 0.0189666448 0.0623052959
45.0 0.0395683454 0.8177570094000001 0.0294310007 0.0404984423
4.0 0.0833878352 0.6059190031 0.0294310006 0.1713395638
11.0 0.12655330280000002 0.6915887850000001 0.0477436233 0.26168224290000003
20.0 0.14453891430000002 0.8364485982000001 0.0183126226 0.1339563863
0.0 0.5846958797 0.4704049844 0.8188358404 0.0996884735
19.0 0.22432962720000002 0.253894081 0.0300850229 0.22741433020000001
47.0 0.3466317855 0.3286604361 0.1321124918 0.1900311527
21.0 0.4287115762 0.085669782 0.0215827338 0.14018691590000001
23.0 0.4986919556 0.3333333334 0.0333551341 0.1370716511
9.0 0.5536298234 0.2632398754 0.038587312000000006 0.1900311526
19.0 0.6000654022 0.2663551402 0.035971223000000004 0.246105919
50.0 0.7383911053000001 0.3395638629 0.1543492478 0.29283489100000004
17.0 0.8606932636 0.0809968848 0.0392413342 0.1495327103
23.0 0.9591236102 0.3582554517 0.050359712200000004 0.16199376940000002
14.0 0.5683453237 0.5919003115 0.0392413342 0.26168224300000004
