42.0 0.0766317017 0.48788546260000004 0.0996503497 0.1167400881
40.0 0.0148601398 0.9273127754 0.0238927739 0.13215859030000002
45.0 0.0405011655 0.8689427313 0.027389277400000002 0.063876652
4.0 0.0955710956 0.6729074890000001 0.055944055900000005 0.1475770925
11.0 0.1241258741 0.7874449339 0.006993007000000001 0.28414096920000004
19.0 0.1456876457 0.8766519824000001 0.0268065268 0.0881057269
0.0 0.5603146854000001 0.5154185022000001 0.7872960373 0.0352422908
0.0 0.252039627 0.1905286344 0.07284382290000001 0.0154185022
26.0 0.2523310023 0.0936123348 0.020979021 0.1431718062
26.0 0.2363053614 0.2852422908 0.0238927739 0.1475770925
40.0 0.2671911422 0.39317180620000003 0.029720279800000002 0.1872246696
2.0 0.32371794870000004 0.1685022026 0.032051282 0.22246696030000002
47.0 0.4458041958 0.21916299560000002 0.141025641 0.19162995600000002
40.0 0.5716783216 0.28083700440000003 0.0372960373 0.218061674
9.0 0.6255827506 0.1563876652 0.046037296000000005 0.17180616740000001
10.0 0.6684149184 0.1696035242 0.0233100233 0.0308370044
14.0 0.7057109557 0.1905286344 0.0361305362 0.1519823789
48.0 0.7928321678 0.1839207048 0.0833333333 0.1299559471
40.0 0.9248251748 0.295154185 0.0372960373 0.2378854626
5.0 0.967948718 0.16629955940000002 0.0244755245 0.22246696030000002
0.0 0.39044289050000003 0.7136563876 0.06293706290000001 0.013215859100000001
26.0 0.4157925408 0.6299559472 0.0215617716 0.1497797357
26.0 0.39831002330000004 0.7929515418 0.0215617716 0.1409691629
40.0 0.4332750583 0.8997797357 0.0332167832 0.18281938320000002
2.0 0.48805361300000005 0.6960352423 0.033216783300000004 0.22466960360000002
40.0 0.5335081586 0.8149779736 0.0437062937 0.2290748899
9.0 0.5812937063 0.6883259911 0.0448717948 0.1784140969
10.0 0.6247086247 0.6927312775000001 0.022144522200000002 0.0286343612
14.0 0.6599650349 0.7136563876 0.0320512821 0.1453744493
4.0 0.7147435898000001 0.5936123348 0.055361305300000004 0.1519823788
11.0 0.7435897436000001 0.6718061674 0.0174825175 0.2995594714
18.0 0.7622377623000001 0.7048458150000001 0.034965034900000004 0.1894273128
5.0 0.8047785548 0.6938325992000001 0.025641025600000002 0.2246696035
