42.0 0.09613696220000001 0.1729106628 0.16944688330000002 0.2997118156
39.0 0.2010535558 0.4553314121 0.0509218613 0.1902017291
45.0 0.2585601404 0.49279538900000003 0.0605794557 0.08645533150000001
1.0 0.34986830560000004 0.4495677233 0.0746268657 0.09221902010000001
0.0 0.7142230026 0.5317002881 0.4784899034 0.1585014409
43.0 0.5882352941 0.2233429395 0.1703248464 0.3890489914
18.0 0.7151009658 0.3602305476 0.06409130810000001 0.1844380403
16.0 0.7844600527000001 0.43659942360000004 0.0658472344 0.2103746398
14.0 0.933713784 0.2780979827 0.12906057940000001 0.2680115274
43.0 0.5935030729 0.6412103746000001 0.1861281826 0.4236311239
14.0 0.7203687446 0.8371757925000001 0.0886742757 0.1873198848
18.0 0.8064091308 0.8631123919 0.0640913082 0.204610951
15.0 0.947761194 0.7752161383 0.0623353819 0.28818443800000004
