42.0 0.1335952849 0.4094076655 0.2554027505 0.519163763
41.0 0.0564833006 0.8170731707000001 0.0638506876 0.21254355400000002
45.0 0.11542239680000001 0.8658536586000001 0.0559921415 0.1428571429
18.0 0.1964636542 0.7804878048 0.0766208251 0.2020905923
7.0 0.6522593320000001 0.5034843206 0.6719056974000001 0.9790940767
10.0 0.5820235756000001 0.4965156794 0.0893909627 0.0871080139
21.0 0.6792730845 0.4930313589 0.07956778 0.4773519164
41.0 0.7829076621000001 0.5540069686 0.10412573680000001 0.3972125435
9.0 0.9027504912000001 0.5313588850000001 0.1001964637 0.3658536586
13.0 0.9778978389 0.5487804878 0.032416503 0.6167247386
