0.0 0.4974463738 0.4851116626 0.9540347293 0.0372208437
42.0 0.09499489280000001 0.2779156327 0.1307456589 0.1042183623
39.0 0.175689479 0.42928039700000004 0.028600612900000003 0.059553349900000004
45.0 0.2165474974 0.41439205960000003 0.0449438203 0.0694789081
17.0 0.2747701736 0.3846153846 0.0347293157 0.13895781640000002
9.0 0.31562819210000004 0.2754342432 0.028600612900000003 0.0893300248
19.0 0.4239019408 0.21464019850000002 0.0551583249 0.20595533500000002
12.0 0.5030643513 0.22208436720000002 0.08069458630000001 0.2059553349
14.0 0.5842696629 0.2171215881 0.075587334 0.1861042184
49.0 0.71092952 0.2915632754 0.08375893770000001 0.1364764268
39.0 0.8421859039 0.27915632760000003 0.0500510725 0.0769230769
14.0 0.9014300306 0.0967741936 0.0663942799 0.1538461539
42.0 0.2211440245 0.6848635236 0.1297242084 0.0992555831
39.0 0.3166496425 0.8647642680000001 0.0306435138 0.0570719603
45.0 0.3631256384 0.8610421836000001 0.0520939734 0.0794044665
14.0 0.4295199183 0.8263027296000001 0.0520939734 0.14888337470000002
9.0 0.4831460674 0.7133995037 0.0306435138 0.0967741936
7.0 0.6685393258 0.7605459057 0.1930541369 0.4739454094
40.0 0.7691521961000001 0.7679900744 0.026557712 0.1116625311
