42.0 0.1208791209 0.418429003 0.23736263740000002 0.39577039280000004
29.0 0.2928571428 0.6419939577 0.0538461539 0.3655589124
45.0 0.3472527472 0.6993957704 0.0681318681 0.0634441088
1.0 0.45439560440000004 0.6616314199000001 0.0934065934 0.1329305136
0.0 0.7912087912 0.5362537764 0.27472527480000003 0.0271903323
43.0 0.7368131868000001 0.1812688822 0.1637362638 0.3202416918
13.0 0.8626373626 0.3685800604 0.006593406600000001 0.2175226586
13.0 0.8758241758 0.3685800604 0.006593406600000001 0.2175226586
13.0 0.9439560440000001 0.19788519640000002 0.0087912088 0.2870090634
43.0 0.6901098901 0.750755287 0.1582417582 0.413897281
14.0 0.8406593406 0.8897280967000001 0.0483516483 0.166163142
20.0 0.8945054945 0.9063444108 0.050549450600000004 0.1752265861
13.0 0.9873626374000001 0.6963746224 0.009890109900000001 0.2870090635
