22.0 0.0516285516 0.31662269130000004 0.0796950797 0.147757256
42.0 0.2065142066 0.32981530340000004 0.1483021483 0.37994722950000004
33.0 0.3031878032 0.5791556728 0.025641025600000002 0.1292875989
45.0 0.3413028413 0.6240105541000001 0.0381150382 0.0659630607
35.0 0.3821898822 0.5646437995 0.0242550242 0.1372031662
0.0 0.7124047124 0.41424802110000003 0.5724185724 0.0263852242
2.0 0.48302148300000003 0.23878627970000002 0.0194040194 0.3245382586
33.0 0.524948025 0.2295514512 0.0381150381 0.1530343008
9.0 0.5661815662 0.18337730870000002 0.034650034600000004 0.092348285
10.0 0.6042966043 0.24274406340000002 0.0277200278 0.0263852243
15.0 0.6451836452 0.18205804750000001 0.034650034600000004 0.2110817942
35.0 0.6912681913000001 0.23350923480000002 0.0353430353 0.1978891821
5.0 0.7238392238 0.23878627970000002 0.018711018700000002 0.308707124
2.0 0.7487872488 0.2229551451 0.0242550242 0.30343007920000004
33.0 0.7851697852 0.2229551452 0.036036036 0.1451187335
9.0 0.8284823285 0.18337730870000002 0.0353430354 0.092348285
35.0 0.87006237 0.22559366760000002 0.0325710325 0.1873350923
5.0 0.904019404 0.23878627970000002 0.018711018700000002 0.308707124
7.0 0.5419265419 0.6833773087 0.1566181566 0.5224274406
39.0 0.6004851005 0.6715039578 0.0353430354 0.1398416886
9.0 0.6500346501 0.6147757256 0.0360360361 0.0949868074
10.0 0.6895356896 0.6728232190000001 0.0304920305 0.0263852242
21.0 0.7328482328 0.635883905 0.043659043700000004 0.2691292876
7.0 0.853083853 0.6939313984000001 0.1704781705 0.5224274406
23.0 0.9022869023000001 0.6833773087 0.036036036 0.1213720316
