42.0 0.10077519380000001 0.5552486188 0.180878553 0.364640884
23.0 0.0432816538 0.9060773481000001 0.0348837209 0.182320442
45.0 0.0904392764 0.9033149172 0.050387596900000005 0.0607734807
14.0 0.1501937984 0.8674033149 0.0432816537 0.1988950276
0.0 0.6262919897 0.6298342541 0.6854005168 0.0441988951
7.0 0.47125323 0.29005524860000004 0.3817829457 0.49171270720000004
18.0 0.4554263566 0.3494475138 0.0620155038 0.3674033149
9.0 0.5119509044 0.3825966851 0.0445736434 0.2348066298
14.0 0.5723514212 0.3660220994 0.0607235142 0.2955801105
23.0 0.6359819122 0.4060773481 0.0445736435 0.24309392270000002
9.0 0.680878553 0.4129834254 0.041343669300000004 0.24585635360000002
20.0 0.7315891472 0.3604972375 0.0549095607 0.2679558011
7.0 0.8488372093000001 0.3977900552 0.19509043920000002 0.5193370165
21.0 0.8824289406 0.3756906077 0.0387596899 0.2486187845
9.0 0.9299095607000001 0.4143646409 0.0355297158 0.20994475140000002
23.0 0.9664082688000001 0.42265193370000004 0.0310077519 0.20994475140000002
23.0 0.6824935401000001 0.7569060774 0.0432816537 0.2375690607
