42.0 0.0474110032 0.4103092783 0.0928802589 0.2268041237
39.0 0.101132686 0.4958762886 0.0210355987 0.1010309279
45.0 0.1279935275 0.4979381444 0.0300970874 0.0927835051
1.0 0.1640776699 0.4948453608 0.027831715200000003 0.10309278350000001
0.0 0.45501618120000004 0.41237113400000003 0.43171521030000004 0.08247422680000001
17.0 0.44498381880000004 0.2979381444 0.0239482201 0.1670103093
7.0 0.3328478964 0.7082474227000001 0.2119741101 0.5463917526000001
39.0 0.2959546926 0.6670103093 0.0223300971 0.10515463920000001
18.0 0.3194174757 0.5288659794 0.0310679612 0.17113402060000002
9.0 0.3537216828 0.6484536082 0.0187702265 0.1381443299
16.0 0.3792880259 0.6072164949000001 0.026537216800000003 0.1381443299
33.0 0.4042071198 0.6597938144000001 0.0116504855 0.0948453608
39.0 0.4229773463 0.6556701031000001 0.016828479 0.1072164948
9.0 0.44368932040000003 0.637113402 0.0181229774 0.1360824743
21.0 0.4689320388 0.6030927835000001 0.0252427185 0.1422680412
7.0 0.5631067961 0.6000000000000001 0.15663430420000002 0.40412371140000003
39.0 0.5488673139 0.6381443299 0.0181229774 0.10515463920000001
19.0 0.5679611651 0.5134020618 0.024595469300000002 0.1360824743
9.0 0.6004854369 0.6257731959 0.0177993528 0.1422680412
15.0 0.6258899676 0.6051546392 0.0252427185 0.1670103093
39.0 0.6427184466 0.6288659794 0.016181229800000002 0.1072164948
0.0 0.8147249191 0.3979381443 0.3245954692 0.08659793810000001
7.0 0.745631068 0.21855670100000002 0.14368932040000001 0.3835051547
39.0 0.7307443366 0.2443298969 0.0155339806 0.1010309278
14.0 0.7461165049 0.1329896907 0.013915857600000001 0.1587628866
9.0 0.7695792880000001 0.2206185567 0.016181229800000002 0.11546391760000001
15.0 0.7881877022 0.21030927840000002 0.0177993527 0.1443298969
33.0 0.8045307444 0.2474226804 0.0097087379 0.0907216495
39.0 0.8205501618000001 0.2350515464 0.014563106800000001 0.0907216495
9.0 0.8355987055 0.21443298970000002 0.013592233 0.1072164948
7.0 0.9088996764 0.1845360824 0.12265372170000001 0.33195876290000004
39.0 0.9012944984000001 0.237113402 0.016181229800000002 0.09484536090000001
17.0 0.9155339806 0.1298969072 0.017475728200000002 0.1484536082
9.0 0.9370550162 0.2206185567 0.0126213592 0.1195876288
15.0 0.9564724919 0.2072164948 0.0171521036 0.1422680413
39.0 0.9729773463 0.2381443298 0.013268608400000001 0.0969072165
7.0 0.7464401294 0.5958762886 0.1517799353 0.41237113410000004
39.0 0.7304207119 0.612371134 0.019417475700000002 0.10309278350000001
14.0 0.7448220065000001 0.5092783505 0.0158576052 0.1525773196
9.0 0.7663430421 0.5927835052 0.0155339806 0.1298969073
19.0 0.7901294498 0.5804123711 0.0262135923 0.1463917526
33.0 0.8084142395 0.6072164949000001 0.0097087378 0.0927835051
39.0 0.8250809062000001 0.593814433 0.0158576051 0.0907216495
9.0 0.8401294498 0.5804123712 0.0148867314 0.1216494845
7.0 0.9187702266000001 0.6051546392 0.1320388349 0.43917525770000004
39.0 0.9029126214000001 0.5886597938 0.013592233 0.0969072165
19.0 0.9207119742000001 0.47319587630000004 0.0213592233 0.1463917526
9.0 0.9475728155 0.5773195876 0.0148867314 0.1319587629
17.0 0.9665048544 0.5608247423 0.0197411003 0.1525773196
39.0 0.9844660194 0.5701030927 0.0155339806 0.0845360825
