42.0 0.081990794 0.44101123600000003 0.1478711162 0.4213483146
38.0 0.1933256616 0.7148876404000001 0.0448791715 0.1882022471
45.0 0.2376294592 0.7317415731 0.0241657077 0.0196629213
20.0 0.2804948216 0.691011236 0.0270425777 0.1966292135
9.0 0.3063866514 0.5084269663000001 0.0281933257 0.1292134832
0.0 0.7042577676 0.5379213483 0.5822784811 0.0421348314
14.0 0.47554660530000004 0.3202247191 0.0373993096 0.2415730338
9.0 0.5158227848 0.3511235955 0.0350978136 0.191011236
10.0 0.5494821634 0.3764044944 0.0195627158 0.022471910100000003
14.0 0.5819907940000001 0.32584269660000004 0.0339470656 0.2471910112
47.0 0.6936133487 0.37219101120000003 0.13636363640000002 0.2275280899
17.0 0.7977560414 0.19382022470000002 0.0247410817 0.20224719100000002
38.0 0.8754315305 0.334269663 0.0661680092 0.1966292135
50.0 0.4372842348 0.8342696629 0.1139240507 0.297752809
38.0 0.5747986191000001 0.8103932584 0.0713463752 0.2387640449
9.0 0.6265822785 0.786516854 0.0322209436 0.1797752809
38.0 0.6826812428 0.8089887640000001 0.0604142692 0.2359550561
48.0 0.7980437284 0.7935393259 0.0989643268 0.2949438203
19.0 0.8737054085 0.6376404494 0.0316455696 0.16292134830000002
38.0 0.9508055236 0.8089887640000001 0.0684695052 0.2359550561
