42.0 0.11004784690000001 0.5727848101 0.1454545454 0.2974683544
40.0 0.0770334928 0.8528481012 0.023923445 0.12974683550000002
45.0 0.10956937800000001 0.7848101266 0.0354066986 0.0759493671
14.0 0.15598086120000001 0.8196202532 0.0325358851 0.12025316450000001
0.0 0.6732057416 0.6408227848 0.6363636364 0.0537974684
44.0 0.5708133972 0.4082278481 0.2421052631 0.3037974684
20.0 0.7009569378 0.125 0.023923445 0.1234177216
40.0 0.8043062201000001 0.4382911392 0.041148325400000005 0.2183544303
14.0 0.3138755981 0.8196202532 0.057416268000000006 0.19620253170000002
9.0 0.4014354067 0.789556962 0.09665071780000001 0.30063291140000004
10.0 0.49425837320000005 0.7515822784 0.0679425838 0.0727848101
14.0 0.5755980862 0.8291139241000001 0.0641148325 0.20886075950000002
46.0 0.7540669856000001 0.7974683544000001 0.2105263157 0.2405063291
40.0 0.961722488 0.8781645570000001 0.0363636363 0.2246835443
