42.0 0.2057522124 0.22592592590000002 0.18495575220000002 0.42716049380000004
39.0 0.046017699100000004 0.8320987655000001 0.0530973452 0.1382716049
45.0 0.1092920354 0.8790123456000001 0.0699115044 0.06419753090000001
4.0 0.21725663720000002 0.6037037037 0.11238938050000001 0.274074074
11.0 0.3013274336 0.7345679012 0.050442477900000005 0.43209876550000004
18.0 0.35176991150000003 0.8098765432 0.0309734514 0.1679012346
10.0 0.3845132744 0.6617283951 0.0327433629 0.014814814800000001
0.0 0.7522123894 0.33333333330000003 0.47256637170000004 0.029629629600000002
47.0 0.6376106194000001 0.1283950617 0.2610619469 0.2271604938
39.0 0.8787610619 0.12962962960000002 0.0778761062 0.2444444445
0.0 0.7079646018 0.7283950617 0.403539823 0.0345679012
14.0 0.7185840708 0.5777777778000001 0.0495575222 0.16296296300000002
19.0 0.5349557522 0.8555555556000001 0.0522123894 0.22469135810000002
39.0 0.6035398230000001 0.8654320988 0.0601769912 0.1654320987
9.0 0.6734513274 0.8049382716 0.044247787600000005 0.13827160500000002
10.0 0.7230088496 0.8654320988 0.0407079646 0.0320987655
15.0 0.7765486726 0.8530864198 0.0486725664 0.1604938271
4.0 0.885840708 0.8913580247 0.0938053097 0.187654321
