42.0 0.0813891835 0.33374689820000003 0.1267232237 0.4243176179
40.0 0.1744432662 0.5669975186 0.032873807000000005 0.2506203474
45.0 0.22773064680000002 0.5148883375000001 0.0620360551 0.1364764268
15.0 0.27836691410000003 0.48883374690000003 0.0233297986 0.2084367246
0.0 0.3968716862 0.41066997520000004 0.1139978791 0.0322580645
14.0 0.3897136798 0.2928039702 0.0381760339 0.22332506200000002
40.0 0.3592258748 0.5930521092000001 0.033404029700000004 0.25806451610000003
9.0 0.3931601273 0.5086848636 0.0249204666 0.1439205955
15.0 0.4225874868 0.529776675 0.025450689300000003 0.21588089330000002
0.0 0.7224284199000001 0.41191067000000003 0.4501590668 0.034739454100000004
15.0 0.6458112408000001 0.1786600496 0.025450689300000003 0.2282878412
9.0 0.6725874867 0.1612903226 0.021739130500000002 0.1439205955
21.0 0.7073170732 0.1687344913 0.0307529162 0.24317617860000001
40.0 0.7452279958 0.24317617860000001 0.0376458113 0.2531017369
9.0 0.7783669141 0.17617866000000001 0.027571580000000002 0.1637717121
17.0 0.8120360552 0.11786600500000001 0.0365853659 0.1315136477
18.0 0.48064687170000003 0.6141439206 0.0196182396 0.1960297766
7.0 0.5880169671000001 0.6985111662 0.1802757158 0.5235732009
40.0 0.6073700954 0.7506203474 0.033404029700000004 0.2903225806
9.0 0.6418345705 0.641439206 0.025980912000000002 0.1464019851
15.0 0.6678154825 0.6488833746 0.0227995758 0.21588089330000002
2.0 0.7020148462 0.6451612903 0.0307529162 0.2481389578
19.0 0.7364793213 0.6339950372000001 0.027571580000000002 0.17617866000000001
9.0 0.7685577943 0.6401985112 0.0249204666 0.1439205955
7.0 0.8801696712 0.6451612904 0.1834570519 0.4416873449
40.0 0.8958112408000001 0.7357320099 0.033404029700000004 0.270471464
9.0 0.9286850477 0.6488833747 0.0238600212 0.15632754340000002
18.0 0.9610286320000001 0.6091811414 0.025980912000000002 0.1910669975
5.0 0.9838282078 0.7034739454000001 0.0206786851 0.2754342432
