42.0 0.0375521558 0.35387323940000004 0.07417709780000001 0.3697183099
35.0 0.1196105702 0.8362676056 0.029670839100000002 0.17253521130000002
45.0 0.1488178025 0.8732394366 0.022253129400000002 0.1197183098
4.0 0.2060732499 0.5985915492 0.06536856740000001 0.40140845070000003
11.0 0.26356050070000003 0.6936619718 0.0356977284 0.4929577465
16.0 0.2821047752 0.8697183098 0.021789522500000002 0.2464788733
48.0 0.3704218822 0.3345070422 0.1001390821 0.4225352113
16.0 0.44714881780000004 0.1954225352 0.0190078814 0.24295774650000002
35.0 0.5208623087 0.3873239436 0.0625869263 0.3661971831
9.0 0.5934167826 0.3908450704 0.0445062587 0.323943662
47.0 0.7311080204 0.40316901400000005 0.1798794622 0.3485915493
15.0 0.8435326843000001 0.1461267605 0.0347705146 0.22887323950000002
35.0 0.9399629114 0.33274647890000003 0.08205841450000001 0.3697183099
