42.0 0.14559659090000002 0.49423076920000003 0.2542613636 0.3423076923
25.0 0.3245738636 0.7942307692 0.0440340909 0.1346153846
45.0 0.38352272730000003 0.7557692307 0.0596590909 0.1115384615
1.0 0.4744318182 0.723076923 0.0767045454 0.09230769230000001
0.0 0.875 0.5096153846 0.24715909100000003 0.026923076900000002
20.0 0.7443181818 0.33846153840000004 0.0653409091 0.23076923070000002
25.0 0.8252840909 0.3653846154 0.0568181818 0.16923076920000002
12.0 0.8806818182 0.1153846154 0.034090909100000004 0.16923076920000002
17.0 0.703125 0.8519230769 0.0710227272 0.1884615385
3.0 0.7691761364 0.7942307692 0.0213068182 0.2961538461
25.0 0.8210227273 0.8634615384000001 0.0568181818 0.1807692307
19.0 0.8856534091 0.6384615385 0.046875 0.2
6.0 0.9453125 0.7923076924 0.012784091000000001 0.29230769230000003
