42.0 0.1169916434 0.3037037037 0.1894150417 0.4098765432
29.0 0.21727019500000003 0.5024691358 0.0204271124 0.1209876544
45.0 0.2576601671 0.5320987654 0.0399257196 0.0617283951
1.0 0.3166202414 0.525925926 0.040854224700000004 0.0691358025
0.0 0.5459610028 0.49753086420000003 0.37883008360000003 0.1703703704
43.0 0.5236768802 0.28024691360000004 0.1188486537 0.412345679
13.0 0.5951717734 0.3938271605 0.0204271123 0.1160493828
13.0 0.6072423398 0.41111111110000004 0.0148560817 0.1358024692
29.0 0.677808728 0.27654320990000003 0.0259981429 0.1481481482
43.0 0.4846796658 0.6716049383 0.12070566390000001 0.4098765432
13.0 0.5589600743 0.8074074074 0.0222841226 0.1432098766
21.0 0.5789229340000001 0.8185185186 0.0250696379 0.13580246910000002
18.0 0.6662024141 0.6728395062 0.0473537604 0.1111111111
0.0 0.8523676880000001 0.6160493828 0.2339832869 0.1012345679
43.0 0.8203342618 0.38271604940000004 0.09563602600000001 0.35061728400000003
13.0 0.8918291551 0.5185185186 0.0157845868 0.1135802469
12.0 0.9155060353000001 0.5432098766 0.035283194000000004 0.09876543210000001
13.0 0.9860724234 0.4012345679 0.0241411328 0.1604938272
43.0 0.7901578458 0.7925925926 0.10027855150000001 0.4
16.0 0.8672237697 0.9061728395 0.0241411328 0.12839506180000002
19.0 0.9015784586000001 0.924691358 0.040854224700000004 0.1012345679
29.0 0.9758588672 0.7777777777 0.0222841226 0.1382716049
