42.0 0.1214896215 0.5270700637 0.2356532356 0.25796178340000003
39.0 0.0286935286 0.9363057324 0.0402930403 0.1146496815
45.0 0.0891330892 0.9203821656000001 0.0659340659 0.0700636942
16.0 0.1666666667 0.923566879 0.057387057400000004 0.1401273885
9.0 0.2081807082 0.703821656 0.025641025600000002 0.0891719745
27.0 0.35958485960000003 0.5191082802 0.0671550672 0.22929936310000001
49.0 0.4536019536 0.25796178340000003 0.0842490842 0.1273885351
2.0 0.5512820513000001 0.2261146497 0.023199023200000002 0.152866242
14.0 0.6031746032 0.2547770701 0.061050061100000004 0.1337579618
9.0 0.6452991453 0.2388535032 0.023199023200000002 0.076433121
39.0 0.6874236874 0.275477707 0.0341880342 0.1114649682
48.0 0.7759462759 0.0700636943 0.11599511600000001 0.1337579618
39.0 0.9041514042000001 0.07484076440000001 0.0402930403 0.1114649681
5.0 0.9627594628 0.2404458599 0.035409035400000004 0.1815286624
