42.0 0.11010830320000001 0.41418764300000005 0.2033694345 0.3157894737
36.0 0.0367027678 0.7505720823 0.034897713500000004 0.0778032037
45.0 0.0866425992 0.7105263158 0.0673886883 0.066361556
14.0 0.1642599278 0.6922196796 0.0589651022 0.1350114417
9.0 0.20758122750000002 0.5640732265 0.044524669100000004 0.0892448513
0.0 0.5306859206 0.3867276888 0.642599278 0.109839817
36.0 0.5427196149 0.27803203660000003 0.0697954272 0.1304347826
10.0 0.6089049338 0.22425629290000001 0.0457280385 0.0274599542
17.0 0.7057761733 0.1864988558 0.0926594464 0.3455377575
7.0 0.6305655836 0.6395881006 0.5559566787 0.6109839817
36.0 0.6762936222 0.7505720824000001 0.07460890490000001 0.1693363844
14.0 0.7460890494 0.5846681922 0.0673886883 0.15789473680000002
10.0 0.8357400722 0.6659038902000001 0.0589651022 0.0320366133
18.0 0.9271961492 0.5972540046 0.1046931408 0.3249427918
