42.0 0.1002269289 0.5718954248 0.1732223904 0.4183006536
36.0 0.21406959150000002 0.8921568628000001 0.034795764 0.1568627451
45.0 0.2594553706 0.8725490196000001 0.0468986385 0.07843137260000001
21.0 0.3188350984 0.818627451 0.0310136157 0.23856209150000002
9.0 0.3570347958 0.6601307190000001 0.034795764 0.1633986929
27.0 0.4659606656 0.6388888889000001 0.0559757943 0.251633987
49.0 0.5200453858 0.4232026144 0.0461422088 0.18627450980000002
2.0 0.6130862330000001 0.3905228758 0.0658093797 0.3104575164
13.0 0.6524205749 0.3905228758 0.011346444800000001 0.2581699346
9.0 0.6785173979 0.4003267974 0.034795764 0.1535947712
36.0 0.7182299546 0.43627450980000004 0.037065053 0.160130719
50.0 0.8063540090000001 0.2565359477 0.13161875950000002 0.2320261438
36.0 0.9198184568000001 0.2222222222 0.0302571861 0.1437908497
5.0 0.9746596066000001 0.40196078430000004 0.0355521937 0.29411764700000004
