42.0 0.0837026096 0.4059139785 0.0856720827 0.2849462366
34.0 0.012555391400000001 0.7916666667000001 0.0182176268 0.11021505370000001
45.0 0.0366814378 0.8172043011 0.024126046300000002 0.0752688172
0.0 0.0713934022 0.8387096774 0.0275726243 0.0268817204
4.0 0.0871491876 0.7392473118 0.0295420975 0.1397849462
14.0 0.0839487936 0.9112903226 0.0231413097 0.1397849462
10.0 0.1324470704 0.6330645161 0.013786312200000001 0.0134408602
0.0 0.5881339242 0.5752688172 0.8227474151 0.1344086022
44.0 0.2774495322 0.25 0.1639586411 0.2204301076
19.0 0.37198424420000004 0.0913978495 0.025110782800000002 0.1505376344
34.0 0.4276218612 0.2190860215 0.034958148700000004 0.1747311828
2.0 0.47291974400000003 0.252688172 0.0329886755 0.4247311828
20.0 0.515263417 0.18817204310000002 0.0457902511 0.2688172043
34.0 0.5588380108000001 0.2365591398 0.040374199900000005 0.1989247312
9.0 0.6129985229 0.2379032258 0.054160512 0.1962365592
2.0 0.6669128508000001 0.2755376344 0.034958148700000004 0.438172043
14.0 0.7102412605 0.21505376340000001 0.052683407200000004 0.27956989250000003
4.0 0.7946824224 0.31182795700000004 0.07779419010000001 0.3225806452
5.0 0.89192516 0.2849462366 0.0369276219 0.46774193550000004
14.0 0.925652388 0.1048387097 0.0265878878 0.1720430108
5.0 0.9699655342000001 0.313172043 0.0374199902 0.5349462366000001
14.0 0.5556376169 0.7123655914 0.0467749877 0.3010752688
