42.0 0.1483451537 0.366554054 0.2706855792 0.5641891891
37.0 0.3516548464 0.6452702702 0.0531914893 0.1756756757
45.0 0.426713948 0.6587837838 0.0803782506 0.0878378378
10.0 0.4929078014 0.6351351352 0.023640662 0.013513513500000001
1.0 0.5898345154 0.6081081081 0.0709219858 0.1081081081
0.0 0.8386524822 0.4831081082 0.30851063830000003 0.0472972973
19.0 0.7547281324 0.2668918919 0.0508274232 0.22297297300000002
18.0 0.8297872340000001 0.3125 0.0780141844 0.3074324324
37.0 0.9024822695 0.3260135136 0.0555555556 0.1722972973
21.0 0.9533096927 0.1756756757 0.046099290800000005 0.1891891892
15.0 0.7795508274 0.6841216216 0.0531914894 0.2195945946
3.0 0.8185579196 0.7668918919000001 0.0106382979 0.4594594594
37.0 0.8593380614 0.7483108108000001 0.0591016549 0.1993243244
18.0 0.9166666666000001 0.6047297298000001 0.0579196217 0.20270270270000001
6.0 0.9609929078 0.7618243243 0.0070921986 0.4425675676
