42.0 0.21712328760000002 0.4881516588 0.2315068493 0.1327014218
40.0 0.0520547946 0.6907582938 0.0520547945 0.1492890995
45.0 0.1356164384 0.6315165876000001 0.0739726027 0.0781990521
10.0 0.21780821920000001 0.6220379147 0.0356164384 0.016587677800000002
1.0 0.3280821917 0.6125592417 0.0726027397 0.0592417062
0.0 0.7178082192 0.5177725118000001 0.4164383562 0.030805687300000002
13.0 0.5561643836 0.26895734600000004 0.0684931507 0.1682464455
21.0 0.6760273972 0.22748815160000002 0.0972602739 0.1658767773
40.0 0.795890411 0.3909952607 0.1095890411 0.2559241706
19.0 0.9342465754 0.0853080569 0.10410958910000001 0.1327014218
13.0 0.5582191781 0.7334123222000001 0.0671232877 0.1682464455
3.0 0.6404109589 0.720379147 0.023287671200000002 0.1990521327
40.0 0.7226027398 0.8661137440000001 0.10821917810000001 0.2582938389
21.0 0.8363013698 0.6101895734 0.0753424657 0.1492890995
6.0 0.9301369863000001 0.75 0.027397260200000002 0.210900474
