42.0 0.1538849646 0.26901408450000003 0.3057517659 0.4422535212
28.0 0.0580221998 0.5957746478 0.06559031280000001 0.23943661970000002
45.0 0.1392532795 0.5746478873 0.072653885 0.12957746480000001
1.0 0.2235116044 0.5464788732 0.0696266397 0.061971831000000005
0.0 0.6977800202000001 0.4436619718 0.5963673058 0.1267605634
17.0 0.6604439959 0.1788732394 0.0635721493 0.2281690141
28.0 0.7361251261 0.27746478880000003 0.0776992937 0.3464788733
18.0 0.8042381433 0.0901408451 0.0403632694 0.13521126760000002
14.0 0.4450050454 0.5394366197 0.0867810292 0.27887323940000003
28.0 0.5474268416 0.6690140845 0.0837537841 0.3183098592
14.0 0.6326942482 0.5225352112 0.0464177599 0.1661971831
9.0 0.7119071644 0.6422535212 0.0797174571 0.1746478873
12.0 0.8057517659000001 0.6084507042 0.0716448032 0.276056338
3.0 0.8506559031 0.7056338028 0.0080726539 0.34647887320000004
28.0 0.8925327952000001 0.7098591550000001 0.061553985900000004 0.2929577465
21.0 0.9571140262000001 0.5647887324 0.031281533800000004 0.1267605634
6.0 0.9909182644000001 0.7183098592 0.0080726539 0.32676056330000003
