0.0 0.500761035 0.8170289855 0.99391172 0.0579710145
27.0 0.0388127854 0.7210144928000001 0.0669710806 0.0833333333
42.0 0.1544901066 0.26177536230000004 0.1476407915 0.2445652174
25.0 0.0955098934 0.43206521740000003 0.0342465753 0.06340579710000001
45.0 0.155631659 0.43115942030000004 0.0631659057 0.036231884
21.0 0.2104261796 0.4248188405 0.0190258752 0.07427536230000001
0.0 0.3622526636 0.3106884058 0.1719939117 0.019927536200000002
26.0 0.37024353120000003 0.1793478261 0.0646879756 0.2173913044
26.0 0.3318112634 0.4474637681 0.0700152207 0.231884058
25.0 0.4067732116 0.48550724640000004 0.0707762557 0.1014492754
49.0 0.5563165906 0.2844202898 0.0837138509 0.2137681159
2.0 0.6841704718 0.2780797102 0.0608828006 0.28079710150000003
19.0 0.7184170472 0.28170289860000003 0.0350076104 0.125
9.0 0.7697869102 0.2644927536 0.0494672754 0.1594202899
17.0 0.8382800609000001 0.27173913040000003 0.047945205500000004 0.1557971015
25.0 0.9060121766 0.3061594203 0.0722983257 0.1195652174
5.0 0.9638508371000001 0.2762681159 0.0190258752 0.2518115942
15.0 0.44863013700000004 0.9402173913 0.0296803653 0.115942029
27.0 0.5079908676 0.9438405797 0.0662100457 0.0833333334
13.0 0.548325723 0.8378623189000001 0.0083713851 0.08514492750000001
