42.0 0.07168587900000001 0.3696296296 0.12175792510000001 0.1585185185
36.0 0.0280979827 0.5533333334 0.0273775216 0.0518518519
45.0 0.07168587900000001 0.5511111111 0.0554755043 0.0533333334
1.0 0.128242075 0.5311111111 0.0389048991 0.060740740800000005
0.0 0.4582132564 0.44296296300000004 0.39481268010000004 0.0385185185
19.0 0.2510806916 0.2948148148 0.0511527377 0.16
49.0 0.3641930836 0.2851851852 0.0943804035 0.1585185185
36.0 0.48451008640000004 0.34 0.0468299711 0.1051851852
21.0 0.5280979827 0.2051851852 0.0259365994 0.0844444444
19.0 0.5810518732000001 0.2303703704 0.0554755044 0.1674074074
11.0 0.5893371758 0.2881481482 0.0288184438 0.25037037030000003
36.0 0.6480547550000001 0.3414814815 0.0540345821 0.0903703704
0.0 0.4268731988 0.6696296296 0.2543227665 0.023703703700000002
16.0 0.4441642652 0.5688888889 0.0353025937 0.13037037040000002
15.0 0.3551873199 0.7733333334 0.037463977 0.1392592593
7.0 0.4470461095 0.8251851852000001 0.13616714700000002 0.3111111111
39.0 0.5309798271 0.8148148148000001 0.0389048992 0.08
0.0 0.8591498559 0.4333333333 0.21974063400000002 0.0251851852
20.0 0.7431556196 0.1555555556 0.0396253602 0.1866666667
7.0 0.8685158502 0.1977777778 0.2053314121 0.3837037037
39.0 0.9524495678 0.22 0.0489913545 0.11407407400000001
21.0 0.7445965418 0.6000000000000001 0.0468299712 0.1777777778
7.0 0.882204611 0.6748148148 0.2211815561 0.4488888889
39.0 0.9589337176 0.662962963 0.0547550432 0.13481481480000002
