0.0 0.5335603113 0.4364508394 0.9289883268 0.0191846523
42.0 0.0802529183 0.2386091128 0.1410505836 0.17985611510000002
29.0 0.1819066148 0.3633093525 0.0428015564 0.0887290168
45.0 0.2383268482 0.35971223020000004 0.050583657500000004 0.0479616307
15.0 0.2986381323 0.36211031180000003 0.0369649806 0.11031175060000001
9.0 0.33073929960000004 0.2014388489 0.023346303500000002 0.067146283
0.0 0.4927042802 0.2110311751 0.08463035020000001 0.0143884892
26.0 0.47957198440000004 0.1426858513 0.0350194553 0.1270983214
26.0 0.45184824900000004 0.2805755395 0.034046692600000004 0.1199040767
29.0 0.4922178988 0.30695443640000003 0.0428015564 0.1007194245
16.0 0.5821984436000001 0.1954436451 0.0554474708 0.1270983214
12.0 0.6410505836 0.19784172660000002 0.0350194553 0.1462829736
19.0 0.6838521401000001 0.2182254197 0.050583657600000005 0.13908872900000002
49.0 0.7947470817000001 0.2098321343 0.0778210116 0.1414868106
29.0 0.9168287938 0.22422062350000002 0.059338521400000004 0.1414868106
17.0 0.9756809339 0.0683453237 0.0408560311 0.0935251799
42.0 0.19260700390000002 0.6774580336 0.14007782100000002 0.1558752998
29.0 0.29134241250000004 0.8369304556 0.037937743100000004 0.11031175060000001
45.0 0.3521400778 0.8189448442 0.050583657600000005 0.055155875300000004
17.0 0.4119649805 0.8177458034 0.0398832685 0.0959232614
9.0 0.4484435798 0.654676259 0.023346303500000002 0.067146283
0.0 0.608463035 0.6714628298 0.10408560310000001 0.0191846523
26.0 0.5958171206 0.5959232614000001 0.034046692600000004 0.1270983214
26.0 0.5700389105 0.7374100719000001 0.03307393 0.1175059952
29.0 0.6108949416 0.7661870504 0.0428015564 0.1079136691
7.0 0.8025291829000001 0.7086330936 0.22762645920000002 0.4724220623
40.0 0.875 0.7494004796 0.057392996200000004 0.2134292566
