33.0 0.0324825986 0.49 0.040216550600000005 0.34
22.0 0.0897138438 0.438 0.0541376643 0.132
42.0 0.2455529776 0.428 0.1600928074 0.376
39.0 0.3700696056 0.866 0.0440835267 0.268
45.0 0.4245939675 0.84 0.06341840680000001 0.20800000000000002
14.0 0.4880123744 0.796 0.0402165507 0.368
9.0 0.5421500386 0.552 0.0448569219 0.336
3.0 0.6426914153000001 0.422 0.0247486466 0.668
49.0 0.7602474864000001 0.456 0.1191028615 0.40800000000000003
39.0 0.8909512761 0.458 0.0541376644 0.356
6.0 0.9497293117000001 0.448 0.0371229698 0.704
39.0 0.9791183294 0.14 0.0402165507 0.256
