42.0 0.0815579228 0.3091133004 0.155126498 0.3669950739
39.0 0.19940079900000002 0.592364532 0.0339547271 0.1600985222
45.0 0.2300266312 0.6256157636 0.0339547271 0.0935960591
14.0 0.27629826900000004 0.5751231527 0.029294274300000003 0.1650246306
0.0 0.4260985353 0.4359605912 0.138482024 0.0197044335
15.0 0.43874833560000004 0.2918719212 0.0492676431 0.2389162562
39.0 0.3715046604 0.5935960591 0.0386151797 0.236453202
9.0 0.4167776298 0.5554187192 0.0412782956 0.1699507389
18.0 0.4843541944 0.5504926108 0.06591211720000001 0.1945812808
0.0 0.7726364846 0.4593596059 0.44007989350000004 0.051724138
18.0 0.5922103862 0.24753694580000002 0.0592543275 0.2093596059
9.0 0.6581225034 0.2438423646 0.0459387483 0.17241379310000002
14.0 0.7130492676 0.23275862060000002 0.0426098535 0.2093596059
7.0 0.8545272969000001 0.22783251240000002 0.24167776300000002 0.44088669950000003
39.0 0.8671770972 0.25246305420000004 0.035286285 0.1995073892
9.0 0.9187749668 0.2290640394 0.046604527300000004 0.1527093596
14.0 0.9680426098 0.2253694581 0.0372836219 0.1995073892
15.0 0.6394806924 0.7192118226 0.0419440746 0.2512315271
7.0 0.7886151798000001 0.7327586207 0.24034620510000002 0.5049261084000001
39.0 0.8112516645000001 0.7155172413 0.044607190500000005 0.2093596059
9.0 0.8515312916000001 0.7044334976000001 0.0412782956 0.1773399015
15.0 0.9061251664000001 0.7192118226 0.0412782956 0.2512315271
