42.0 0.1137254902 0.2743467934 0.21764705880000002 0.3539192399
29.0 0.0205882353 0.5593824228000001 0.0352941176 0.1733966746
45.0 0.056372549 0.6104513064 0.0460784314 0.1045130642
0.0 0.1534313726 0.6294536817 0.0794117647 0.033254156800000004
4.0 0.1573529411 0.5368171022 0.0696078431 0.1757719715
15.0 0.1602941176 0.7517814727000001 0.05 0.18764845600000002
0.0 0.6205882352000001 0.4121140143 0.7568627451000001 0.1496437055
47.0 0.5553921568 0.2600950119 0.2480392157 0.2541567696
29.0 0.7960784314 0.22565320660000002 0.0705882353 0.3420427553
19.0 0.3490196078 0.5866983373 0.0705882353 0.2850356294
29.0 0.4117647058 0.5724465558 0.0607843137 0.32304038
9.0 0.5034313726 0.606888361 0.0833333333 0.216152019
10.0 0.6058823529 0.6425178148 0.0843137255 0.0308788599
14.0 0.7029411765 0.635391924 0.0823529412 0.3824228028
4.0 0.8828431372000001 0.7672209026 0.15784313730000002 0.38004750600000003
