42.0 0.0821508589 0.38439306360000003 0.1628080657 0.3930635838
35.0 0.1934279313 0.6199421966 0.0358476475 0.14161849710000002
45.0 0.24495892460000002 0.671965318 0.0463032113 0.08959537570000001
1.0 0.2994772218 0.6199421966 0.0403286034 0.09537572250000001
0.0 0.5336071695 0.4768786128 0.24122479460000001 0.0289017341
43.0 0.4555638536 0.2182080924 0.11650485440000001 0.4190751445
14.0 0.5399551904000001 0.33959537570000004 0.0209111277 0.1011560694
15.0 0.5623599701 0.3121387284 0.0209111277 0.09248554910000001
35.0 0.6415235250000001 0.1661849711 0.0552651232 0.21676300580000002
43.0 0.46751306940000004 0.7138728324 0.1105302465 0.43930635840000004
14.0 0.5545182972 0.8020231214 0.0186706497 0.0953757226
16.0 0.5761762509 0.8078034682 0.0141896938 0.13583815030000002
18.0 0.6385362211000001 0.6286127168 0.0283793876 0.1647398844
0.0 0.858476475 0.4725433526 0.2233009709 0.0202312138
43.0 0.8043315907 0.19508670520000002 0.12098581030000001 0.3786127168
14.0 0.8846153846 0.34682080930000003 0.0186706498 0.1040462427
16.0 0.9070201643 0.3554913295 0.0156833458 0.1502890174
16.0 0.9652725914 0.1994219654 0.0201643017 0.1907514451
43.0 0.787154593 0.7312138728 0.1299477222 0.4682080925
19.0 0.8678117998 0.7832369942 0.0313666915 0.098265896
12.0 0.8909634055000001 0.8106936416 0.0164301718 0.10693641620000001
35.0 0.9705003734000001 0.6387283237 0.0545182972 0.21387283240000002
