42.0 0.14476495720000002 0.5047619048 0.2019230769 0.27619047620000003
36.0 0.0229700854 0.9 0.0352564103 0.1428571428
45.0 0.0737179488 0.8214285714 0.0576923077 0.0714285714
10.0 0.1372863248 0.8595238095000001 0.0224358974 0.0238095238
1.0 0.2366452991 0.7642857143 0.077991453 0.1476190476
27.0 0.38141025640000004 0.5 0.0683760684 0.22857142860000002
36.0 0.4358974359 0.1 0.02991453 0.1714285714
46.0 0.6517094017 0.5 0.2371794872 0.380952381
36.0 0.8504273504000001 0.5380952381 0.0384615385 0.2
9.0 0.9332264958 0.4428571429 0.0801282051 0.3238095238
13.0 0.9898504274000001 0.5095238096 0.0138888889 0.2666666667
