42.0 0.14316702820000002 0.5186846038 0.1182212582 0.23617339310000002
28.0 0.0219631237 0.9050822122000001 0.0395878525 0.17488789230000001
45.0 0.07131236440000001 0.8744394618 0.0547722343 0.0687593423
4.0 0.1564533622 0.697309417 0.0959869849 0.15097159940000002
11.0 0.2448481562 0.7668161435 0.0395878525 0.30194319880000003
14.0 0.2912147506 0.7698056801000001 0.0444685467 0.1195814649
0.0 0.6702819956 0.3617339312 0.6594360087000001 0.22720478330000002
17.0 0.3695770065 0.3011958146 0.0471800434 0.2137518685
47.0 0.4850867679 0.3423019432 0.1306941432 0.1913303438
19.0 0.5794468546 0.1479820628 0.024403470700000002 0.1225710015
28.0 0.6445227766 0.2615844544 0.0385032538 0.182361734
9.0 0.682483731 0.19656203290000002 0.033080260300000004 0.0792227205
17.0 0.7245119306000001 0.1988041854 0.0422993492 0.1973094171
44.0 0.8392082430000001 0.192077728 0.1306941431 0.1629297459
16.0 0.8999457701 0.0687593423 0.0211496746 0.1285500748
28.0 0.9539045553000001 0.1808669656 0.0281995662 0.18834080720000002
14.0 0.6979392624 0.42750373690000004 0.0477223427 0.1405082212
