42.0 0.0847107438 0.5653594772 0.1578512396 0.4248366013
24.0 0.188429752 0.7745098039 0.0214876033 0.18300653600000003
45.0 0.2219008264 0.7924836602 0.038842975200000004 0.0882352941
0.0 0.2946280992 0.7990196078 0.0438016529 0.0424836601
4.0 0.29669421490000003 0.6764705882000001 0.0330578512 0.1307189543
15.0 0.2987603306 0.8937908497 0.0223140496 0.1535947712
0.0 0.7037190082 0.4983660131 0.5925619835 0.19934640520000002
47.0 0.4785123967 0.3660130719 0.11074380160000001 0.2156862746
20.0 0.5665289256 0.1781045752 0.0305785124 0.1601307189
24.0 0.6384297520000001 0.3251633986 0.0256198347 0.23856209150000002
9.0 0.6743801653 0.339869281 0.0363636364 0.2091503268
50.0 0.7892561984 0.29575163400000004 0.1173553719 0.2320261438
21.0 0.8623966942 0.10620915040000001 0.0223140496 0.14705882350000002
24.0 0.929338843 0.2434640523 0.0289256198 0.20588235300000002
14.0 0.691322314 0.5915032680000001 0.0388429753 0.20261437910000002
