42.0 0.0635276532 0.25 0.1240657698 0.4391891892
35.0 0.1357747882 0.5320945946 0.0343796711 0.2466216216
45.0 0.17314399600000002 0.6858108108000001 0.0393622322 0.16216216220000002
0.0 0.2366716492 0.6976351351 0.0279023418 0.030405405400000002
4.0 0.2301943199 0.5861486486 0.032884902800000004 0.1993243243
16.0 0.23044344800000002 0.8310810811 0.0204285003 0.2162162162
48.0 0.3520179372 0.3952702703 0.1071250623 0.4189189189
16.0 0.45241654210000004 0.3091216216 0.028898854 0.28040540540000003
35.0 0.5308918785 0.48310810810000004 0.0513203787 0.38513513520000003
9.0 0.5931738914 0.5709459459 0.0592924763 0.25
47.0 0.7414050822 0.7010135135000001 0.1893373194 0.4966216216
19.0 0.8781763826000001 0.5168918919000001 0.0473343299 0.304054054
35.0 0.9686098655000001 0.7060810811 0.057797708 0.40540540540000003
