42.0 0.08014440440000001 0.439935065 0.1386281589 0.4253246753
39.0 0.1823104694 0.6866883116 0.036823104700000005 0.1590909091
45.0 0.2321299639 0.7159090909 0.0599277978 0.1266233766
13.0 0.2703971119 0.6542207792 0.0079422382 0.2694805195
9.0 0.2913357401 0.4902597402 0.028158844800000003 0.1363636363
0.0 0.6891696751 0.5194805195000001 0.6086642600000001 0.0584415584
21.0 0.49205776170000004 0.2824675324 0.038267148 0.3116883117
9.0 0.5321299639 0.35389610390000004 0.040433213 0.2272727272
10.0 0.5642599278 0.3295454546 0.0194945848 0.0292207793
18.0 0.5989169675 0.2613636364 0.038267148 0.4058441559
48.0 0.697833935 0.301948052 0.1061371841 0.2857142857
14.0 0.7815884476 0.1185064935 0.036823104700000005 0.23051948060000002
39.0 0.8559566788 0.3116883116 0.0440433213 0.2142857143
48.0 0.4303249098 0.7873376624 0.0967509025 0.3019480519
39.0 0.5584837545 0.8262987013 0.0541516246 0.2694805194
9.0 0.5981949458 0.8116883117 0.036823104700000005 0.20779220780000002
39.0 0.6498194946 0.8181818182 0.0490974729 0.2597402598
47.0 0.7570397112 0.8279220779 0.1176895307 0.2532467532
15.0 0.8613718412 0.637987013 0.0389891697 0.237012987
39.0 0.9429602888 0.8003246753000001 0.0418772564 0.237012987
