42.0 0.0473225404 0.3841642229 0.0880033209 0.3519061584
30.0 0.1129099211 0.6348973607 0.0240763802 0.24340175960000002
45.0 0.1398920714 0.6832844574 0.0265670402 0.1290322581
16.0 0.16313823160000002 0.6363636364 0.0174346202 0.1818181818
9.0 0.1811955168 0.564516129 0.0145288502 0.0909090909
0.0 0.6199667912 0.5615835777 0.7575757576000001 0.1319648094
10.0 0.4095060191 0.39002932560000003 0.0170195102 0.0175953079
21.0 0.4337899543 0.2595307918 0.0224159402 0.2609970674
50.0 0.49854711500000004 0.2404692082 0.0788709008 0.2815249267
30.0 0.5931921959 0.2346041056 0.0323785803 0.29325513200000003
47.0 0.6760066418 0.3079178886 0.100041511 0.2521994135
13.0 0.7357824824 0.11143695020000001 0.0070568701 0.1935483871
30.0 0.7739726028 0.2360703812 0.029472810300000003 0.2961876833
50.0 0.2822748028 0.7419354839000001 0.09547530100000001 0.29912023460000003
14.0 0.3416355334 0.6217008798 0.020755500200000002 0.2170087977
30.0 0.393939394 0.724340176 0.0315483603 0.2932551319
9.0 0.4213366542 0.9061583578 0.0199252802 0.1290322581
2.0 0.44375259440000003 0.8401759531 0.0190950602 0.2551319648
18.0 0.4705271897 0.724340176 0.0253217102 0.2521994135
30.0 0.5039435451000001 0.7287390029 0.0315483603 0.27859237540000004
47.0 0.5904939809 0.8137829912000001 0.10336239100000001 0.27272727280000003
30.0 0.6726857617 0.7316715543000001 0.0286425903 0.3020527859
9.0 0.700913242 0.8988269794 0.0170195102 0.1202346041
18.0 0.7256122872 0.7082111437 0.0215857203 0.23167155420000002
5.0 0.7540473226000001 0.8225806452000001 0.0153590701 0.3372434017
47.0 0.8356164384 0.8035190616000001 0.10792860110000001 0.25806451610000003
18.0 0.8941469489 0.6187683284000001 0.0190950602 0.18181818190000001
30.0 0.9437525944 0.7140762464 0.031133250300000002 0.27859237530000003
