42.0 0.1014735432 0.3532338309 0.1480241126 0.4179104477
24.0 0.0154052244 0.8358208955 0.029470864000000003 0.1741293532
45.0 0.07133288680000001 0.8358208955 0.07702612190000001 0.1393034826
21.0 0.15003348960000001 0.8022388060000001 0.038847957100000004 0.1865671642
9.0 0.1945746818 0.6355721393 0.039517749500000005 0.1666666666
0.0 0.6208975218 0.4402985075 0.6430006698 0.049751243800000004
0.0 0.6553918286 0.2524875622 0.039517749500000005 0.012437811
18.0 0.6594105827 0.1243781094 0.0341594106 0.17910447770000001
24.0 0.6651038178 0.35323383080000004 0.029470864000000003 0.1691542289
10.0 0.3168117884 0.6318407960000001 0.0616208975 0.0547263682
15.0 0.37608841260000003 0.6144278607 0.0488948426 0.3084577114
44.0 0.5247823174 0.6430348258 0.1828533155 0.2064676617
24.0 0.6995981246 0.6504975124 0.0328198258 0.2363184079
44.0 0.8255190891 0.6343283582 0.1627595446 0.1741293532
24.0 0.9822505024 0.6281094527000001 0.0314802411 0.1815920398
