42.0 0.0972626675 0.3240740741 0.1619103087 0.4259259259
38.0 0.2052999418 0.8166666666 0.0460104834 0.1518518519
45.0 0.25014560280000003 0.85 0.0401863716 0.1148148148
16.0 0.2888759464 0.7888888889 0.0209668026 0.237037037
9.0 0.3209085614 0.5296296296 0.0314502039 0.1777777778
0.0 0.6563774024 0.5925925926 0.5556202679000001 0.0888888889
17.0 0.6601630752000001 0.1407407408 0.057658707100000005 0.2740740741
11.0 0.6924868958 0.2351851852 0.0186371579 0.44074074080000003
38.0 0.7335468841 0.4018518518 0.055329062400000004 0.20370370370000002
10.0 0.4178800233 0.8 0.0343622598 0.044444444400000005
16.0 0.453698311 0.7740740741000001 0.030285381400000002 0.28888888890000003
48.0 0.5413511939 0.75 0.0984274898 0.3518518518
38.0 0.6697728597 0.8240740740000001 0.0617355853 0.2185185185
47.0 0.8112987770000001 0.8333333333 0.17588817710000001 0.3185185185
38.0 0.9688410018 0.8203703704 0.059988351700000005 0.2111111111
