42.0 0.0764748725 0.26569506730000003 0.1442097597 0.168161435
40.0 0.1518572469 0.7219730942 0.0211216314 0.12107623320000001
45.0 0.18426802620000002 0.7253363229 0.0407865987 0.056053811700000004
4.0 0.2592862346 0.5313901346000001 0.0713765477 0.1793721973
11.0 0.3343044428 0.6334080718 0.0830298616 0.4551569507
16.0 0.41442097600000005 0.7757847534000001 0.0218499636 0.09417040360000001
0.0 0.6930080116 0.5414798206 0.5367807721 0.1233183857
0.0 0.7064821559000001 0.2029147982 0.2898761835 0.033632287000000004
17.0 0.6795338674 0.1065022422 0.033503277500000005 0.1143497757
7.0 0.6864530226000001 0.3195067264 0.2993445011 0.2668161435
48.0 0.7039329934 0.3295964126 0.1041514931 0.1076233183
40.0 0.8186453022 0.4069506726 0.034959941700000004 0.1367713005
9.0 0.8983976694 0.1692825112 0.0531682447 0.12780269060000002
20.0 0.9668608886000001 0.1692825112 0.0575382375 0.18161434980000002
40.0 0.5699198835 0.8374439462000001 0.0415149308 0.15919282510000002
9.0 0.6176256373 0.7993273543 0.0509832484 0.100896861
4.0 0.7039329934 0.653587444 0.09541150770000001 0.1860986547
11.0 0.7793153678 0.7130044843000001 0.0830298616 0.33183856500000003
15.0 0.8787327021 0.8946188341 0.06919155140000001 0.1838565022
