42.0 0.0783803864 0.48 0.1463595839 0.3636363636
34.0 0.1578751857 0.8709090909 0.0319465082 0.19272727280000002
45.0 0.21916790490000002 0.8872727273000001 0.059435364000000004 0.1163636364
13.0 0.2596582467 0.8436363636 0.0037147103 0.1163636363
9.0 0.2927191679 0.6018181818 0.044576523 0.2
27.0 0.4086181278 0.5672727273 0.0534918276 0.1818181818
46.0 0.5338038633000001 0.28 0.176077266 0.24
49.0 0.6742199108 0.16909090910000002 0.0586924219 0.2654545454
2.0 0.7704309064 0.30909090910000003 0.043090639 0.5818181818
15.0 0.8023774146 0.1927272727 0.0312035661 0.16
9.0 0.8566121843000001 0.18 0.060921248100000006 0.21454545460000002
34.0 0.9219910847 0.2236363636 0.0534918276 0.2218181818
5.0 0.9762258544 0.24363636360000002 0.0430906389 0.4363636363
