42.0 0.09456398640000001 0.3507246377 0.15288788220000002 0.4173913044
33.0 0.015005662500000001 0.7855072464 0.0220838052 0.1275362319
45.0 0.047565119 0.8 0.039637599100000004 0.0695652174
0.0 0.1129671574 0.8231884058000001 0.050396376 0.0347826087
4.0 0.11806342010000001 0.6840579710000001 0.0424688561 0.16811594200000002
14.0 0.12570781420000002 0.9115942029 0.0260475651 0.1594202898
0.0 0.6041902604 0.6637681160000001 0.7655719139 0.2492753623
18.0 0.2330124576 0.284057971 0.048131370300000004 0.3420289855
46.0 0.3703284258 0.347826087 0.1664779162 0.3594202899
16.0 0.4793318234 0.1231884058 0.0266138165 0.1884057971
33.0 0.5433182333000001 0.33623188400000004 0.034541336400000004 0.2608695653
9.0 0.6061721404 0.2666666667 0.06285390710000001 0.2550724638
17.0 0.6565685164 0.2246376812 0.030011325000000002 0.2985507247
44.0 0.798414496 0.36376811600000003 0.1642129105 0.3797101449
16.0 0.9037372593 0.1043478261 0.021517553800000002 0.16231884060000001
33.0 0.9762174406 0.32753623190000003 0.0407701019 0.2492753623
14.0 0.6081540204 0.679710145 0.0407701019 0.3101449275
