42.0 0.1748953975 0.3667481662 0.1857740586 0.30317848410000003
38.0 0.0313807531 0.902200489 0.0560669456 0.1271393643
45.0 0.0866108786 0.9046454768000001 0.047698744700000004 0.0537897311
4.0 0.2058577406 0.662591687 0.130543933 0.2787286063
11.0 0.3054393306 0.7163814181 0.0753138075 0.3716381418
14.0 0.330543933 0.8997555012 0.0334728033 0.151589242
10.0 0.3619246862 0.7506112469 0.020920502100000002 0.0146699267
0.0 0.7418410042 0.4413202934 0.4979079498 0.031784841
47.0 0.5912133891 0.337408313 0.25355648540000003 0.3520782396
38.0 0.8050209205000001 0.2665036675 0.1121338912 0.2347188264
10.0 0.8828451883 0.2591687042 0.043514644400000003 0.0195599022
15.0 0.9577405858 0.2542787286 0.0811715481 0.293398533
50.0 0.6405857741000001 0.6246943765 0.2920502092 0.3349633252
38.0 0.8907949791 0.6442542787000001 0.0962343096 0.2518337408
