42.0 0.0913341646 0.3847117794 0.1726932668 0.3383458647
36.0 0.0187032419 0.7807017544 0.029925187000000002 0.1478696742
45.0 0.0548628429 0.7857142857 0.0336658354 0.052631579000000005
0.0 0.12094763100000001 0.7857142857 0.0461346633 0.0175438596
4.0 0.125 0.6904761905 0.040523690800000005 0.1779448622
19.0 0.1228179551 0.9022556391000001 0.0286783042 0.1904761904
0.0 0.5841645885 0.5213032582 0.710723192 0.0651629073
47.0 0.32917705740000003 0.31203007520000003 0.2007481297 0.298245614
18.0 0.4429551122 0.1015037594 0.0293017456 0.1679197995
36.0 0.532107232 0.3145363409 0.057980049900000004 0.2631578947
9.0 0.5932044888 0.24436090230000002 0.0517456359 0.2030075188
46.0 0.7643391521 0.2882205514 0.204488778 0.3007518797
18.0 0.8771820449000001 0.0877192983 0.0311720698 0.1503759399
36.0 0.9682044888 0.3421052632 0.0623441396 0.2982456141
20.0 0.6069201995 0.7005012532 0.0442643392 0.39348370930000004
