42.0 0.0791788856 0.3451178451 0.1478005865 0.494949495
39.0 0.1665689149 0.867003367 0.0316715543 0.1986531986
45.0 0.2049853372 0.8922558922 0.0392961877 0.1144781145
4.0 0.28856304990000003 0.537037037 0.0985337243 0.3400673401
11.0 0.3683284458 0.6346801346000001 0.0469208211 0.3602693603
15.0 0.39061583580000003 0.8063973064000001 0.023460410600000002 0.1784511784
0.0 0.7193548387 0.494949495 0.455718475 0.08080808090000001
14.0 0.4739002933 0.2121212121 0.0363636363 0.24915824920000001
48.0 0.5648093842 0.2525252526 0.0973607038 0.2962962963
17.0 0.631085044 0.09427609420000001 0.023460410600000002 0.17508417510000002
39.0 0.6923753666 0.3181818182 0.0357771261 0.239057239
9.0 0.7211143695000001 0.2474747474 0.0263929618 0.1515151515
14.0 0.7554252199 0.228956229 0.0293255132 0.22222222230000002
47.0 0.8527859237000001 0.3080808081 0.1126099707 0.2188552188
21.0 0.9164222874 0.1414141414 0.0205278592 0.17508417510000002
39.0 0.971260997 0.3451178452 0.0304985337 0.23232323230000002
15.0 0.7387096774 0.5875420876 0.0240469208 0.23232323230000002
