42.0 0.0817683882 0.5965630114 0.07589984350000001 0.21112929630000002
25.0 0.013302034400000001 0.8846153846 0.0187793427 0.116202946
45.0 0.0418622848 0.8617021276 0.0281690141 0.0703764321
4.0 0.0868544601 0.7422258592000001 0.042253521200000005 0.1292962357
11.0 0.127543036 0.8371522094 0.0352112676 0.2504091653
19.0 0.15179968700000002 0.8486088380000001 0.020344288000000002 0.1227495908
0.0 0.5884194054 0.518821604 0.8075117371 0.1669394435
14.0 0.20637715180000002 0.43862520460000004 0.035602504 0.1505728314
46.0 0.3139671362 0.44353518820000004 0.1341940533 0.2487725041
14.0 0.3793035994 0.27659574470000003 0.0262128325 0.1112929624
25.0 0.44346635370000004 0.43698854340000004 0.0387323944 0.1963993453
9.0 0.48806729260000004 0.344517185 0.0387323943 0.1685761047
10.0 0.5381455399 0.344517185 0.0387323944 0.024549918100000002
19.0 0.5819640062 0.34697217680000003 0.0371674491 0.1931260229
44.0 0.6983568076000001 0.3314238952 0.1455399061 0.2602291325
14.0 0.8335289515000001 0.1104746318 0.0379499218 0.1489361703
25.0 0.9350547730000001 0.263502455 0.0633802817 0.209492635
20.0 0.5211267606000001 0.612111293 0.034428795000000005 0.22258592470000002
