42.0 0.0703422053 0.594488189 0.1381495564 0.2716535433
29.0 0.0449936628 0.8582677166 0.0380228137 0.1614173229
45.0 0.07541191380000001 0.8976377952000001 0.0367553866 0.059055118100000005
18.0 0.11470215460000001 0.8572834646 0.0266159696 0.155511811
7.0 0.5975918885 0.42421259840000003 0.7693282636000001 0.8405511811
0.0 0.6977186312 0.6938976378 0.5551330798 0.025590551200000002
29.0 0.41508238280000004 0.4527559055 0.0583016477 0.29921259840000003
2.0 0.4572243346 0.4842519685 0.0221799746 0.3858267716
29.0 0.510139417 0.4291338583 0.0570342205 0.2677165354
17.0 0.5535487960000001 0.3818897638 0.0310519645 0.1692913386
9.0 0.6042458808 0.4271653543 0.0373891001 0.1614173228
10.0 0.6492395437 0.46948818900000006 0.036121673 0.0334645669
19.0 0.7094423321000001 0.41043307090000003 0.0589353612 0.23425196850000002
29.0 0.7820025348 0.4035433071 0.06717363750000001 0.23228346460000002
10.0 0.8235107731 0.4635826772 0.036121673 0.025590551200000002
15.0 0.874207858 0.4222440945 0.0424588087 0.2460629922
5.0 0.9271229404 0.48228346460000004 0.0354879595 0.32677165350000004
29.0 0.5994930292 0.8494094488 0.0532319391 0.2893700788
10.0 0.6527249683 0.8671259842 0.0367553866 0.0255905511
14.0 0.7208491762 0.8425196851000001 0.0741444867 0.2362204725
