42.0 0.1193293886 0.1794354839 0.2347140039 0.3266129032
38.0 0.054043392600000004 0.5070564516 0.047337278100000005 0.1028225806
45.0 0.0956607495 0.5675403226 0.042209073 0.0907258064
19.0 0.134714004 0.4949596774 0.0295857989 0.127016129
9.0 0.1621301775 0.4092741936 0.0205128205 0.07258064510000001
0.0 0.6289940828 0.4868951613 0.6702169625000001 0.3044354838
0.0 0.4203155818 0.18548387100000002 0.1140039447 0.0685483871
26.0 0.43471400400000004 0.0786290323 0.0347140039 0.1532258065
26.0 0.4063116371 0.2711693548 0.036291913200000005 0.1633064516
38.0 0.4481262327 0.28629032260000004 0.049704142 0.125
2.0 0.49822485200000005 0.21875000000000003 0.0236686391 0.3407258064
14.0 0.5299802762 0.19758064520000002 0.0303747535 0.2177419355
9.0 0.559566075 0.1774193548 0.0264299803 0.1048387097
10.0 0.5869822485 0.2368951612 0.026035503 0.0181451613
14.0 0.6112426036 0.22883064520000002 0.0248520711 0.19959677420000002
48.0 0.7392504931 0.3215725806 0.175147929 0.2842741935
13.0 0.8157790927 0.26108870970000003 0.008678501 0.1512096774
38.0 0.8680473373 0.375 0.056410256400000004 0.16532258060000002
5.0 0.9035502958 0.3810483871 0.0185404339 0.27016129040000003
0.0 0.300591716 0.5473790323000001 0.1104536489 0.0584677419
26.0 0.3061143984 0.4485887096 0.0386587771 0.1794354839
26.0 0.2727810651 0.6542338710000001 0.0382642998 0.19153225810000002
38.0 0.3201183432 0.6572580645 0.0548323472 0.129032258
2.0 0.3714003945 0.5756048387 0.0240631164 0.36088709680000003
44.0 0.474556213 0.5786290323000001 0.134122288 0.25
38.0 0.601183432 0.6381048387 0.0615384615 0.17943548380000002
9.0 0.6483234714 0.6018145161 0.0264299802 0.1028225807
38.0 0.6952662722 0.6774193548 0.0650887574 0.18548387090000001
50.0 0.8035502958 0.6875 0.1364891519 0.254032258
16.0 0.9005917160000001 0.6754032258 0.0205128205 0.125
38.0 0.9552268244000001 0.7741935484 0.052465483300000004 0.1693548387
5.0 0.9897435898 0.7883064516 0.0189349113 0.28629032260000004
