42.0 0.0807272728 0.28775510200000004 0.1367272727 0.5183673469
23.0 0.1956363636 0.5653061224 0.0465454545 0.2571428571
45.0 0.2487272728 0.5795918368 0.0494545455 0.1469387755
14.0 0.3214545454 0.518367347 0.0523636363 0.3346938775
0.0 0.672 0.4387755102 0.5803636364 0.0857142858
23.0 0.5334545454 0.2775510204 0.0661818181 0.2775510204
44.0 0.6792727272 0.28775510200000004 0.1890909091 0.2979591837
23.0 0.8512727272 0.2673469388 0.0545454545 0.2734693878
21.0 0.4407272727 0.6591836735000001 0.0523636364 0.3877551021
9.0 0.4989090909 0.6489795919 0.064 0.20408163270000002
10.0 0.5643636364 0.7326530612000001 0.0378181818 0.044897959200000004
16.0 0.62 0.7020408163 0.0487272728 0.4
50.0 0.7745454546 0.7673469388 0.19054545450000002 0.4
23.0 0.9632727273 0.7918367347 0.07200000000000001 0.3020408164
