42.0 0.064495114 0.6848030018 0.1172638436 0.2176360225
29.0 0.012703583000000001 0.9409005628 0.0228013029 0.1031894935
45.0 0.0394136808 0.9324577861000001 0.0254071661 0.0600375234
14.0 0.0781758958 0.9427767355000001 0.0299674267 0.09568480300000001
9.0 0.10651465800000001 0.8170731708000001 0.0228013029 0.0844277673
46.0 0.2351791531 0.7101313321 0.1381107492 0.181988743
29.0 0.3736156351 0.6838649156000001 0.041042345300000005 0.1894934334
7.0 0.706514658 0.24015009380000002 0.5830618892 0.416510319
0.0 0.7752442997000001 0.6857410882 0.3947882736 0.013133208200000001
29.0 0.6140065146 0.5900562852 0.0358306189 0.1707317073
2.0 0.6563517916 0.5853658536 0.0228013029 0.1801125703
14.0 0.7042345277000001 0.5900562852 0.054723127 0.148217636
9.0 0.7605863192000001 0.58630394 0.0436482085 0.148217636
10.0 0.8146579804 0.6031894934 0.0449511401 0.0281425891
20.0 0.8719869706000001 0.5872420262 0.0423452769 0.17636022510000002
29.0 0.9166123778 0.5919324578 0.0390879479 0.1707317073
5.0 0.9543973942 0.5984990619 0.0195439739 0.2363977486
29.0 0.7664495114000001 0.8170731708000001 0.0436482084 0.1632270169
14.0 0.8035830618 0.7392120075 0.0319218241 0.0825515948
