42.0 0.15826023390000002 0.3974121996 0.1790935672 0.2402957486
41.0 0.0277777778 0.7393715342 0.052631579000000005 0.1515711646
45.0 0.0869883041 0.7717190388 0.0423976608 0.09057301300000001
0.0 0.16776315790000002 0.7393715342 0.072368421 0.022181146000000002
4.0 0.18384502930000002 0.6811460258 0.0592105263 0.1312384473
15.0 0.1864035088 0.8068391866 0.0277777778 0.1090573013
10.0 0.2682748538 0.5360443623 0.0350877193 0.0406654344
0.0 0.629385965 0.44085027720000003 0.5628654971 0.1164510167
47.0 0.6176900585 0.2707948244 0.23538011700000003 0.2051756008
17.0 0.7445175438 0.1515711645 0.038742690100000005 0.1552680222
41.0 0.8373538012 0.27171903880000003 0.06359649120000001 0.1552680222
18.0 0.3881578947 0.6700554528 0.0511695907 0.24584103510000002
0.0 0.7178362574 0.7236598891 0.5292397661 0.1534195934
10.0 0.6637426901 0.6025878004 0.032163742700000005 0.033271719000000005
14.0 0.7328216375000001 0.5665434380000001 0.0928362573 0.1719038817
17.0 0.45833333330000003 0.9195933456000001 0.039473684200000005 0.1571164511
41.0 0.5043859649 0.9343807764000001 0.0453216374 0.1238447319
9.0 0.5654239766 0.893715342 0.047514619800000005 0.1719038817
2.0 0.6067251462000001 0.8927911276 0.0233918128 0.1996303143
10.0 0.6472953216 0.9343807764000001 0.0343567251 0.0462107209
14.0 0.7182017544 0.8826247690000001 0.0957602339 0.1645101663
4.0 0.8351608187 0.8761552680000001 0.0738304094 0.1330868762
5.0 0.9272660818 0.8576709796 0.053362573100000005 0.24768946390000002
18.0 0.96125731 0.7495378928 0.0350877193 0.1719038817
