0.0 0.5134158927 0.5254777070000001 0.9669762642 0.0445859872
42.0 0.1929824562 0.09474522290000001 0.13415892670000001 0.173566879
36.0 0.1057791537 0.328821656 0.038183694500000004 0.058917197500000004
45.0 0.1563467492 0.324044586 0.0546955624 0.0652866242
16.0 0.23529411760000002 0.3160828026 0.0474716203 0.10987261150000001
9.0 0.282249742 0.2062101911 0.0423116616 0.071656051
14.0 0.4210526316 0.081210191 0.08875129 0.12101910830000001
12.0 0.5371517028 0.1011146497 0.08565531480000001 0.1417197452
16.0 0.6140350877 0.0796178344 0.059855521200000004 0.14649681520000002
49.0 0.7394220846 0.0843949045 0.0794633643 0.1592356688
36.0 0.8823529412000001 0.1138535032 0.0474716202 0.1003184714
42.0 0.3230134159 0.7101910828 0.1362229102 0.1719745222
36.0 0.2192982456 0.953821656 0.029927760600000002 0.0636942675
45.0 0.27554179570000004 0.9418789809 0.051599587200000005 0.0589171974
12.0 0.3596491228 0.9386942675000001 0.058823529400000005 0.08757961780000001
9.0 0.4205366357 0.8296178344 0.0464396284 0.07324840760000001
7.0 0.6635706914 0.6799363057000001 0.2765737874 0.3662420382
40.0 0.76625387 0.7683121019 0.038183694500000004 0.1353503184
