42.0 0.0889506602 0.5859188544 0.1751216122 0.36515513120000004
24.0 0.1977067408 0.7613365155 0.0382209868 0.16229116940000002
45.0 0.2446143155 0.7446300716 0.0528144544 0.07637231500000001
14.0 0.29221681720000003 0.6933174224 0.024322446100000002 0.1599045346
9.0 0.32800555940000004 0.5405727924 0.0444753301 0.1312649165
0.0 0.4916608756 0.4725536993 0.1146629604 0.07637231500000001
16.0 0.4996525365 0.31026252990000003 0.0514246004 0.2195704057
7.0 0.5152883948 0.7207637232 0.1507991661 0.5536992841
39.0 0.5760945101 0.6801909308 0.0514246004 0.1909307876
9.0 0.648019458 0.3281622912 0.0799166087 0.20763723150000002
18.0 0.7248088951 0.27088305490000003 0.055594162600000004 0.2696897374
0.0 0.904447533 0.2959427208 0.171646977 0.1050119332
17.0 0.8724808896 0.1491646778 0.0701876303 0.1980906922
46.0 0.8481584434 0.44510739860000004 0.127171647 0.25059665870000003
24.0 0.9767199444 0.3818615752 0.0451702572 0.2052505967
