42.0 0.0656028369 0.4430232558 0.1200607903 0.32325581400000003
24.0 0.1469098278 0.8348837209000001 0.024316109500000002 0.2046511628
45.0 0.19579533940000002 0.9011627907 0.0511651469 0.11395348840000001
4.0 0.27406281660000004 0.6186046512000001 0.0780141844 0.2930232558
11.0 0.3267477204 0.7488372093 0.0263424519 0.2976744186
21.0 0.3576494428 0.8441860466000001 0.0334346505 0.2511627907
0.0 0.6757852077000001 0.55 0.587639311 0.030232558200000002
15.0 0.4414893617 0.3720930233 0.033941236 0.2046511628
47.0 0.5352077001000001 0.426744186 0.10992907800000001 0.22093023250000002
18.0 0.6187943262000001 0.2046511628 0.0329280649 0.2093023256
24.0 0.6773049646 0.3895348837 0.0273556231 0.19302325580000002
9.0 0.7137791287 0.4104651163 0.031408308 0.15581395350000002
19.0 0.7553191490000001 0.40348837200000004 0.0354609929 0.2534883721
48.0 0.841691996 0.3767441861 0.09473150970000001 0.2511627907
18.0 0.9138804458 0.2290697674 0.031408308 0.2441860465
24.0 0.9774569402000001 0.3953488372 0.032928064800000004 0.2
15.0 0.7061803445 0.6802325581 0.0324214792 0.2395348837
