49.0 0.0425457102 0.43842887480000003 0.0808720113 0.3588110403
36.0 0.19233473980000002 0.4702760085 0.0752461322 0.2484076433
22.0 0.2693389592 0.432059448 0.070323488 0.1252653928
0.0 0.6504922644000001 0.5084925690000001 0.6976090014 0.0276008492
42.0 0.3934599156 0.2271762208 0.11744022500000001 0.2845010616
41.0 0.4803094234 0.4161358811 0.0267229255 0.118895966
45.0 0.5242616034 0.440552017 0.0485232068 0.0658174098
18.0 0.5763009845 0.39065817410000003 0.033052039400000004 0.1571125266
9.0 0.6107594937 0.2675159236 0.0316455696 0.1146496815
0.0 0.7215189874 0.2515923567 0.07454289730000001 0.014861995800000001
26.0 0.7260900141000001 0.1549893843 0.0316455696 0.186836518
26.0 0.7095639944000001 0.3683651804 0.0309423347 0.1974522293
41.0 0.7457805907 0.37048832270000004 0.030239099800000002 0.1082802548
3.0 0.7897327707 0.2430997876 0.0084388185 0.3078556263
49.0 0.8516174402000001 0.1889596603 0.064697609 0.237791932
41.0 0.9483122362 0.21762208060000002 0.035864978900000004 0.1464968153
6.0 0.979254571 0.2430997876 0.0077355837000000005 0.3078556263
42.0 0.4655414908 0.736730361 0.1308016877 0.2547770701
41.0 0.5421940928 0.940552017 0.0267229255 0.110403397
45.0 0.5872011252 0.9681528662000001 0.049226441600000004 0.059447983
14.0 0.638185654 0.923566879 0.033052039400000004 0.152866242
9.0 0.6754571027 0.7898089172 0.033052039400000004 0.10191082800000001
0.0 0.7869198313 0.7823779193 0.06891701830000001 0.014861995800000001
26.0 0.7918424754000001 0.6836518046000001 0.033755274200000004 0.1740976645
26.0 0.773206751 0.864118896 0.0302390999 0.1528662421
41.0 0.8087201125 0.8949044586 0.029535865 0.1040339702
0.0 0.8976793249 0.7813163482000001 0.056962025400000005 0.012738853500000001
21.0 0.882559775 0.6666666667000001 0.0281293952 0.14437367310000002
41.0 0.8800984529 0.8609341826 0.024613220800000002 0.1125265392
