42.0 0.11453974900000001 0.3783783784 0.1997907949 0.3891891892
35.0 0.2730125523 0.6391891892 0.0481171548 0.1648648648
45.0 0.3478033472 0.6918918918 0.0951882845 0.09189189190000001
1.0 0.4341004184 0.6297297298 0.0648535565 0.1081081081
0.0 0.7949790795 0.4932432432 0.4016736402 0.024324324300000002
43.0 0.6459205021000001 0.2554054054 0.1412133892 0.5
21.0 0.7855648535 0.3432432432 0.0334728033 0.22162162170000002
19.0 0.8362970712000001 0.3135135135 0.0512552301 0.20540540540000002
16.0 0.9408995816 0.1567567568 0.0491631799 0.23783783790000002
43.0 0.6814853556 0.7459459460000001 0.1893305439 0.4594594595
13.0 0.794456067 0.8405405405 0.0470711297 0.2162162162
21.0 0.8462343096 0.8594594595 0.0355648536 0.2162162162
20.0 0.9471757322000001 0.6432432432 0.0491631799 0.2594594595
