42.0 0.059302325600000004 0.2228464419 0.1046511628 0.2958801499
25.0 0.12558139540000002 0.4868913858 0.0248062015 0.1048689139
45.0 0.157751938 0.5449438202 0.0457364341 0.0861423221
1.0 0.21705426360000002 0.4868913858 0.046511627900000005 0.09737827710000001
0.0 0.6736434108 0.5880149813000001 0.6434108527 0.1573033708
43.0 0.3821705426 0.1853932584 0.1131782946 0.2958801498
17.0 0.4589147287 0.2734082397 0.026356589200000002 0.149812734
17.0 0.4887596899 0.2902621723 0.0255813954 0.1535580524
25.0 0.5678294574 0.2059925094 0.033333333300000004 0.1423220974
43.0 0.6968992248 0.2921348314 0.1379844962 0.3220973783
20.0 0.7794573644 0.4232209738 0.0317829457 0.20973782770000002
14.0 0.8065891473 0.4400749064 0.031782945800000004 0.22846441950000002
14.0 0.8980620155000001 0.3220973783 0.0379844962 0.3146067416
43.0 0.40542635660000004 0.6573033708 0.1147286822 0.34831460680000004
21.0 0.4841085272 0.7883895131 0.0302325581 0.1760299626
14.0 0.5089147287 0.7902621723000001 0.027131783000000003 0.20224719100000002
13.0 0.5748062015000001 0.6535580524 0.0054263565 0.2509363296
43.0 0.6903100776000001 0.7602996255000001 0.1434108527 0.329588015
21.0 0.7639534884 0.9007490636000001 0.0255813953 0.1760299625
25.0 0.853488372 0.8014981273 0.0434108527 0.1647940075
