42.0 0.131548312 0.5021097046 0.207217695 0.38818565400000005
37.0 0.2799767171 0.7890295358 0.036088475 0.1856540085
45.0 0.3405122235 0.7573839662 0.075669383 0.1392405063
1.0 0.43597206050000004 0.6898734177 0.0710128056 0.1729957806
0.0 0.8183934808000001 0.5021097046 0.3282887078 0.0928270043
43.0 0.6740395809 0.1497890295 0.1629802096 0.2911392405
13.0 0.7485448196000001 0.3122362869 0.0186263097 0.19409282700000002
18.0 0.7799767171 0.3417721519 0.0488940628 0.19409282700000002
14.0 0.9033760186 0.1793248945 0.0768335274 0.3080168776
43.0 0.6775320140000001 0.6751054852 0.1443538999 0.3459915612
16.0 0.7898719441000001 0.8227848101 0.057043073300000004 0.2109704641
18.0 0.8405122236 0.8354430380000001 0.0535506403 0.2025316456
13.0 0.9400465658 0.6265822785 0.0291036088 0.2658227848
