42.0 0.0627516778 0.6199186992 0.1208053691 0.4430894309
29.0 0.1520134228 0.7784552846 0.0255033557 0.2682926829
45.0 0.18473154360000002 0.7896341464000001 0.0372483221 0.09146341470000001
0.0 0.2280201342 0.7926829268000001 0.060738255000000005 0.0325203252
4.0 0.23003355700000003 0.7012195122 0.0338926175 0.1300813008
19.0 0.2310402684 0.875 0.015100671100000001 0.1524390244
48.0 0.34597315440000004 0.5152439024000001 0.1288590604 0.2743902439
18.0 0.41711409400000005 0.3333333334 0.0201342282 0.2195121951
29.0 0.4716442953 0.4258130082 0.0352348994 0.31910569110000003
9.0 0.5052013422 0.5020325204 0.0379194631 0.1991869919
42.0 0.6031879195000001 0.4044715448 0.1070469799 0.45934959350000004
29.0 0.6840604026 0.5233739837 0.0224832215 0.2337398374
45.0 0.7102348994000001 0.5386178861 0.030536912700000002 0.0731707317
0.0 0.75352349 0.5457317074 0.0338926175 0.030487804900000002
4.0 0.7518456376 0.4634146342 0.0298657718 0.1178861789
21.0 0.7582214765 0.6117886179 0.011744966400000001 0.1219512195
44.0 0.8664429530000001 0.2977642276 0.13624161070000002 0.2784552845
17.0 0.92852349 0.1077235772 0.0161073825 0.1829268293
29.0 0.9796979866000001 0.2337398374 0.0258389262 0.3292682926
