42.0 0.19611307420000001 0.352 0.27208480560000003 0.44266666660000004
39.0 0.037102473500000004 0.8066666666000001 0.060070671400000004 0.2746666667
45.0 0.1260306242 0.812 0.0942285041 0.09866666660000001
18.0 0.2449941108 0.764 0.0730270907 0.296
10.0 0.3457008245 0.6013333333 0.0812720848 0.024
0.0 0.7255594818000001 0.468 0.5229681979 0.0346666666
39.0 0.7267373380000001 0.2226666666 0.0871613663 0.3813333333
3.0 0.5047114252 0.7053333334 0.0223792698 0.4506666667
39.0 0.5848056537 0.7653333334 0.09069493520000001 0.38933333330000003
9.0 0.7196702002 0.6946666666 0.1554770318 0.2426666667
18.0 0.8592461720000001 0.6586666667000001 0.11189634870000001 0.352
6.0 0.9593639576 0.7386666667 0.0482921084 0.496
