42.0 0.0885984023 0.5786516854 0.1757443718 0.393258427
39.0 0.2222222222 0.7935393258000001 0.029048656500000002 0.1713483146
45.0 0.2654320988 0.7865168539 0.0530137981 0.0617977528
1.0 0.315177923 0.7120786516000001 0.0348583878 0.0702247191
0.0 0.6975308642 0.5056179776 0.5947712418000001 0.1460674157
13.0 0.6615831518 0.2963483146 0.024691358 0.2106741573
39.0 0.6935366740000001 0.3469101124 0.030501089300000003 0.2050561797
14.0 0.732389252 0.17415730340000002 0.029774873 0.1853932584
14.0 0.44117647060000004 0.8595505618 0.037037037 0.2584269662
39.0 0.4843863472 0.8806179775 0.043572984700000005 0.2162921348
17.0 0.5294117647000001 0.7148876404000001 0.0450254176 0.2106741573
9.0 0.5780682644 0.7808988764 0.040668119100000004 0.1404494382
7.0 0.7981118374 0.7064606742 0.3790849673 0.49719101130000004
14.0 0.7425562818 0.7275280899000001 0.0341321714 0.2359550562
15.0 0.7828612926 0.7092696629 0.040668119100000004 0.2162921348
39.0 0.8217138708 0.7219101124 0.0326797385 0.18539325850000002
20.0 0.85221496 0.5983146068 0.0254175745 0.1797752809
9.0 0.8968772694 0.6530898876 0.0363108206 0.1376404495
39.0 0.9411764706 0.6713483146 0.0305010894 0.1797752809
20.0 0.9680464778000001 0.529494382 0.027596223700000002 0.1376404494
