42.0 0.15847348 0.3825757576 0.3014230271 0.5151515152
35.0 0.349935317 0.740530303 0.0426908151 0.2083333333
45.0 0.43467011640000003 0.8333333333 0.1112548512 0.1515151515
1.0 0.5504527814 0.706439394 0.08667529110000001 0.09469696970000001
0.0 0.8751617076 0.571969697 0.2160413971 0.022727272700000002
3.0 0.7852522639 0.24621212120000002 0.049159120300000005 0.43181818180000003
35.0 0.8163001294000001 0.2007575758 0.056921086700000005 0.2424242425
6.0 0.8667529107 0.24621212120000002 0.0336351876 0.4166666666
14.0 0.7865459250000001 0.7386363636000001 0.09831824060000001 0.3106060606
35.0 0.8641655886 0.793560606 0.049159120300000005 0.2689393939
