42.0 0.13828903650000002 0.3499095841 0.17691029900000002 0.27305605780000003
40.0 0.0373754153 0.7151898734000001 0.0631229236 0.24412296560000002
45.0 0.1104651163 0.6672694394 0.0598006644 0.0795660036
14.0 0.1881229235 0.650994575 0.0573089701 0.2097649187
10.0 0.2508305648 0.5370705244 0.0514950166 0.0253164557
10.0 0.375 0.3996383364 0.0755813954 0.0289330923
14.0 0.4522425249 0.38155515370000004 0.07392026580000001 0.2820976492
0.0 0.7549833887 0.4394213382 0.46843853820000003 0.0289330923
50.0 0.690614618 0.1464737794 0.2682724253 0.2495479204
40.0 0.9148671096000001 0.25949367090000003 0.07392026580000001 0.3345388788
47.0 0.6391196013 0.6600361664000001 0.2184385382 0.2133815551
12.0 0.8147840531 0.5325497288000001 0.0498338871 0.1754068717
40.0 0.9352159468000001 0.7477396022 0.0714285715 0.34538878840000004
