42.0 0.074313827 0.16632443530000002 0.1403417918 0.2628336756
31.0 0.1574313827 0.4137577002 0.027964785000000002 0.10061601640000001
45.0 0.1905748317 0.43121149900000005 0.031071983400000003 0.0698151951
1.0 0.23200414290000002 0.40143737160000004 0.033143449000000005 0.07186858310000001
0.0 0.6395649922000001 0.3963039014 0.7167270844 0.1437371663
17.0 0.6250647333 0.20020533880000002 0.047643708 0.1416837782
9.0 0.6633868462 0.2197125256 0.031071983400000003 0.1190965093
0.0 0.6996374936 0.26180698150000004 0.015535991700000001 0.0102669404
19.0 0.7066286898 0.1950718686 0.0233039876 0.11498973300000001
31.0 0.705592957 0.3295687885 0.020196789200000002 0.092402464
7.0 0.5023303988 0.5523613963 0.3759709995 0.4024640658
14.0 0.425686173 0.6540041068 0.0258933195 0.1457905544
9.0 0.46789228380000003 0.6683778234000001 0.0367685138 0.1293634497
0.0 0.5147591921 0.7176591376 0.032107716200000004 0.022587269
21.0 0.5170895909000001 0.637577002 0.020196789200000002 0.1416837783
31.0 0.5129466598 0.7782340862 0.0233039875 0.1026694045
9.0 0.5611082341 0.6848049281 0.030554117000000002 0.13347022590000002
0.0 0.6374935266 0.7299794661 0.0403935785 0.0184804928
16.0 0.6317969964 0.6652977413000001 0.0207146556 0.11088295690000001
31.0 0.6108234076 0.907597536 0.026411185900000002 0.1067761807
17.0 0.6424132574 0.8069815195000001 0.034697048200000004 0.1190965092
9.0 0.6954945624000001 0.703285421 0.0290005178 0.1252566735
7.0 0.8480062144 0.7299794661 0.2563438632 0.43737166320000004
18.0 0.8373899534 0.7073921972 0.0372863801 0.1745379877
9.0 0.8720870016000001 0.7279260780000001 0.0279647851 0.1211498973
10.0 0.9003107198 0.7392197126000001 0.0181253237 0.0123203285
14.0 0.9254272398000001 0.7299794662 0.0248575867 0.13347022590000002
0.0 0.9619368203 0.7802874744 0.021232522 0.0205338809
14.0 0.9647850854000001 0.7217659138 0.0196789229 0.1047227926
31.0 0.9658208182 0.8429158111 0.0207146556 0.092402464
