42.0 0.1021759698 0.46028037380000003 0.20245979190000002 0.3878504673
39.0 0.2365184484 0.8621495327 0.0397350993 0.2196261682
45.0 0.2743614002 0.8387850468 0.032166509 0.11682242990000001
18.0 0.32639545880000004 0.7733644860000001 0.0283822139 0.285046729
9.0 0.3699148533 0.48598130840000003 0.0435193945 0.13084112150000002
17.0 0.49053926200000003 0.3037383178 0.0463576159 0.36448598130000004
11.0 0.5312204352000001 0.5046728972 0.061494796600000005 0.5514018692
39.0 0.5993377484 0.6098130841 0.0501419111 0.2943925234
9.0 0.6537369915 0.47663551400000004 0.052980132400000005 0.1682242991
10.0 0.7090823084 0.5186915888 0.0312204352 0.0560747664
15.0 0.7634815516 0.49299065420000004 0.0567644277 0.34112149540000003
0.0 0.8751182592000001 0.5677570094000001 0.13434247870000002 0.0420560747
20.0 0.8978240303 0.3785046729 0.0245979186 0.23364485980000002
27.0 0.8382213812 0.9088785046000001 0.0227057711 0.1728971963
39.0 0.8694418165000001 0.6752336448 0.032166509 0.19158878510000002
9.0 0.9224219489000001 0.86682243 0.0340586566 0.13551401870000002
16.0 0.9697256386 0.8317757009000001 0.0454115421 0.24299065420000002
