42.0 0.0955687831 0.299689441 0.0866402117 0.27639751560000003
31.0 0.0119047619 0.8416149069000001 0.0158730158 0.0745341615
45.0 0.032407407400000005 0.8074534162 0.0211640212 0.062111801300000005
4.0 0.08697089940000001 0.5465838509000001 0.0548941799 0.2298136646
11.0 0.1451719577 0.7763975156 0.0575396825 0.27329192550000003
16.0 0.1848544973 0.850931677 0.016534391500000002 0.11801242240000001
0.0 0.5942460318 0.36490683230000004 0.7070105821 0.034161490600000004
50.0 0.3422619047 0.1723602484 0.1699735449 0.2391304347
9.0 0.4983465608 0.1645962733 0.0641534391 0.2608695652
10.0 0.5667989418 0.15217391300000002 0.048941799 0.0807453417
20.0 0.6160714286 0.1614906832 0.0337301587 0.2236024845
47.0 0.7662037037 0.1692546584 0.1818783068 0.2204968944
31.0 0.9351851852 0.2422360248 0.037037037 0.1552795031
31.0 0.4107142857 0.74689441 0.0343915344 0.1645962733
9.0 0.4689153439 0.6599378882 0.0687830688 0.23291925460000001
10.0 0.5310846561 0.6723602484 0.044973545000000004 0.0900621118
16.0 0.5836640211 0.6956521739 0.0350529101 0.2298136646
4.0 0.6488095238 0.5139751553 0.06481481480000001 0.2577639752
11.0 0.730489418 0.7577639752 0.1038359788 0.3788819875
15.0 0.7748015873 0.7593167702 0.031084656000000002 0.2080745342
