42.0 0.076598735 0.30555555560000003 0.1335207309 0.2908496732
31.0 0.1788475052 0.5392156863 0.0344342937 0.1437908497
45.0 0.2150386507 0.5392156862 0.0365425158 0.1111111111
0.0 0.2807449052 0.568627451 0.037245256500000004 0.0196078431
4.0 0.28988053410000003 0.4885620915 0.0344342938 0.1405228758
16.0 0.2902319044 0.7140522875 0.0463808855 0.2254901961
0.0 0.7139845397 0.3823529412 0.5678144764 0.06535947710000001
48.0 0.47013352070000003 0.20261437910000002 0.1349262122 0.2156862745
9.0 0.5874912158 0.1781045752 0.0407589599 0.23856209150000002
10.0 0.6331693605000001 0.2009803922 0.0379479972 0.029411764700000002
15.0 0.6823612087 0.158496732 0.0463808854 0.29738562090000004
47.0 0.8144764582 0.2303921569 0.1560084329 0.2450980392
31.0 0.9701335208 0.1944444444 0.0513000703 0.2058823529
31.0 0.5787069572 0.6470588236 0.0498945889 0.18954248370000001
9.0 0.6293042867 0.6486928104 0.0442726634 0.2516339869
10.0 0.6742796908 0.6732026144000001 0.0386507378 0.045751634000000006
14.0 0.7206605762 0.6388888889000001 0.0400562193 0.3039215686
0.0 0.7842586086000001 0.6993464052 0.0463808855 0.0196078431
4.0 0.7842586086000001 0.6078431372 0.0337315531 0.1372549019
14.0 0.7853127196 0.8480392157000001 0.027406886800000002 0.2189542484
