49.0 0.052123552100000005 0.4482182628 0.0797940798 0.1213808464
39.0 0.1724581724 0.4727171492 0.057915057900000004 0.1391982183
22.0 0.2348777349 0.4526726058 0.056628056600000004 0.043429844100000004
0.0 0.6335263835 0.5189309577 0.7213642214 0.0512249443
42.0 0.3947876448 0.1508908686 0.11904761900000001 0.1503340758
34.0 0.3166023166 0.3513363029 0.0411840412 0.087973274
45.0 0.3745173746 0.3635857461 0.06692406690000001 0.074610245
19.0 0.435971686 0.34131403120000003 0.0341055341 0.09020044540000001
9.0 0.48745173740000003 0.2711581292 0.0559845559 0.09910913140000001
0.0 0.6093951094 0.17204899780000002 0.1287001287 0.0122494432
26.0 0.6264478764 0.08463251670000001 0.0456885457 0.158129176
26.0 0.5942728443 0.2466592428 0.0444015444 0.14142538970000001
34.0 0.6547619048000001 0.2444320713 0.0456885457 0.09020044540000001
3.0 0.7207207207 0.16648106910000002 0.0128700129 0.19933184850000002
49.0 0.8072715572 0.1542316258 0.07915057910000001 0.1525612472
34.0 0.925997426 0.140311804 0.054054054000000004 0.0935412026
6.0 0.9694337194 0.15311804010000002 0.0173745174 0.1815144766
42.0 0.49002574 0.7611358574 0.1319176319 0.1503340757
34.0 0.39157014160000003 0.9526726058 0.0366795367 0.083518931
45.0 0.4507722008 0.9626948775 0.064993565 0.0679287306
14.0 0.5154440154000001 0.9437639198000001 0.0398970399 0.08574610240000001
9.0 0.5768983269 0.8680400891000001 0.053410553400000005 0.087973274
0.0 0.7158944659 0.7839643652 0.1640926641 0.0155902005
26.0 0.7229729730000001 0.6948775056000001 0.053410553400000005 0.1581291759
26.0 0.6901544401 0.8680400890000001 0.0508365509 0.1592427617
34.0 0.7570785071 0.8724944321 0.0598455598 0.10801781740000001
0.0 0.859073359 0.7800668152 0.0463320463 0.0100222717
17.0 0.8564993565000001 0.7165924276000001 0.057915058000000005 0.1102449888
34.0 0.8513513513000001 0.8351893096 0.0514800515 0.1002227172
