42.0 0.1367061356 0.317047817 0.24757804090000002 0.3014553015
36.0 0.031216361600000003 0.5592515592 0.0516684607 0.1288981289
45.0 0.0780409042 0.603950104 0.0548977396 0.0644490645
1.0 0.15446716900000002 0.5873180873 0.061356297000000004 0.0686070686
0.0 0.6399354144 0.5207900208 0.5134553283000001 0.1226611226
43.0 0.47900968780000003 0.1975051975 0.27987082890000003 0.37006237000000003
14.0 0.6646932185000001 0.40852390860000004 0.0958019376 0.2349272349
13.0 0.7497308934 0.3887733888 0.0871905275 0.22037422040000001
20.0 0.9424111948 0.2837837838 0.1108719053 0.2931392932
43.0 0.4451022605 0.6902286902 0.272335845 0.44906444910000004
14.0 0.6393972013 0.8295218295000001 0.0990312164 0.1995841996
15.0 0.7136706136000001 0.869022869 0.073196986 0.237006237
19.0 0.9047362756 0.7255717256 0.11517761030000001 0.2577962578
