42.0 0.10952012380000001 0.3571428572 0.1509287925 0.29285714290000003
38.0 0.0278637771 0.7232142857 0.0386996904 0.16071428570000001
45.0 0.0654024768 0.6982142857 0.0224458204 0.09642857140000001
0.0 0.128869969 0.7410714286000001 0.0704334365 0.0464285714
4.0 0.13235294120000002 0.6625 0.0340557276 0.125
16.0 0.1339009288 0.8446428572 0.0340557276 0.16071428570000001
0.0 0.6056501548000001 0.7178571428 0.7345201238 0.2857142857
48.0 0.30263157900000004 0.4160714286 0.1145510835 0.2607142857
15.0 0.41679566560000003 0.1214285714 0.036377709 0.2071428571
38.0 0.5150928792 0.5214285714 0.06888544890000001 0.2214285714
9.0 0.5758513932 0.45714285720000003 0.0510835914 0.17142857150000002
47.0 0.721749226 0.5946428571 0.14318885450000002 0.225
19.0 0.8285603715000001 0.3142857142 0.0317337461 0.2357142857
38.0 0.9485294118 0.7053571429000001 0.0828173375 0.2107142857
15.0 0.59249226 0.8250000000000001 0.0518575851 0.2857142858
