42.0 0.0676526117 0.2728531856 0.127753304 0.4792243768
40.0 0.1507237256 0.5900277008 0.023285085 0.2770083103
45.0 0.1859660163 0.5692520776000001 0.0333543109 0.1468144045
0.0 0.2624292008 0.6038781164 0.0415355569 0.0443213297
4.0 0.25582127120000003 0.4944598338 0.0522341095 0.21329639890000002
18.0 0.24795468850000002 0.716066482 0.030207677800000002 0.2077562326
0.0 0.6910006293000001 0.7437673130000001 0.6028949025 0.5069252078
17.0 0.3842039018 0.135734072 0.0320956576 0.2603878116
48.0 0.48363750780000003 0.2216066482 0.0962869729 0.271468144
16.0 0.5563247326 0.1135734072 0.0289490245 0.2049861496
40.0 0.6079295154000001 0.3781163435 0.0239144116 0.34072022160000004
9.0 0.6526117054 0.4362880886 0.0289490245 0.1357340721
20.0 0.6903713027 0.2617728532 0.0327249842 0.2465373961
44.0 0.8058527376 0.41966759000000003 0.1403398364 0.3019390582
16.0 0.9115796098000001 0.27562326870000003 0.0283196979 0.191135734
40.0 0.9729389554000001 0.5540166205 0.033983637500000004 0.3379501386
14.0 0.6692888609000001 0.7590027701000001 0.044682190000000004 0.2770083102
