42.0 0.0627668659 0.7611301370000001 0.1024765158 0.23801369860000002
37.0 0.154355252 0.8621575342000001 0.0192143467 0.1113013699
45.0 0.1861656704 0.8767123288 0.030742954700000002 0.047945205500000004
0.0 0.238471392 0.8467465754 0.0380017079 0.0325342465
4.0 0.2374039282 0.7671232876 0.0315969257 0.0890410959
16.0 0.24252775410000002 0.9058219178 0.0196413322 0.10616438360000001
47.0 0.3573868488 0.6070205479 0.1187019641 0.1900684931
14.0 0.4338172502 0.4143835616 0.024765158000000002 0.1609589041
37.0 0.4901793339 0.5059931507000001 0.025619129 0.1489726028
9.0 0.5318104185 0.4726027397 0.0422715627 0.11643835620000001
42.0 0.6206233988000001 0.4160958904 0.1020495304 0.23630136980000002
37.0 0.6959863365000001 0.5128424657 0.0196413322 0.09760273970000001
45.0 0.7228864218000001 0.5282534246 0.0264730999 0.0428082191
0.0 0.7722032451 0.5 0.0277540564 0.027397260200000002
4.0 0.7664389411 0.4529109589 0.029035012800000003 0.1044520548
19.0 0.7715627668 0.5496575342000001 0.0204953031 0.0787671233
50.0 0.8678479932000001 0.29023972600000003 0.10631938510000001 0.1797945205
21.0 0.9346712212 0.1155821918 0.0213492741 0.1592465754
37.0 0.9856959864 0.2011986301 0.0234842015 0.1455479452
