49.0 0.05410958900000001 0.2784090909 0.0958904109 0.2522727272
30.0 0.1934931507 0.3727272727 0.052739726 0.23636363640000002
22.0 0.2726027397 0.4 0.0780821918 0.09090909100000001
0.0 0.6284246576 0.5136363637 0.6349315069 0.013636363700000001
42.0 0.39109589040000003 0.11477272720000001 0.102739726 0.21590909090000002
41.0 0.4784246575 0.35000000000000003 0.051369863 0.13636363640000002
45.0 0.5428082192 0.37159090910000003 0.0705479452 0.061363636400000005
15.0 0.6126712328 0.3636363636 0.0417808219 0.19545454550000002
9.0 0.6582191780000001 0.2556818182 0.0465753425 0.1613636364
0.0 0.7496575342 0.2295454546 0.0828767123 0.0181818181
26.0 0.7698630137 0.1636363636 0.023287671200000002 0.0818181818
26.0 0.7510273972 0.2920454545 0.0226027397 0.0840909091
41.0 0.7863013698 0.2920454545 0.0328767123 0.0977272727
3.0 0.827739726 0.2193181818 0.0089041096 0.30681818180000003
49.0 0.8873287672 0.18977272720000002 0.058219178100000005 0.1795454545
41.0 0.9654109589000001 0.2420454545 0.0390410958 0.125
6.0 0.9924657535 0.2477272727 0.005479452100000001 0.30000000000000004
42.0 0.4260273973 0.6488636364 0.1 0.21136363630000002
41.0 0.5071917808 0.8897727273 0.044520548 0.1431818182
45.0 0.5770547945 0.9147727272 0.0719178082 0.0795454545
17.0 0.645890411 0.8488636364000001 0.0424657535 0.1568181818
9.0 0.6962328767 0.7579545455000001 0.05 0.1477272727
0.0 0.8020547945000001 0.7375 0.1205479452 0.015909091
26.0 0.8082191781 0.6829545454 0.0246575342 0.0886363637
26.0 0.7897260274 0.8045454546 0.0246575342 0.0863636363
41.0 0.8215753425000001 0.8011363636000001 0.0308219178 0.1022727273
21.0 0.8739726028 0.6034090910000001 0.028767123300000003 0.1659090909
11.0 0.9085616438 0.6295454545 0.0431506849 0.25
41.0 0.9469178082 0.7488636364 0.0404109589 0.13863636370000001
