42.0 0.1274509804 0.275 0.23284313720000002 0.4833333334
35.0 0.2922794118 0.5291666666 0.0526960785 0.2333333333
45.0 0.3590686274 0.6312500000000001 0.0637254901 0.1708333334
10.0 0.4325980392 0.70625 0.039215686300000004 0.0208333334
1.0 0.5367647058 0.5458333334000001 0.0955882353 0.09166666670000001
0.0 0.8112745098 0.3854166666 0.2965686274 0.0291666667
19.0 0.8351715686000001 0.1604166666 0.0796568627 0.2958333333
27.0 0.7726715687 0.8020833334 0.0968137255 0.3208333333
17.0 0.8572303922000001 0.5645833334 0.0723039215 0.2791666667
35.0 0.9381127451000001 0.5625 0.074754902 0.2833333334
