49.0 0.0507054674 0.5444964871 0.0837742504 0.2646370024
36.0 0.184303351 0.5597189696 0.052910052900000004 0.16393442630000002
22.0 0.2513227514 0.5222482436 0.0634920635 0.1217798595
0.0 0.6644620811 0.5761124122 0.6164021164 0.0468384075
42.0 0.37874779540000003 0.2470725996 0.1225749559 0.2177985949
30.0 0.46031746030000004 0.4004683841 0.0317460318 0.131147541
45.0 0.4955908289 0.387587822 0.037037037 0.07728337240000001
17.0 0.5432098766 0.3946135831 0.0335097001 0.1100702576
9.0 0.5762786596 0.23770491800000002 0.0291005291 0.10070257610000001
0.0 0.6935626102 0.2412177986 0.0890652557 0.0234192038
26.0 0.7557319224 0.456674473 0.1322751322 0.8992974239
26.0 0.6582892416 0.2412177986 0.030864197500000003 0.1264637002
30.0 0.7257495591 0.3395784544 0.0264550264 0.1217798595
3.0 0.7795414462 0.2201405152 0.0105820106 0.20140515220000002
49.0 0.8509700176 0.2318501171 0.0617283951 0.19672131140000002
30.0 0.9488536156 0.21662763470000002 0.038800705500000005 0.1475409836
6.0 0.9805996473 0.2201405152 0.0105820106 0.20140515220000002
42.0 0.4285714286 0.7470725996 0.1181657848 0.1592505855
30.0 0.5070546737 0.93793911 0.024691358 0.1241217799
45.0 0.549382716 0.9309133490000001 0.038800705500000005 0.0772833723
21.0 0.5930335097 0.9285714286000001 0.027336860600000002 0.1241217799
9.0 0.6278659612 0.7810304450000001 0.037037037 0.10070257610000001
0.0 0.7579365079 0.7833723654 0.0361552028 0.0257611241
26.0 0.7592592592 0.6955503513 0.029982363300000002 0.1358313818
26.0 0.7376543210000001 0.8676814988 0.0238095238 0.1381733021
30.0 0.7729276896 0.8770491803 0.0291005291 0.1147540984
15.0 0.8386243386000001 0.6779859484 0.0352733686 0.1569086651
11.0 0.8805114638 0.6662763466 0.0731922399 0.2318501171
30.0 0.9069664903 0.7775175644000001 0.0343915344 0.149882904
