42.0 0.0438884332 0.14728682170000001 0.0812141099 0.2046511628
39.0 0.0984413454 0.3395348837 0.0172272355 0.080620155
45.0 0.1212059065 0.3682170542 0.0274815422 0.0480620155
13.0 0.1447908122 0.36201550390000004 0.0082034455 0.1069767442
9.0 0.1607875308 0.2860465116 0.013945857300000001 0.0635658915
0.0 0.5896226415 0.6038759690000001 0.7698933552 0.40775193800000004
10.0 0.3952009844 0.3558139535 0.022559475000000002 0.0139534884
19.0 0.4251435603 0.3465116279 0.0250205086 0.09767441860000001
48.0 0.4930270714 0.4178294574 0.0746513536 0.16279069770000001
39.0 0.5752666120000001 0.4550387597 0.029122231300000002 0.1131782946
48.0 0.6439704676 0.49224806200000004 0.0795734208 0.1410852713
19.0 0.7118539787 0.4434108527 0.0217391304 0.080620155
39.0 0.7614848236 0.5682170542 0.0299425759 0.1224806201
46.0 0.24097621 0.4883720931 0.0840853158 0.1333333333
17.0 0.307219032 0.4527131783 0.016406890900000002 0.08992248060000001
39.0 0.34495488100000005 0.5302325581 0.0262510255 0.10852713180000001
9.0 0.3716160788 0.5480620155 0.0196882691 0.0945736434
2.0 0.3933552092 0.5581395348 0.0155865464 0.1488372093
14.0 0.42288761280000003 0.5713178294 0.038556193600000004 0.13178294570000001
39.0 0.4598031173 0.607751938 0.0295324036 0.1178294574
50.0 0.5525020508 0.6643410852 0.1222313371 0.16899224810000002
39.0 0.6540196882 0.7170542636 0.029122231300000002 0.10387596900000001
9.0 0.6843724364 0.7379844961 0.0274815422 0.08992248060000001
14.0 0.7212879409 0.7728682171 0.0471698113 0.1596899225
5.0 0.7526661198 0.7906976745000001 0.0188679245 0.1674418605
47.0 0.8531583265 0.8736434108000001 0.1345365054 0.1534883721
13.0 0.9317063166 0.8348837209000001 0.0118949959 0.11937984500000001
39.0 0.9813371616000001 0.9271317830000001 0.033223954 0.11782945730000001
