49.0 0.0364858377 0.4564989518 0.06337013920000001 0.17085953880000002
29.0 0.11617858860000001 0.4418238994 0.033605376900000004 0.15618448640000002
22.0 0.1721075372 0.4606918239 0.054248679800000005 0.061844863800000004
0.0 0.6070571292 0.49371069180000005 0.7772443591 0.010482180300000001
42.0 0.4140662506 0.1320754717 0.1108977436 0.18238993720000002
35.0 0.3151704272 0.3815513627 0.034085453700000004 0.06498951780000001
45.0 0.3518963034 0.4098532495 0.0355256841 0.041928721200000005
4.0 0.4107057129 0.2940251572 0.063850216 0.1100628931
11.0 0.459193471 0.3406708596 0.0360057609 0.1509433963
14.0 0.4803168507 0.3888888889 0.029284685600000002 0.07337526200000001
10.0 0.5098415746 0.3312368972 0.0192030725 0.0041928721
0.0 0.5926548248 0.1624737946 0.0811329813 0.0062893081
26.0 0.6156985118 0.07232704400000001 0.0312049928 0.1257861635
26.0 0.5804128660000001 0.2348008386 0.0288046087 0.1257861635
35.0 0.6303408545 0.24737945500000003 0.054728756600000004 0.11949685530000001
48.0 0.7693230916 0.14412997900000002 0.1214594335 0.1247379455
35.0 0.8888622180000001 0.1174004193 0.052328372500000005 0.11320754720000001
42.0 0.32861257800000004 0.6174004193 0.102256361 0.18029350100000002
35.0 0.23835813730000002 0.8658280922 0.0340854536 0.0649895179
45.0 0.2746039366 0.892557652 0.0355256841 0.0408805032
4.0 0.3300528084 0.7683438155000001 0.0590494479 0.09853249480000001
11.0 0.3790206433 0.8333333333 0.032165146400000004 0.19287211740000001
15.0 0.4068650984 0.8784067086 0.0196831493 0.06918239
10.0 0.4299087854 0.8165618449000001 0.0196831493 0.0062893082000000005
0.0 0.517762842 0.6504192872 0.0984157465 0.0073375262000000005
26.0 0.5348055689 0.570754717 0.030724916 0.13731656180000001
26.0 0.501200192 0.7269392033000001 0.030724916 0.1352201257
35.0 0.5542486798 0.7258909854000001 0.060009601600000004 0.1100628931
10.0 0.6207393183000001 0.641509434 0.031685069600000004 0.010482180300000001
18.0 0.6651464234000001 0.6058700210000001 0.0360057609 0.1341719077
44.0 0.7767642823 0.6388888889000001 0.1421027364 0.1121593292
14.0 0.8915026404 0.5403563942 0.030724916 0.0681341719
35.0 0.9695151224 0.6037735849 0.057129140700000004 0.11320754720000001
