42.0 0.2524271845 0.4965397924 0.39805825240000003 0.32871972320000004
39.0 0.0788834952 0.7439446367 0.11893203890000001 0.12456747400000001
45.0 0.1844660195 0.7560553633 0.10679611650000001 0.1003460208
1.0 0.3628640776 0.7404844291 0.1674757281 0.11072664360000001
0.0 0.8240291262 0.6262975778000001 0.25970873780000003 0.0622837371
3.0 0.7439320388 0.3010380623 0.0315533981 0.5467128028
39.0 0.8580097088 0.3702422145 0.1529126213 0.2076124567
6.0 0.9550970874 0.3442906575 0.0266990291 0.5224913495
19.0 0.7463592233 0.8131487890000001 0.182038835 0.35986159170000004
39.0 0.9029126214000001 0.8944636678000001 0.1407766991 0.20415224910000002
