42.0 0.0750708216 0.4879356568 0.1478753541 0.27882037530000003
35.0 0.1651558074 0.7198391421 0.0186968839 0.1367292226
45.0 0.19575070830000002 0.7332439678 0.0345609065 0.1099195711
16.0 0.2325779037 0.7077747989000001 0.0232294618 0.1340482574
9.0 0.2529745042 0.5589812332 0.0164305949 0.10455764070000001
0.0 0.6764872522 0.5884718498 0.6379603399 0.0670241287
0.0 0.4218130312 0.3485254692 0.0390934844 0.021447721200000002
26.0 0.4218130312 0.2466487936 0.023229461700000002 0.1340482574
26.0 0.411898017 0.4504021448 0.023796034 0.1394101877
35.0 0.4354107649 0.4410187668 0.0175637394 0.1313672923
2.0 0.4824362606 0.3203753352 0.0277620397 0.28150134050000003
20.0 0.5141643060000001 0.2962466488 0.028895184100000002 0.19571045580000002
9.0 0.5439093484 0.3391420912 0.022662889500000002 0.15817694370000002
10.0 0.5688385269 0.3217158177 0.0181303116 0.021447721200000002
16.0 0.5994334278 0.30160857900000004 0.029461756300000003 0.1796246649
46.0 0.6932011332 0.34182305630000004 0.11274787530000001 0.19571045580000002
20.0 0.7708215298000001 0.15817694370000002 0.017563739300000002 0.1501340482
35.0 0.8303116148 0.30697050940000004 0.0277620397 0.1689008043
5.0 0.8606232295 0.3056300268 0.0271954674 0.273458445
0.0 0.3583569406 0.8109919571 0.0492917847 0.018766756000000002
26.0 0.359490085 0.6997319034 0.0232294618 0.1179624665
26.0 0.350141643 0.8914209116 0.0249291785 0.1367292225
35.0 0.37450424930000004 0.8847184986000001 0.0192634561 0.1286863271
2.0 0.41869688380000003 0.7868632708000001 0.0260623229 0.28150134050000003
50.0 0.5025495751 0.7774798928000001 0.0985835694 0.1769436997
35.0 0.6144475921 0.7774798928000001 0.026628895200000002 0.1769436997
9.0 0.642776204 0.789544236 0.0220963173 0.1367292225
35.0 0.6728045326000001 0.7774798928000001 0.026628895200000002 0.1769436997
47.0 0.7657223796 0.7989276139 0.1116147308 0.1823056301
13.0 0.8416430595000001 0.663538874 0.0175637394 0.15817694370000002
35.0 0.8923512748 0.7935656836 0.0271954674 0.1983914209
5.0 0.9201133144 0.801608579 0.0237960339 0.3109919571
