42.0 0.0844103393 0.4783861672 0.1510500807 0.2593659943
39.0 0.03634895 0.7593659942000001 0.0323101777 0.1066282421
45.0 0.0771405492 0.7463976945 0.036348949900000004 0.0749279539
1.0 0.1381260097 0.6902017291 0.0452342488 0.10662824200000001
0.0 0.5617932149 0.5432276657 0.7843295638000001 0.0547550432
43.0 0.3239095315 0.2737752162 0.13731825520000002 0.40345821330000003
17.0 0.43053311800000005 0.3876080692 0.038772213300000004 0.1412103747
17.0 0.4777867529 0.3674351585 0.0395799677 0.1123919308
39.0 0.581987076 0.2334293948 0.0476575121 0.1729106628
43.0 0.7015347334 0.265129683 0.1187399031 0.3919308358
19.0 0.8182552504 0.3659942363 0.0306946688 0.1729106628
17.0 0.8582390954 0.3962536023 0.0395799677 0.1527377522
14.0 0.9584006462 0.19740634 0.0476575122 0.1930835735
43.0 0.3893376414 0.7694524495 0.14378029080000002 0.4495677233
13.0 0.47455573500000003 0.8256484150000001 0.0072697899 0.1412103746
12.0 0.5048465267 0.8443804034 0.033925686600000005 0.1268011527
13.0 0.5799676898 0.6527377522000001 0.0113085622 0.1988472623
43.0 0.7096122779 0.7708933717 0.14458804520000001 0.4466858789
21.0 0.8012924071 0.8299711815 0.0226171244 0.1210374639
13.0 0.8251211632000001 0.8515850144 0.00726979 0.1757925072
39.0 0.9087237480000001 0.6786743516 0.0403877221 0.1527377522
