42.0 0.1516393443 0.2364130435 0.2650273224 0.4293478261
29.0 0.3592896175 0.6711956522 0.068306011 0.4076086957
45.0 0.4508196722 0.7364130435 0.11202185790000001 0.2445652174
1.0 0.5635245902 0.7065217392 0.0669398907 0.1956521739
0.0 0.8278688524000001 0.5978260870000001 0.3442622951 0.1195652174
3.0 0.831284153 0.3858695652 0.0068306011 0.347826087
29.0 0.8709016394 0.3831521739 0.0505464481 0.3532608696
6.0 0.906420765 0.4130434783 0.0068306011 0.3369565217
15.0 0.7670765027 0.7418478261 0.0505464481 0.2663043478
29.0 0.8230874317 0.7880434782 0.0532786886 0.35869565210000004
9.0 0.8804644808000001 0.7880434782 0.0505464481 0.1739130435
18.0 0.9487704918000001 0.820652174 0.056010929 0.3260869565
