42.0 0.0808743169 0.5760626399000001 0.131147541 0.3378076063
36.0 0.0180327869 0.8590604027000001 0.0273224044 0.1163310962
45.0 0.0573770492 0.8579418345000001 0.03715847 0.060402684500000005
0.0 0.13087431700000002 0.8467561521 0.059562841500000005 0.033557047
4.0 0.1267759562 0.7673378076 0.0480874317 0.1163310962
20.0 0.1379781421 0.9161073826 0.030054644800000002 0.1364653243
0.0 0.6237704918 0.47315436240000003 0.7502732240000001 0.19910514540000002
20.0 0.24644808740000002 0.3255033557 0.0535519126 0.24832214760000001
47.0 0.3989071038 0.3680089486 0.193442623 0.2080536913
20.0 0.5147540984 0.16107382550000002 0.0229508197 0.1208053692
36.0 0.5836065574 0.2651006712 0.0360655738 0.1677852349
9.0 0.6352459016 0.24384787470000002 0.0486338798 0.1387024608
18.0 0.6915300546 0.2248322148 0.0387978142 0.22595078300000002
50.0 0.8125683060000001 0.2125279642 0.1519125683 0.2102908278
18.0 0.9027322404 0.0659955258 0.0185792349 0.1051454139
36.0 0.9595628415 0.1577181208 0.0338797814 0.14988814320000002
15.0 0.6502732240000001 0.5313199106000001 0.045901639300000005 0.2080536913
