42.0 0.07790284360000001 0.3250688706 0.11552132700000001 0.4573002755
34.0 0.1892772512 0.6253443526 0.032582938400000004 0.14876033060000002
45.0 0.2248222749 0.6418732782000001 0.038507109000000005 0.0771349862
14.0 0.27280805680000003 0.6115702479 0.0373222749 0.2258953168
9.0 0.3145734597 0.4201101928 0.039099526 0.1184573003
0.0 0.6789099526 0.5013774104000001 0.605450237 0.1101928375
17.0 0.4979265403 0.2162534435 0.0622037915 0.2782369146
9.0 0.561907583 0.25068870520000003 0.0586492891 0.1763085399
10.0 0.6090047393 0.282369146 0.0367298578 0.0247933884
19.0 0.6469194313000001 0.20110192840000002 0.0272511848 0.2314049587
47.0 0.7704383886 0.3250688705 0.1581753555 0.258953168
13.0 0.8492298578 0.13085399450000001 0.0041469194 0.217630854
34.0 0.9063981042 0.2768595041 0.0426540285 0.19008264460000002
48.0 0.4567535545 0.7396694214 0.11374407580000001 0.34435261710000004
34.0 0.5633886256 0.7217630854 0.0402843602 0.2038567494
9.0 0.6208530806 0.6776859504 0.060426540300000005 0.170798898
34.0 0.6664691943000001 0.7134986226000001 0.037914692 0.1928374656
47.0 0.7950236966 0.8181818182 0.1563981043 0.3415977962
17.0 0.8948459715 0.5757575758 0.0432464455 0.23691460050000002
34.0 0.9697867298 0.717630854 0.0379146919 0.20110192840000002
