42.0 0.0422562142 0.22418879060000002 0.0837476099 0.3598820059
28.0 0.0936902486 0.7359882006 0.0275334608 0.2566371682
45.0 0.13613766730000001 0.6932153392 0.0497131932 0.0825958702
4.0 0.2049713193 0.43952802360000004 0.0596558318 0.3067846608
11.0 0.2577437858 0.6519174042 0.043594646300000005 0.5899705015
20.0 0.282791587 0.721238938 0.014149139600000001 0.1622418879
50.0 0.3703632888 0.2979351032 0.1013384321 0.34218289090000004
15.0 0.4478011472 0.1784660766 0.015296367100000001 0.1622418879
28.0 0.4959847036 0.4498525074 0.0282982791 0.2861356932
9.0 0.5288718929 0.3480825958 0.0244741874 0.2123893805
42.0 0.5963671128 0.3569321534 0.06462715100000001 0.3244837758
28.0 0.6462715105 0.8023598820000001 0.0198852772 0.22418879060000002
45.0 0.6782026768 0.7581120944 0.0370936903 0.058997050200000005
4.0 0.7300191204 0.5457227138 0.048948374700000005 0.29498525070000003
11.0 0.7827915870000001 0.6887905605 0.0397705544 0.5162241888
14.0 0.7982791587 0.7713864307 0.0187380498 0.1386430678
47.0 0.8833652008 0.46607669620000003 0.1101338432 0.2713864307
14.0 0.9432122371 0.27581120940000003 0.017208413000000002 0.1268436578
28.0 0.9868068834 0.5796460177 0.0225621415 0.2979351032
