42.0 0.1066597294 0.2554347826 0.1821019771 0.4384057971
29.0 0.2424557752 0.6322463768000001 0.056191467200000005 0.2065217392
45.0 0.2950052029 0.6974637682 0.0489073882 0.0615942029
1.0 0.366805411 0.6231884058 0.055150884500000004 0.0869565218
20.0 0.52289282 0.365942029 0.0655567118 0.3115942029
9.0 0.6170655567000001 0.338768116 0.0998959418 0.2644927537
0.0 0.8397502602 0.527173913 0.3142559833 0.0398550725
48.0 0.7502601457 0.2735507246 0.1165452654 0.35869565210000004
29.0 0.9214360042 0.2952898551 0.0738813735 0.27173913040000003
7.0 0.8178980229 0.7644927536 0.22268470340000002 0.4637681159
39.0 0.9094693028 0.8478260870000001 0.049947970800000005 0.1739130435
