42.0 0.152453271 0.3363636364 0.2768691589 0.6218181818
39.0 0.3522196262 0.689090909 0.054906542100000004 0.22909090910000002
45.0 0.4153037383 0.7436363636000001 0.066588785 0.1418181818
15.0 0.49299065420000004 0.6890909091 0.058411215 0.27272727280000003
10.0 0.5572429906 0.4218181818 0.0560747663 0.0290909091
0.0 0.8539719626000001 0.48 0.2827102804 0.050909091000000004
39.0 0.8498831776 0.3054545454 0.0665887851 0.3054545455
3.0 0.7178738318 0.72 0.0105140187 0.49454545460000005
39.0 0.7640186916 0.7309090909 0.0654205608 0.3127272728
9.0 0.851635514 0.6854545455000001 0.0817757009 0.22909090910000002
14.0 0.9398364486 0.6963636364 0.066588785 0.31636363630000003
6.0 0.9859813084000001 0.72 0.011682243 0.49454545460000005
