27.0 0.046666666600000004 0.7851851852 0.0816666667 0.3259259259
42.0 0.1358333333 0.49259259260000005 0.09 0.3481481482
30.0 0.2129166667 0.8222222222000001 0.0375 0.2962962963
45.0 0.2641666667 0.8888888888 0.05 0.1185185185
18.0 0.3191666667 0.7888888888000001 0.035 0.3111111111
9.0 0.3633333334 0.5796296297 0.0433333333 0.2111111111
46.0 0.4954166667 0.4944444444 0.12250000000000001 0.2111111111
30.0 0.62875 0.47222222220000004 0.0425 0.2703703704
0.0 0.8237500000000001 0.5277777778 0.3425 0.0259259259
49.0 0.7058333334 0.2296296296 0.058333333300000005 0.3481481481
2.0 0.7875000000000001 0.2611111111 0.025 0.5148148148
15.0 0.8316666666 0.18333333340000002 0.0483333333 0.2333333333
9.0 0.8766666666 0.1944444444 0.0416666667 0.1888888889
30.0 0.9245833333000001 0.1907407408 0.0425 0.2629629629
5.0 0.9608333333 0.2537037037 0.025 0.4111111112
48.0 0.7887500000000001 0.7425925926 0.1108333334 0.3666666666
30.0 0.89375 0.7185185186 0.039166666600000004 0.2814814815
