49.0 0.0293980402 0.626446281 0.0494633691 0.17851239670000002
33.0 0.0898273448 0.5950413223000001 0.0191320579 0.1157024794
22.0 0.1173588428 0.5694214876 0.0349976669 0.07107438020000001
0.0 0.535930938 0.585123967 0.9244050397 0.1355371901
42.0 0.23635091 0.3363636364 0.0751283247 0.1305785124
39.0 0.287914139 0.5239669421 0.0158656089 0.0760330579
45.0 0.3149790014 0.5330578512 0.026131591200000002 0.0280991735
4.0 0.35487634160000003 0.35619834710000003 0.0471301913 0.1404958678
11.0 0.4034064396 0.4231404959 0.022865142300000002 0.1917355372
15.0 0.4311712552 0.48842975200000005 0.024265048900000002 0.1008264463
10.0 0.4542697154 0.4099173553 0.0237984135 0.013223140500000001
10.0 0.5037330844 0.25123966940000003 0.0293980401 0.013223140500000001
15.0 0.5419972002 0.2148760331 0.0349976668 0.1355371901
44.0 0.6409239384000001 0.1909090909 0.11712552500000001 0.120661157
20.0 0.7123191788000001 0.067768595 0.0293980401 0.1057851239
39.0 0.7830144657 0.12644628100000002 0.0335977602 0.11074380160000001
42.0 0.1938870742 0.7330578512 0.0657956136 0.1371900827
39.0 0.2529164722 0.9305785124 0.0177321512 0.0760330578
45.0 0.27811479240000003 0.9413223140000001 0.027064862300000003 0.0280991735
4.0 0.3173121792 0.7652892562 0.0503966402 0.13553719
11.0 0.3651423238 0.8330578512 0.0275314979 0.24132231410000002
20.0 0.3889407373 0.9272727272 0.0237984134 0.1190082645
10.0 0.4101726552 0.8330578512 0.0214652357 0.0099173553
17.0 0.4671021932 0.6710743802 0.0345310312 0.18842975210000001
48.0 0.5419972002 0.6520661157000001 0.08259449370000001 0.1504132232
18.0 0.6021931871 0.552892562 0.025664955700000002 0.1140495868
39.0 0.6742883808 0.6330578512 0.0354643024 0.12561983470000002
46.0 0.7748483434000001 0.6198347107000001 0.1264582361 0.1388429752
39.0 0.8980401307 0.5859504132000001 0.046196920200000005 0.1305785124
