42.0 0.204787234 0.36274509800000004 0.3138297873 0.568627451
36.0 0.1294326241 0.7205882352 0.04964539 0.1568627451
45.0 0.1976950354 0.6838235294 0.09042553190000001 0.09313725490000001
21.0 0.30496453900000003 0.7009803922000001 0.046099290800000005 0.2352941177
0.0 0.649822695 0.3651960784 0.5585106383 0.053921568600000004
36.0 0.774822695 0.13235294120000002 0.0921985815 0.2549019608
3.0 0.5523049646 0.6642156862 0.0195035461 0.5245098039
36.0 0.6170212766000001 0.7745098039 0.0744680851 0.3039215686
9.0 0.7535460993 0.6911764706 0.1312056738 0.3921568628
18.0 0.890070922 0.6985294118 0.1063829787 0.40686274510000003
6.0 0.9796099290000001 0.6642156862 0.0195035461 0.5245098039
