49.0 0.031054513000000002 0.47118380060000004 0.0585344057 0.1884735202
39.0 0.1036639857 0.496105919 0.0384271672 0.1355140186
22.0 0.1516979446 0.48208722740000004 0.0388739946 0.0732087228
0.0 0.562109026 0.5070093458 0.8677390527000001 0.06697819320000001
42.0 0.3009383378 0.21728971960000001 0.0889186774 0.1386292835
38.0 0.3601429848 0.4447040498 0.0411081322 0.1323987539
45.0 0.3983467382 0.4423676012 0.029043789100000002 0.0342679127
4.0 0.45017873100000005 0.28894081 0.0540661304 0.1323987539
11.0 0.5024575514 0.3325545171 0.0308310992 0.2165109034
14.0 0.5341823056 0.4088785046 0.029937444100000002 0.1323987539
10.0 0.5612153709000001 0.32242990660000004 0.018766756000000002 0.0218068535
10.0 0.6132707774 0.2250778816 0.0183199285 0.023364486
14.0 0.6418677391000001 0.19314641740000002 0.027256479 0.1370716511
48.0 0.723637176 0.16744548280000002 0.0844504021 0.1448598131
16.0 0.7815013405 0.0700934579 0.0285969616 0.1339563863
38.0 0.8525469169000001 0.19781931460000002 0.050938337800000004 0.13084112150000002
42.0 0.2234137623 0.6869158878 0.0697050938 0.1464174455
38.0 0.2964700625 0.8933021806 0.0424486149 0.0950155763
45.0 0.33333333330000003 0.9252336448 0.0285969616 0.0404984423
4.0 0.39075067020000004 0.785046729 0.0612153709 0.15576323990000002
11.0 0.42537980340000003 0.8372274143 0.022341376200000002 0.253894081
14.0 0.4609025916 0.918224299 0.0308310992 0.1573208723
10.0 0.48570151920000004 0.8138629284000001 0.0196604111 0.023364485900000002
20.0 0.542225201 0.676012461 0.029937444100000002 0.1277258567
48.0 0.6244414656 0.6767912772 0.0853440572 0.1573208723
16.0 0.6791778373 0.5732087228 0.0285969615 0.1277258567
38.0 0.7482126899 0.6985981308 0.0504915102 0.1105919003
44.0 0.8382484361 0.7250778817 0.0929401252 0.1448598131
38.0 0.943699732 0.6985981308 0.0527256479 0.1199376947
