42.0 0.0816723384 0.32421875 0.0777831794 0.2630208334
8.0 0.0177442878 0.5716145833 0.020904229400000002 0.1223958333
45.0 0.0636849781 0.59375 0.026251823 0.0833333334
0.0 0.11521633440000001 0.6263020833 0.0350024307 0.0182291667
4.0 0.1135148274 0.5598958333 0.0335439961 0.10416666670000001
14.0 0.11886242100000001 0.6966145833 0.022848809 0.11197916670000001
0.0 0.5930967428 0.46484375 0.7894992708 0.16927083340000001
0.0 0.23164803120000002 0.20572916670000002 0.07438016530000001 0.03125
26.0 0.23869713180000002 0.1041666666 0.0252795333 0.1666666667
26.0 0.2139037433 0.31640625 0.026251823 0.1953125
8.0 0.25449684 0.296875 0.0228488089 0.13020833340000001
2.0 0.30238210990000003 0.1953125 0.022362664100000002 0.21875000000000003
47.0 0.4137092854 0.21614583340000001 0.1409820127 0.24479166670000002
8.0 0.5328147788 0.20442708340000001 0.0369470102 0.1901041667
9.0 0.5875060768 0.234375 0.0461837628 0.2291666666
10.0 0.6397666504 0.23958333340000001 0.041808458900000005 0.0572916667
21.0 0.690811862 0.21484375 0.0466699077 0.2994791666
48.0 0.8009236752000001 0.2369791666 0.1152163345 0.2916666667
8.0 0.930238211 0.2643229166 0.0432668936 0.2161458333
5.0 0.98104035 0.28515625 0.030140982 0.2526041666
0.0 0.35537190080000003 0.625 0.07486631020000001 0.03125
26.0 0.3607194944 0.5065104166000001 0.0243072436 0.1588541667
26.0 0.3361691785 0.7408854167000001 0.0267379679 0.1848958333
8.0 0.381137579 0.7330729167000001 0.0252795333 0.1328125
2.0 0.4304812834 0.6236979167000001 0.0238210987 0.2317708333
8.0 0.4946524064 0.6197916667000001 0.041322314000000006 0.203125
9.0 0.5646572679 0.6263020833 0.042294603800000004 0.2005208333
10.0 0.6222654351 0.6640625 0.0456976178 0.0572916666
14.0 0.6672338357 0.6510416667000001 0.041322314000000006 0.203125
0.0 0.7352941177 0.71484375 0.0549343705 0.0286458334
4.0 0.7442877978 0.6223958333 0.061254253700000004 0.1458333333
21.0 0.7472046670000001 0.8528645833 0.034030141 0.2161458333
5.0 0.820855615 0.69921875 0.030627126900000003 0.2421875
