0.0 0.5216981132 0.5536764706 0.9490566038 0.054411764700000004
42.0 0.1066037736 0.15294117640000002 0.1943396226 0.1647058823
39.0 0.037264151 0.39485294120000003 0.0292452831 0.06617647060000001
45.0 0.075 0.3860294118 0.038679245200000004 0.0426470588
13.0 0.1183962264 0.3926470588 0.012264151000000001 0.058823529400000005
9.0 0.1537735849 0.2911764706 0.047169811400000004 0.058823529400000005
0.0 0.3533018868 0.1860294117 0.1839622642 0.013235294100000001
26.0 0.36320754720000004 0.09411764700000001 0.0811320755 0.1735294117
26.0 0.3216981132 0.2838235294 0.0698113208 0.1764705882
39.0 0.39764150940000004 0.2955882353 0.05 0.1029411764
19.0 0.491509434 0.1779411764 0.0490566037 0.13823529410000002
12.0 0.5650943396 0.18088235300000002 0.0716981132 0.1176470589
16.0 0.637735849 0.1595588235 0.0547169811 0.1426470588
49.0 0.7735849056 0.1705882353 0.1094339623 0.1382352942
39.0 0.9287735849000001 0.17500000000000002 0.06509433960000001 0.10882352940000001
15.0 0.9759433962 0.0529411765 0.048113207500000005 0.0676470588
42.0 0.2410377358 0.7330882353 0.1915094339 0.225
39.0 0.1641509434 0.9220588236 0.032075471700000004 0.0647058823
45.0 0.2028301887 0.9220588236 0.0433962264 0.0529411765
12.0 0.2575471699 0.918382353 0.0396226415 0.060294117700000004
9.0 0.3023584905 0.8183823529 0.0462264151 0.0573529411
0.0 0.48820754720000004 0.7183823530000001 0.1669811321 0.013235294100000001
26.0 0.4966981132 0.6279411765 0.07641509440000001 0.1676470588
26.0 0.4632075472 0.8102941176 0.0754716981 0.1588235295
39.0 0.5382075472 0.8375 0.053773584900000004 0.1044117648
7.0 0.7353773585000001 0.7147058824 0.2481132076 0.3647058823
40.0 0.8471698113 0.768382353 0.056603773600000004 0.1455882353
