42.0 0.0522432113 0.5386904762 0.0938606848 0.16071428570000001
41.0 0.0386658796 0.9255952381 0.021841794600000002 0.0714285714
45.0 0.0628689492 0.8794642857 0.027744982300000002 0.0803571428
13.0 0.0900236128 0.8824404762 0.0053128689 0.1101190476
9.0 0.1041912633 0.6755952381 0.024203069600000002 0.1011904762
0.0 0.5838252656 0.4002976191 0.7685950413 0.2172619047
10.0 0.4406729634 0.2678571428 0.0324675324 0.0416666667
48.0 0.5194805195000001 0.2619047619 0.07556080280000001 0.1666666666
41.0 0.6216056671 0.2738095238 0.0259740259 0.1011904762
50.0 0.7074970484 0.22321428570000001 0.0914994096 0.1428571428
14.0 0.7623966942 0.0491071428 0.0159386068 0.0744047619
41.0 0.8170011806 0.2098214286 0.0236127509 0.08630952380000001
47.0 0.2747933884 0.6845238095 0.1481700118 0.1845238095
19.0 0.34769775680000004 0.5133928571 0.018890200700000002 0.0803571429
41.0 0.415879575 0.6502976191000001 0.026564344700000003 0.1101190477
9.0 0.45484061400000003 0.5654761905 0.0348288075 0.15476190480000002
2.0 0.48819362460000004 0.5505952381 0.0200708383 0.22619047620000002
14.0 0.5197756789 0.5699404762 0.0324675325 0.1279761904
41.0 0.554309327 0.5877976191000001 0.025974026 0.0982142857
50.0 0.6416765054 0.5833333333 0.0909090909 0.2023809524
41.0 0.7384887840000001 0.5252976191000001 0.0247933885 0.10416666670000001
9.0 0.7656434474 0.4479166667 0.0259740259 0.1398809524
15.0 0.7987012987000001 0.4568452381 0.0247933884 0.1577380952
5.0 0.8234946871000001 0.42113095240000004 0.0165289256 0.2470238095
48.0 0.8899055490000001 0.43898809520000004 0.0667060212 0.16964285710000002
14.0 0.9347697757000001 0.3050595238 0.0135773318 0.068452381
41.0 0.9825855962000001 0.4226190476 0.0194805195 0.0952380952
