42.0 0.1093373494 0.4485488127 0.1897590362 0.327176781
39.0 0.22740963860000002 0.6926121372 0.0355421687 0.21372031660000002
45.0 0.2813253012 0.7044854882 0.0397590362 0.0633245383
13.0 0.3319277108 0.6306068602 0.043373493900000004 0.1846965699
0.0 0.7150602410000001 0.5277044855 0.5626506024 0.1741424802
0.0 0.4430722892 0.25989445910000003 0.0873493976 0.023746701800000002
26.0 0.4545180723 0.1490765172 0.0307228916 0.18205804750000001
26.0 0.4388554217 0.38786279690000003 0.0343373494 0.2058047493
39.0 0.4710843374 0.3997361478 0.0349397591 0.18205804750000001
2.0 0.5228915663 0.2242744063 0.021686747000000003 0.2480211082
27.0 0.5551204819000001 0.2374670184 0.0403614458 0.1635883905
39.0 0.5879518072000001 0.0910290238 0.0289156627 0.1556728233
9.0 0.6391566265 0.1992084433 0.0325301204 0.1345646438
10.0 0.6737951807 0.2308707124 0.022289156600000002 0.029023746700000002
14.0 0.7120481928 0.1926121372 0.0421686747 0.21635883900000002
48.0 0.7885542169 0.18733509240000001 0.0807228916 0.1952506597
39.0 0.8768072289000001 0.1833773088 0.0307228916 0.18205804750000001
10.0 0.9165662651 0.21635883900000002 0.0186746988 0.0263852243
13.0 0.9475903614000001 0.1490765172 0.0373493975 0.18205804750000001
5.0 0.9734939759000001 0.21635883900000002 0.0168674698 0.2480211081
0.0 0.4701807229 0.7717678101000001 0.0512048192 0.029023746700000002
26.0 0.461746988 0.6622691293 0.0343373494 0.20580474940000001
26.0 0.44036144580000003 0.8931398416 0.0313253012 0.2031662269
39.0 0.4759036144 0.8970976253 0.0349397591 0.1741424802
2.0 0.5325301204 0.7269129288 0.0265060241 0.2559366755
39.0 0.5587349398 0.7031662270000001 0.0379518073 0.21899736150000002
19.0 0.6027108433 0.5831134564 0.023493975900000002 0.1635883905
9.0 0.6518072289 0.6781002638 0.0337349398 0.1319261213
13.0 0.6939759036 0.6385224274 0.043373494000000005 0.18997361470000002
39.0 0.7349397590000001 0.6886543536 0.0349397591 0.23218997360000002
13.0 0.7807228916000001 0.5593667547 0.0325301205 0.1635883905
9.0 0.8180722892000001 0.6398416886 0.0277108433 0.1187335093
19.0 0.8539156626000001 0.6266490766 0.030722891500000002 0.21899736150000002
21.0 0.8870481928 0.6530343008 0.024698795200000002 0.2506596306
39.0 0.9225903614000001 0.6411609499 0.030722891500000002 0.2110817942
13.0 0.9629518072000001 0.5343007916 0.0331325301 0.1398416887
5.0 0.988253012 0.6134564644 0.0102409639 0.2031662269
