42.0 0.1302013423 0.39473684210000004 0.2469798658 0.3205741626
40.0 0.0402684564 0.6590909091 0.0348993289 0.1650717704
45.0 0.11140939600000001 0.6399521531 0.0832214765 0.1267942584
1.0 0.2100671141 0.6519138756 0.0872483222 0.0837320574
0.0 0.6060402684 0.5311004785 0.5838926175 0.033492823000000005
17.0 0.510738255 0.2846889952 0.07919463090000001 0.2870813397
16.0 0.6355704698 0.3349282297 0.11140939600000001 0.3827751196
40.0 0.7288590604 0.3337320574 0.0939597316 0.3038277512
14.0 0.8429530201000001 0.17224880380000002 0.1181208054 0.17224880380000002
13.0 0.5127516778 0.6973684210000001 0.1906040269 0.2942583733
3.0 0.6422818792 0.7488038278 0.0523489932 0.4019138756
40.0 0.7140939598 0.7846889952 0.0859060403 0.37320574160000003
13.0 0.8275167785 0.6423444976 0.10872483220000001 0.1650717704
6.0 0.9543624161 0.7822966507 0.0644295302 0.4258373206
