0.0 0.5737028302 0.7423146474 0.8455188680000001 0.0235081374
42.0 0.1515330189 0.2775768536 0.28655660380000003 0.30922242310000003
37.0 0.0760613208 0.5379746836 0.0507075471 0.1066907775
45.0 0.1385613208 0.5515370706 0.0672169811 0.0650994575
21.0 0.22641509440000002 0.5117540688000001 0.0589622641 0.1265822785
27.0 0.414504717 0.3336347197 0.0766509434 0.1754068716
0.0 0.7075471698 0.2034358047 0.4905660378 0.034358047
49.0 0.5336084906 0.0886075949 0.08136792450000001 0.1410488246
2.0 0.6450471698 0.10669077760000001 0.0235849056 0.1627486438
15.0 0.7034198114 0.0849909584 0.0672169811 0.1193490054
9.0 0.7600235849 0.07685352620000001 0.029481132 0.0922242315
21.0 0.8095518868 0.0795660036 0.055424528300000005 0.1338155516
37.0 0.8744103774 0.0949367088 0.0483490566 0.0994575045
5.0 0.9174528302 0.1084990958 0.0212264151 0.1446654611
37.0 0.7034198114 0.24412296560000002 0.0412735849 0.09764918630000001
14.0 0.4162735849 0.8996383364 0.0966981132 0.1754068717
27.0 0.5023584906 0.9330922242 0.0613207547 0.1229656419
20.0 0.5648584906 0.8399638336 0.0636792453 0.1681735985
