42.0 0.056521739200000004 0.2910447761 0.1109974425 0.3970149254
35.0 0.1363171356 0.7358208956000001 0.0199488491 0.1701492537
45.0 0.1662404092 0.7462686567 0.029667519200000003 0.1850746268
4.0 0.2337595908 0.44179104480000003 0.0716112532 0.3164179104
11.0 0.2846547314 0.6373134328 0.041432225100000004 0.5582089552
18.0 0.32301790280000003 0.752238806 0.0240409207 0.22089552240000002
47.0 0.44705882360000004 0.3149253732 0.1524296675 0.3373134329
18.0 0.5470588235 0.1134328358 0.020971867 0.1970149254
35.0 0.6171355499 0.36865671640000003 0.0445012788 0.3492537314
9.0 0.6710997442000001 0.3328358209 0.0542199489 0.36119402980000004
46.0 0.8069053708 0.328358209 0.1457800511 0.3402985075
17.0 0.8884910486 0.147761194 0.021483376000000002 0.1701492537
35.0 0.9621483376000001 0.4014925374 0.0460358056 0.34328358210000004
