42.0 0.1719088937 0.4005376344 0.24186550980000002 0.376344086
38.0 0.0417570499 0.7110215054 0.0770065076 0.1478494624
45.0 0.12581344900000002 0.751344086 0.0629067245 0.1102150538
10.0 0.1995661605 0.7258064516 0.0412147506 0.0268817204
1.0 0.3112798264 0.6908602151000001 0.0889370933 0.09677419350000001
0.0 0.6550976139 0.5120967742 0.4251626898 0.0241935484
17.0 0.5802603037 0.2688172043 0.14316702820000002 0.31182795700000004
38.0 0.7326464208 0.3037634408 0.1507592191 0.2473118279
19.0 0.8535791758 0.1317204301 0.0672451193 0.1666666666
17.0 0.5260303688 0.6935483871 0.1344902386 0.2795698924
3.0 0.6312364425 0.7620967742 0.0390455532 0.47043010760000004
38.0 0.7434924078 0.7688172043 0.1594360086 0.2688172043
14.0 0.8557483731000001 0.6451612903 0.0607375272 0.1827956989
6.0 0.9229934924000001 0.7620967742 0.0303687636 0.47043010760000004
