42.0 0.0526470589 0.2631578948 0.0994117647 0.27751196170000003
40.0 0.11558823530000001 0.5083732058 0.027647058800000002 0.1698564593
45.0 0.1444117647 0.5047846890000001 0.031176470600000002 0.076555024
20.0 0.1794117647 0.48564593300000003 0.0188235294 0.1483253588
9.0 0.20794117650000002 0.3552631579 0.027647058800000002 0.09330143540000001
0.0 0.6023529412 0.45693779900000003 0.7847058824 0.12440191390000001
10.0 0.3670588235 0.19497607660000002 0.0235294118 0.0167464115
21.0 0.3958823529 0.1794258373 0.024705882300000002 0.18660287080000001
48.0 0.47500000000000003 0.1997607656 0.0911764706 0.21770334930000002
40.0 0.5755882353 0.26076555020000003 0.044117647 0.2344497607
44.0 0.6770588235 0.23444976080000002 0.12 0.1770334928
20.0 0.7802941176 0.1076555024 0.0252941177 0.1531100478
40.0 0.8547058824 0.3217703349 0.0423529411 0.2894736842
2.0 0.2767647059 0.5550239235000001 0.0147058824 0.2153110047
21.0 0.3076470588 0.54784689 0.0317647059 0.1866028709
9.0 0.3329411765 0.5777511962 0.0376470588 0.1602870813
14.0 0.3773529412 0.5789473684 0.0347058824 0.1961722488
40.0 0.4052941176 0.6686602871 0.0364705883 0.2703349282
50.0 0.5291176470000001 0.6255980861 0.1441176471 0.2559808612
40.0 0.6332352942 0.7177033492 0.037058823500000004 0.2727272727
5.0 0.6794117647 0.6722488038000001 0.0223529412 0.3014354067
46.0 0.7858823530000001 0.6961722488000001 0.1505882353 0.1913875598
19.0 0.8852941176 0.5968899522000001 0.028235294100000002 0.1794258373
40.0 0.9638235294 0.8229665072 0.044117647 0.3253588517
