42.0 0.0870565046 0.45558739260000003 0.141261498 0.41260744990000003
38.0 0.2099211564 0.7478510029000001 0.061103810800000005 0.21776504300000002
45.0 0.2726675427 0.7263610315 0.0657030224 0.0773638968
16.0 0.335413929 0.723495702 0.0243101183 0.16905444120000002
9.0 0.3738501972 0.5114613181000001 0.0420499343 0.2148997135
0.0 0.7375164258 0.4068767908 0.5052562417 0.1489971347
21.0 0.5785151117 0.29656160460000003 0.0256241788 0.1747851003
9.0 0.6149802891 0.30372492840000004 0.0341655716 0.19484240690000001
10.0 0.6507884362 0.3223495702 0.0269382391 0.0257879656
47.0 0.7358738502000001 0.2951289398 0.0959264126 0.1776504298
14.0 0.7982917214 0.1346704871 0.0275952694 0.1146131806
38.0 0.8699080158 0.270773639 0.0459921156 0.1862464183
50.0 0.520696452 0.6518624642 0.12155059130000001 0.2263610315
38.0 0.6547306177000001 0.6575931232000001 0.053219448100000004 0.2091690544
9.0 0.6984231275 0.6389684814000001 0.0341655716 0.21203438400000002
38.0 0.7424441525000001 0.6203438396000001 0.0473061761 0.19197707730000002
46.0 0.83804205 0.5845272206000001 0.0965834429 0.2120343839
17.0 0.9004599212000001 0.4498567336 0.0190538765 0.1489971347
38.0 0.9701051248 0.5716332378 0.0466491459 0.1977077364
