42.0 0.063321072 0.60430839 0.1161324225 0.28344671200000005
36.0 0.1605359958 0.9365079366 0.029952706200000002 0.0680272109
45.0 0.18707304260000002 0.9138321996000001 0.0273252759 0.0634920635
4.0 0.23436678930000002 0.7176870748 0.049395691000000005 0.1519274377
11.0 0.2792958486 0.6927437642000001 0.032054650500000004 0.4285714286
14.0 0.3258013662 0.8333333333 0.0231213873 0.1111111111
47.0 0.41644771420000004 0.45578231290000004 0.1003678403 0.1950113379
17.0 0.4797687861 0.29251700680000003 0.0126116658 0.12244897960000001
36.0 0.5467682606000001 0.4126984127 0.0383604835 0.1360544218
9.0 0.584603258 0.3673469388 0.033105622700000004 0.17687074830000002
42.0 0.6668418287 0.29251700680000003 0.08407777200000001 0.2040816326
36.0 0.7317393589000001 0.5782312925 0.0173410404 0.0770975057
45.0 0.7514450867 0.5476190476 0.018917498600000002 0.0476190476
4.0 0.7729900158 0.387755102 0.0304781923 0.10884353740000001
11.0 0.8102995270000001 0.3752834467 0.0199684709 0.306122449
20.0 0.8373620599 0.48866213150000004 0.0131371518 0.0884353742
46.0 0.8943772990000001 0.193877551 0.06726221760000001 0.1746031746
17.0 0.936941671 0.0873015873 0.009458749300000001 0.09297052160000001
36.0 0.9844981608000001 0.1802721088 0.029952706200000002 0.09750566890000001
