42.0 0.0982721382 0.3454987834 0.1893448524 0.3552311435
29.0 0.21850251980000002 0.5827250608 0.030957523400000003 0.1776155718
45.0 0.26025917930000003 0.6496350365 0.049676025900000004 0.0681265206
13.0 0.2973362131 0.6167883212 0.0028797696 0.1581508516
9.0 0.3214542836 0.4537712896 0.0395968323 0.1289537713
0.0 0.7285817134 0.4525547446 0.5413966883 0.0145985401
29.0 0.44600431960000003 0.1423357664 0.0410367171 0.2360097324
2.0 0.4906407488 0.21167883210000002 0.0395968323 0.3211678832
29.0 0.5457163426 0.1447688564 0.0446364291 0.2408759125
10.0 0.5953923686 0.203163017 0.053275738 0.051094890500000004
14.0 0.6537077034000001 0.20437956200000001 0.0446364291 0.2287104623
5.0 0.6954643628 0.26155717770000003 0.0345572355 0.4111922141
2.0 0.7433405328 0.205596107 0.0410367171 0.3138686131
29.0 0.7976961843 0.1581508516 0.044636429000000005 0.2579075426
10.0 0.8502519798 0.2104622871 0.0575953923 0.0608272506
21.0 0.903887689 0.1678832116 0.041036717 0.21411192210000002
5.0 0.9496040316000001 0.24939172750000002 0.0403167747 0.391727494
7.0 0.6925845933 0.7287104623 0.2678185745 0.49878345500000004
29.0 0.7062634990000001 0.6909975669 0.0417566595 0.2384428224
10.0 0.7566594672 0.7481751825 0.0518358531 0.046228710400000005
17.0 0.8149748021000001 0.7433090024 0.0431965443 0.2749391727
