42.0 0.16986410870000002 0.260651629 0.23741007200000003 0.3859649123
40.0 0.0659472422 0.835839599 0.0471622702 0.3082706766
45.0 0.1322941646 0.7919799498000001 0.0583533173 0.0501253133
14.0 0.1986410871 0.7606516291000001 0.0487609912 0.1779448622
9.0 0.2494004796 0.6090225564 0.0479616307 0.1503759398
27.0 0.3916866507 0.380952381 0.0863309352 0.2706766917
49.0 0.47801758600000005 0.19674185460000002 0.0639488409 0.1979949875
2.0 0.5571542766 0.2443609022 0.017585931200000002 0.24310776950000001
16.0 0.5899280576 0.2318295739 0.0351718625 0.1729323308
9.0 0.6358912870000001 0.2343358396 0.0471622702 0.1428571428
40.0 0.6834532374000001 0.3395989975 0.0431654676 0.2781954888
50.0 0.7961630695 0.1378446116 0.1630695443 0.21553884710000001
40.0 0.945243805 0.2656641604 0.0423661071 0.2656641604
5.0 0.987609912 0.3383458646 0.0151878497 0.21553884710000001
