42.0 0.1196531792 0.5292479108 0.2092485549 0.1782729805
25.0 0.27803468200000003 0.6852367688000001 0.054335260100000005 0.1337047354
45.0 0.3531791908 0.6559888579 0.0705202313 0.0584958217
1.0 0.44971098260000003 0.6114206128 0.08786127170000001 0.09192200560000001
0.0 0.7653179191 0.5222841226 0.4578034682 0.0417827298
0.0 0.7780346821 0.22980501390000002 0.3213872832 0.0194986072
43.0 0.6878612716 0.1002785516 0.08786127170000001 0.1782729805
14.0 0.7716763006 0.1406685237 0.0335260116 0.09749303620000001
16.0 0.8132947976 0.139275766 0.0358381503 0.10027855150000001
25.0 0.9132947976 0.061281337000000005 0.0485549133 0.10027855150000001
43.0 0.7104046243000001 0.4094707521 0.0959537572 0.19498607240000002
13.0 0.7739884393 0.43732590520000003 0.008092485600000001 0.09470752090000001
14.0 0.8005780347 0.442896936 0.0335260116 0.10027855150000001
21.0 0.8895953757 0.3300835654 0.0312138728 0.1420612813
0.0 0.7231213873 0.782729805 0.2971098266 0.0334261838
43.0 0.6924855491 0.6532033426 0.0971098266 0.1922005571
14.0 0.774566474 0.6866295264000001 0.0393063584 0.1030640669
20.0 0.8127167630000001 0.6727019499 0.0393063584 0.1253481894
25.0 0.9086705202 0.5961002786 0.0416184971 0.08913649030000001
43.0 0.6930635838 0.8774373259 0.0959537572 0.1727019498
21.0 0.774566474 0.8899721448000001 0.0393063584 0.1420612813
15.0 0.8179190752000001 0.9122562674 0.0427745665 0.1142061282
19.0 0.9150289018000001 0.8467966574 0.0358381503 0.1225626741
