42.0 0.0628992629 0.4132791328 0.1228501228 0.3983739838
40.0 0.028009828 0.8035230352 0.025552825600000002 0.2195121951
45.0 0.0528255528 0.8279132792 0.028009828 0.0948509485
17.0 0.08968058970000001 0.7737127372 0.028992629000000002 0.23577235770000002
0.0 0.2503685504 0.5230352304 0.2343980344 0.021680216800000002
17.0 0.26855036860000003 0.3035230352 0.0457002457 0.4173441735
46.0 0.2378378378 0.674796748 0.1484029484 0.2764227642
40.0 0.35307125300000003 0.7615176152 0.0368550369 0.4281842818
42.0 0.4717444718 0.4864498645 0.10909090910000001 0.49593495940000004
40.0 0.44520884520000004 0.7981029810000001 0.0245700246 0.23577235770000002
45.0 0.4687960688 0.8224932250000001 0.0265356266 0.1111111111
14.0 0.5051597052 0.7520325204 0.0275184275 0.19783197830000002
0.0 0.7857493858 0.5338753388 0.4157248157 0.0379403794
16.0 0.61007371 0.2235772358 0.0574938575 0.3441734417
9.0 0.6552825553 0.2140921409 0.028009828 0.24932249320000002
10.0 0.6928746928 0.24254742540000002 0.0304668305 0.035230352300000004
19.0 0.7366093366 0.2046070461 0.0442260442 0.37127371270000004
44.0 0.8496314496 0.2384823848 0.1257985258 0.2872628726
40.0 0.9707616708000001 0.29810298100000004 0.0407862408 0.40650406510000003
40.0 0.784029484 0.7479674797 0.0378378378 0.406504065
