42.0 0.0802839978 0.41241496600000005 0.1485527034 0.21598639460000002
36.0 0.055707263800000004 0.6352040816 0.0273074822 0.1207482993
45.0 0.0772801748 0.6445578232 0.0256690333 0.030612244900000002
15.0 0.1174221736 0.6232993198 0.0251228837 0.1343537415
0.0 0.6133260514000001 0.5578231292 0.7657018023000001 0.1054421769
0.0 0.259967231 0.2797619048 0.067722556 0.018707483
26.0 0.2654287275 0.1862244898 0.033861278 0.1615646258
26.0 0.2495903878 0.3741496599 0.034953577300000004 0.1666666667
36.0 0.28782086300000004 0.38010204080000004 0.0327689787 0.1241496598
7.0 0.4994538504 0.31887755100000004 0.37411250690000003 0.5697278912
17.0 0.37356635720000003 0.08248299320000001 0.026215183000000003 0.11734693880000001
14.0 0.4858001092 0.218537415 0.09339158930000001 0.22619047620000002
36.0 0.5464227198 0.2636054422 0.0387766248 0.2244897959
9.0 0.5892954669 0.21173469390000002 0.029492080900000002 0.1615646258
14.0 0.6641179683 0.2015306123 0.0950300382 0.2023809523
9.0 0.7176406336000001 0.21598639460000002 0.0273074823 0.1666666667
10.0 0.7561441836 0.2602040816 0.027853631900000002 0.030612244900000002
20.0 0.7998361551000001 0.2202380952 0.0387766248 0.24659863950000002
0.0 0.8891316220000001 0.2746598639 0.0841070453 0.0119047619
26.0 0.878481704 0.1862244898 0.032222829 0.1581632653
26.0 0.8612779902000001 0.3656462585 0.0327689787 0.1530612244
36.0 0.8992353905 0.3843537415 0.0300382304 0.1258503402
21.0 0.9563080284000001 0.2083333333 0.0393227744 0.2023809524
0.0 0.41589295460000003 0.7797619048000001 0.0737302021 0.018707483
26.0 0.40660841070000003 0.6921768708 0.0387766248 0.1666666667
26.0 0.3899508466 0.881802721 0.039322774500000005 0.1717687075
36.0 0.4219006008 0.9039115646 0.0289459312 0.1513605442
0.0 0.48170398680000004 0.7797619048000001 0.0327689787 0.018707483
20.0 0.4931731294 0.6658163265 0.036045876500000004 0.1785714286
36.0 0.49235390500000004 0.8613945578000001 0.0322228291 0.1479591837
9.0 0.5458765702 0.7151360544 0.0333151284 0.16496598640000001
10.0 0.5816493719 0.7585034014 0.0294920808 0.0272108843
15.0 0.6340797378 0.7270408163000001 0.0546149645 0.22619047620000002
0.0 0.7271982523 0.7789115646 0.0649918078 0.0170068027
26.0 0.7124522119000001 0.6879251701 0.0365920262 0.16496598640000001
26.0 0.6919716002 0.869047619 0.0327689787 0.1496598639
36.0 0.7285636264 0.9013605442 0.028399781500000002 0.1394557823
0.0 0.801474604 0.7780612245 0.0879300929 0.0153061224
21.0 0.8017476788 0.6641156463 0.028399781500000002 0.1411564626
19.0 0.8020207536 0.862244898 0.0398689241 0.1632653061
