42.0 0.0388026608 0.6504504504 0.07612712490000001 0.2630630631
23.0 0.009977827 0.9513513514 0.014042867700000001 0.0540540541
45.0 0.030857354000000004 0.9504504504 0.0210643015 0.0774774775
21.0 0.0569105691 0.9018018018 0.0162601626 0.14234234240000002
9.0 0.07224685880000001 0.7765765765 0.0144124169 0.0792792793
0.0 0.557834442 0.41261261260000004 0.8266814486 0.5153153153
10.0 0.3063562454 0.4396396396 0.0288248337 0.0360360361
14.0 0.33776792310000003 0.3882882883 0.0339985218 0.24684684680000002
50.0 0.4369918699 0.33243243240000003 0.11714708060000001 0.218018018
23.0 0.5382483370000001 0.3423423424 0.0336289727 0.11171171170000001
44.0 0.6234294161 0.2477477478 0.1093865484 0.19279279270000002
13.0 0.7067627494000001 0.0864864865 0.0218033999 0.1333333334
23.0 0.7657058388 0.2144144144 0.0347376201 0.11171171170000001
50.0 0.1711012565 0.8162162162000001 0.1086474501 0.24504504500000002
14.0 0.2442719882 0.6504504505 0.0236511456 0.1513513513
23.0 0.291759054 0.7315315315 0.0284552845 0.0972972973
9.0 0.325203252 0.6468468468 0.0273466371 0.1405405405
2.0 0.3536585366 0.6666666666000001 0.0258684405 0.28828828830000003
19.0 0.40317812270000003 0.6045045045 0.029563932 0.25405405400000003
23.0 0.44179600880000003 0.6612612612000001 0.0291943829 0.1081081081
50.0 0.5362158167000001 0.5738738739 0.118255728 0.1891891892
23.0 0.6419068736 0.5477477478 0.0339985218 0.1045045045
9.0 0.6755358463000001 0.45495495500000005 0.0310421286 0.1459459459
17.0 0.7091648189 0.4234234234 0.0332594235 0.20900900900000002
5.0 0.7494456762 0.5153153153 0.0258684405 0.381981982
46.0 0.8396156689000001 0.40810810810000003 0.12342941610000001 0.2648648648
20.0 0.9162971175 0.2756756756 0.0218033998 0.1333333333
23.0 0.9789356984 0.3657657657 0.0376940133 0.1081081081
