42.0 0.0926558497 0.4903100775 0.1682322802 0.41472868220000003
30.0 0.2105038428 0.726744186 0.0469684031 0.23643410850000002
45.0 0.2493595218 0.7906976745000001 0.046114432100000005 0.13178294570000001
16.0 0.3104184458 0.7209302326 0.048676345 0.29457364340000003
9.0 0.3479931683 0.5271317830000001 0.028181041900000002 0.16279069770000001
27.0 0.464560205 0.519379845 0.0546541417 0.2480620155
48.0 0.5499573014 0.24612403100000002 0.0973526901 0.1589147286
30.0 0.6502988898000001 0.1937984496 0.0435525192 0.2480620155
49.0 0.7267292912000001 0.2286821706 0.0597779676 0.2170542635
2.0 0.8087105038 0.24224806200000001 0.0341588386 0.41472868220000003
14.0 0.8531169940000001 0.1821705427 0.0546541418 0.2713178295
9.0 0.8966695132 0.2248062015 0.0324508967 0.1550387597
30.0 0.9376601196000001 0.1937984496 0.0409906063 0.2480620155
5.0 0.9786507258 0.2596899224 0.037574722500000005 0.43410852710000003
