27.0 0.0502114165 0.9027777778 0.0898520084 0.14629629630000002
42.0 0.2811839324 0.487962963 0.2452431289 0.3018518519
35.0 0.1226215645 0.7425925926 0.048625792800000005 0.137037037
45.0 0.2061310782 0.7537037037000001 0.0824524313 0.0518518518
20.0 0.2980972516 0.7148148148 0.0739957716 0.137037037
9.0 0.3890063425 0.6101851852 0.08879492600000001 0.09814814820000001
15.0 0.5644820296 0.4166666667 0.12262156440000001 0.2222222222
0.0 0.8234672304 0.4509259259 0.2283298097 0.0203703704
0.0 0.7875264271 0.2638888889 0.052854122600000004 0.0092592592
16.0 0.8007399578000001 0.112037037 0.0792811839 0.2166666667
35.0 0.8155391120000001 0.337962963 0.0729386893 0.1351851852
35.0 0.7415433404 0.675925926 0.10253699790000001 0.2111111111
10.0 0.8430232558 0.5833333334 0.0835095138 0.0259259259
18.0 0.9455602537000001 0.5342592592000001 0.098308668 0.16851851850000002
