42.0 0.07477876110000001 0.25 0.1442477876 0.3496732026
40.0 0.1628318584 0.5718954248 0.023008849600000002 0.1437908497
45.0 0.2057522124 0.5392156863 0.0486725664 0.058823529400000005
1.0 0.2712389381 0.5310457516 0.059292035400000005 0.0947712418
0.0 0.6504424778 0.4983660131 0.5575221239 0.2450980392
43.0 0.43628318580000003 0.20261437910000002 0.09911504430000001 0.2810457516
13.0 0.5185840708 0.3431372549 0.007079646 0.13071895420000001
12.0 0.5442477876 0.36764705880000004 0.035398230100000004 0.1405228758
40.0 0.632300885 0.3611111112 0.0362831859 0.1928104575
43.0 0.7557522124 0.3807189542 0.12743362830000002 0.3954248366
16.0 0.8415929204 0.48202614380000003 0.0247787611 0.1797385621
12.0 0.8783185840000001 0.4918300654 0.0398230089 0.15359477130000002
20.0 0.9707964602 0.4003267974 0.035398230100000004 0.2124183006
43.0 0.4389380531 0.593137255 0.0938053098 0.3431372549
13.0 0.5314159292 0.7107843138000001 0.011504424800000001 0.1339869281
13.0 0.5402654868 0.7173202614 0.0097345133 0.1405228758
16.0 0.6115044248 0.6062091503 0.0336283186 0.18627450980000002
43.0 0.7340707964000001 0.7679738562 0.1283185841 0.4444444444
18.0 0.8287610620000001 0.8267973856 0.0398230089 0.11764705880000001
19.0 0.8606194690000001 0.8366013072 0.0309734513 0.1437908496
40.0 0.9522123894000001 0.8611111111 0.0407079646 0.2124183006
