42.0 0.0653450808 0.5184534271 0.0837004405 0.2038664323
38.0 0.013215859000000002 0.7065026362 0.0205580029 0.0667838312
45.0 0.0408712678 0.7056239016 0.0230053843 0.0404217926
0.0 0.0876162506 0.7152899824000001 0.0176211454 0.0175746924
4.0 0.0895741556 0.6652021090000001 0.0274106705 0.07205623900000001
19.0 0.0947136564 0.7688927944 0.0259422418 0.0931458699
0.0 0.5736661772 0.557996485 0.8448360254 0.0123022847
0.0 0.1908957416 0.32952548330000003 0.1272638277 0.0087873462
26.0 0.2023984336 0.2065026362 0.0347528145 0.1915641476
26.0 0.1845325501 0.4270650264 0.0332843857 0.1862917399
38.0 0.218061674 0.4666080844 0.031815957 0.0826010545
2.0 0.28585413600000004 0.3049209138 0.050905531100000005 0.32161687170000003
48.0 0.36270190900000004 0.2785588752 0.0783162017 0.1634446397
38.0 0.46598139990000004 0.2829525484 0.054821341200000005 0.1370826011
9.0 0.5193343123 0.2539543058 0.0313264806 0.1634446398
10.0 0.5521292218 0.2469244288 0.0264317181 0.0158172232
19.0 0.5934899657 0.23198594020000002 0.0504160548 0.1862917399
47.0 0.7418012727000001 0.2144112478 0.1512481645 0.15465729350000001
38.0 0.8749388154000001 0.2108963093 0.07097405770000001 0.13005272410000002
5.0 0.9309838473000001 0.19947275920000002 0.045031816 0.3391915641
0.0 0.3614782183 0.7732864675000001 0.1375428292 0.021089631
26.0 0.3511992168 0.6212653778 0.0269211943 0.1775043937
26.0 0.3377386197 0.8848857645 0.032305433200000004 0.20913884
38.0 0.38081253060000003 0.9411247803 0.040137053400000004 0.10369068540000001
2.0 0.4547234459 0.7135325132 0.0616740088 0.28471001760000003
38.0 0.5014684288 0.7478031634000001 0.0631424376 0.13181019330000002
9.0 0.5511502692 0.7249560633000001 0.0313264806 0.15641476270000002
10.0 0.5851688693 0.730228471 0.0259422418 0.0158172232
15.0 0.6179637788 0.7012302285 0.028879099300000002 0.21792618630000002
0.0 0.6921194322 0.7592267135 0.06461086640000001 0.014059753900000001
4.0 0.6840430739000001 0.6915641477000001 0.055310817400000004 0.1072056239
18.0 0.6960352423 0.8576449912 0.027410670600000003 0.1616871704
5.0 0.7608908468000001 0.7135325132 0.037689672 0.2987697715
