27.0 0.02887538 0.9118181818000001 0.053698074900000003 0.1036363636
16.0 0.0790273556 0.4881818182 0.0303951368 0.0709090909
42.0 0.251266464 0.4336363636 0.1945288754 0.1981818182
40.0 0.1828774062 0.6863636364 0.0273556231 0.1036363637
45.0 0.2234042554 0.64 0.0354609929 0.0363636364
16.0 0.2755825735 0.6518181818000001 0.0324214793 0.0854545454
9.0 0.3211752786 0.5254545454 0.0344478217 0.061818181900000005
0.0 0.7365754813000001 0.4545454545 0.42553191490000003 0.0363636363
49.0 0.5116514691 0.22090909090000002 0.1013171226 0.1436363636
2.0 0.6641337386 0.18363636360000002 0.0476190476 0.2727272727
14.0 0.7386018237 0.2318181818 0.0709219858 0.1327272727
9.0 0.8196555218 0.2254545454 0.0729483283 0.1236363637
40.0 0.9057750760000001 0.3081818182 0.0567375886 0.1945454546
5.0 0.9675785208000001 0.19272727280000002 0.0526849037 0.3127272727
50.0 0.6616008106 0.5518181818 0.2553191489 0.1872727273
40.0 0.9108409321000001 0.63 0.0607902736 0.169090909
