42.0 0.129300777 0.43055555560000003 0.2164261931 0.6527777777
39.0 0.2835738068 0.8784722222 0.0321864595 0.1875
45.0 0.3229744728 0.8194444444000001 0.0466148724 0.1944444445
12.0 0.3823529412 0.8506944444000001 0.0299667037 0.2986111111
9.0 0.4178690344 0.4236111111 0.0321864595 0.1805555556
0.0 0.7769145394 0.4652777778 0.41509433960000003 0.0833333333
10.0 0.5910099889 0.1736111111 0.052164262 0.0694444444
14.0 0.6498335184 0.2083333333 0.0477247503 0.2777777778
47.0 0.8063263041000001 0.25694444450000004 0.1609322974 0.31944444450000004
39.0 0.9400665926 0.2604166667 0.0288568257 0.21527777780000001
15.0 0.5710321864 0.7291666666000001 0.0432852387 0.31944444450000004
9.0 0.6259711432 0.6875 0.039955604900000004 0.25
19.0 0.6759156492 0.6875 0.044395116500000005 0.43055555560000003
39.0 0.731409545 0.7708333333 0.0355160933 0.25
48.0 0.8412874584000001 0.7673611111 0.11986681460000001 0.3125
39.0 0.9716981132 0.7743055556 0.029966703600000002 0.24305555550000002
