42.0 0.06818181820000001 0.4607142857 0.13085399450000001 0.3857142857
36.0 0.1522038568 0.8125 0.0220385675 0.1035714286
45.0 0.1835399449 0.7892857143 0.0337465564 0.0785714286
4.0 0.2444903581 0.4678571428 0.0592286501 0.17857142850000002
11.0 0.29269972450000004 0.625 0.0289256198 0.45
20.0 0.3195592286 0.8089285714000001 0.0289256199 0.18928571430000002
0.0 0.6907713498 0.5107142858 0.5881542699 0.0642857143
14.0 0.4228650137 0.3089285714 0.0413223141 0.225
48.0 0.5213498622 0.3428571428 0.0922865013 0.17857142850000002
17.0 0.5933195592 0.0946428571 0.0392561983 0.125
36.0 0.6673553719 0.3464285714 0.0303030304 0.1285714286
9.0 0.7038567493 0.3089285714 0.0316804408 0.125
16.0 0.7400137741 0.32678571430000003 0.0309917356 0.24642857140000002
44.0 0.8329889807 0.3464285714 0.0860881543 0.1357142857
14.0 0.9187327824 0.09642857140000001 0.034435261700000004 0.15
36.0 0.9845041322 0.3464285714 0.0296143251 0.1285714286
19.0 0.7004132232 0.625 0.0261707989 0.2142857142
