42.0 0.1428571428 0.33 0.22653061230000002 0.5720000000000001
39.0 0.3178571428 0.646 0.0744897959 0.26
45.0 0.39897959180000003 0.716 0.0959183673 0.216
27.0 0.5045918368 0.68 0.0704081633 0.304
0.0 0.7729591837 0.512 0.3316326531 0.08
49.0 0.6923469388 0.25 0.1051020408 0.46
39.0 0.8326530612 0.272 0.0673469388 0.272
10.0 0.8867346939 0.29 0.0326530612 0.052000000000000005
17.0 0.9520408163 0.20600000000000002 0.07346938780000001 0.404
39.0 0.7076530612 0.742 0.0765306122 0.268
9.0 0.7617346938 0.746 0.047959183700000005 0.308
10.0 0.8239795918 0.766 0.039795918300000004 0.06
13.0 0.8658163266000001 0.6880000000000001 0.0377551021 0.36
27.0 0.9290816326 0.804 0.0785714285 0.352
