42.0 0.1707317073 0.4527027027 0.3151969981 0.518018018
36.0 0.0628517824 0.8108108108000001 0.039399624700000004 0.2162162162
45.0 0.1454033771 0.8063063064 0.0881801126 0.0990990991
16.0 0.25328330200000004 0.7792792793000001 0.0712945591 0.24324324320000001
0.0 0.7307692308 0.5315315316 0.5196998124000001 0.0900900901
3.0 0.5243902439 0.2162162162 0.0318949344 0.41441441440000004
36.0 0.6041275797 0.3063063063 0.0900562852 0.3873873874
10.0 0.7082551595000001 0.2612612612 0.09568480300000001 0.0630630631
16.0 0.8742964353 0.2567567568 0.15009380860000002 0.4324324325
6.0 0.9671669794000001 0.25 0.0243902439 0.463963964
36.0 0.6181988743 0.7995495496 0.0844277674 0.3738738739
9.0 0.7307692308 0.7387387388000001 0.09568480300000001 0.3603603603
12.0 0.8583489681 0.7567567568 0.1031894934 0.3963963964
