42.0 0.1662650602 0.404296875 0.3277108433 0.2265625
29.0 0.0759036144 0.5859375 0.0674698795 0.12109375
45.0 0.1343373494 0.5791015625 0.046987951800000004 0.052734375
1.0 0.2102409639 0.55078125 0.0566265061 0.0703125
0.0 0.6897590362 0.44726562500000006 0.6108433735000001 0.015625
43.0 0.563253012 0.20703125 0.2493975903 0.35546875
13.0 0.7234939759 0.3388671875 0.0325301204 0.138671875
13.0 0.7686746988000001 0.33203125 0.0337349398 0.12890625
14.0 0.9006024096 0.126953125 0.0662650603 0.20703125
43.0 0.5114457831 0.7509765625 0.2156626506 0.419921875
15.0 0.7084337350000001 0.798828125 0.0578313253 0.171875
14.0 0.7771084338 0.845703125 0.0554216867 0.1640625
15.0 0.9337349398 0.580078125 0.0819277109 0.2421875
