42.0 0.0587141339 0.2209631728 0.1036131774 0.4079320114
33.0 0.1320403826 0.566572238 0.0302869288 0.1869688385
45.0 0.1705632306 0.6147308782 0.0403825718 0.1246458924
0.0 0.25425079700000003 0.6543909348 0.06641870350000001 0.0509915015
4.0 0.2476089266 0.5424929178 0.0478214665 0.1784702549
17.0 0.24681190220000002 0.7932011332000001 0.027098831 0.1926345609
50.0 0.3931987248 0.44050991500000003 0.12858661 0.40509915020000004
14.0 0.5069075452 0.3101983003 0.024442082900000002 0.22946175640000002
33.0 0.5781083953 0.6076487252 0.0425079702 0.2634560906
9.0 0.640010627 0.5878186969 0.060042508 0.2351274788
47.0 0.780021254 0.7266288952000001 0.1594048884 0.3994334278
18.0 0.8979808714 0.521246459 0.0361317747 0.2436260623
33.0 0.9774176408 0.8555240793000001 0.0430393198 0.283286119
