42.0 0.08011363640000001 0.6230068338 0.15795454550000002 0.1936218679
31.0 0.19375 0.6947608200000001 0.0397727272 0.0683371299
45.0 0.2602272727 0.6731207290000001 0.0818181818 0.0660592255
1.0 0.3704545454 0.6446469248000001 0.0863636363 0.0956719818
0.0 0.721590909 0.5034168565 0.5159090909 0.0820045558
0.0 0.7068181818 0.2551252847 0.30681818180000003 0.0637813212
43.0 0.6420454546000001 0.1617312073 0.1181818181 0.173120729
13.0 0.721590909 0.1343963554 0.0090909091 0.1275626423
18.0 0.7607954546 0.1275626424 0.0556818181 0.11845102510000001
31.0 0.8721590909 0.0569476082 0.0397727272 0.0637813212
43.0 0.6636363636 0.4339407745 0.12045454550000001 0.2209567198
13.0 0.7505681818000001 0.39179954440000003 0.0147727273 0.1503416856
13.0 0.7607954546 0.37585421410000003 0.0102272727 0.132118451
12.0 0.8630681818 0.2927107062 0.0693181818 0.1343963553
0.0 0.7369318182 0.7437357631 0.33068181820000003 0.034168565000000005
43.0 0.6136363636000001 0.6400911162 0.1113636363 0.1640091116
15.0 0.7261363636 0.6343963554000001 0.0522727273 0.1343963553
17.0 0.8005681818 0.6127562642000001 0.08522727270000001 0.1366742597
31.0 0.9295454546 0.5592255125 0.034090909100000004 0.0569476082
43.0 0.6227272727000001 0.8895216401 0.0977272727 0.19817767660000002
18.0 0.7488636364 0.8917995444 0.0613636363 0.15261959
19.0 0.8034090909 0.8712984055 0.045454545400000004 0.15261959
15.0 0.9187500000000001 0.7892938497 0.0602272728 0.13895216400000002
