22.0 0.0435025098 0.1259894459 0.049079754600000004 0.0699208444
42.0 0.17707752370000002 0.169525066 0.1310652538 0.2519788918
29.0 0.2582264362 0.2994722955 0.0234244283 0.1187335092
45.0 0.2894590072 0.339050132 0.0267707753 0.0316622691
1.0 0.3296151701 0.3218997362 0.033463469 0.0448548813
0.0 0.7136084774 0.3852242744 0.5549358617 0.19525065960000001
21.0 0.6597880647000001 0.2044854882 0.0390407138 0.1266490765
9.0 0.7010596765 0.2038258575 0.0412716118 0.0593667546
0.0 0.7409369771000001 0.25791556730000004 0.045175683200000004 0.025065963
19.0 0.7493028444000001 0.20382585760000002 0.0250976018 0.0646437995
29.0 0.7448410486 0.3073878628 0.0217512549 0.0949868074
0.0 0.7163970998 0.679419525 0.5158951478 0.1873350923
7.0 0.5580033463 0.4281002638 0.27718906860000003 0.2361477573
29.0 0.5164528722 0.4683377308 0.024539877300000002 0.1055408971
14.0 0.5476854434 0.43205804750000004 0.025655326200000002 0.09366754620000001
9.0 0.5831009482 0.5 0.0295593977 0.0527704486
29.0 0.6123814836 0.493403694 0.0234244283 0.10290237470000001
9.0 0.6397099832 0.5131926122 0.0256553263 0.0501319261
14.0 0.6684327942 0.5250659631 0.022866703800000002 0.0949868074
9.0 0.7013385388000001 0.5356200528 0.0295593977 0.055408971
7.0 0.8505298382 0.5316622691 0.2576687117 0.253298153
29.0 0.8187395426 0.5679419525 0.0223089793 0.12005277040000001
20.0 0.8516452872 0.5204485488 0.0267707752 0.09366754620000001
9.0 0.8862242052 0.5897097626000001 0.0290016731 0.052770448500000004
10.0 0.912437256 0.6075197889 0.018962632400000002 0.0065963061
20.0 0.9336307864000001 0.6048812665000001 0.023424428400000002 0.09894459100000001
29.0 0.9615170106 0.6055408971 0.0200780814 0.1134564644
29.0 0.6274400446 0.929419525 0.024539877300000002 0.1200527705
18.0 0.6617401004 0.8924802111000001 0.0329057446 0.10158311340000001
0.0 0.7083100948000001 0.8225593668000001 0.0290016732 0.019788918200000002
21.0 0.7130507530000001 0.7671503958 0.0273284997 0.10158311340000001
19.0 0.7102621305 0.8700527704000001 0.026213050800000002 0.0778364117
