0.0 0.5 0.5640732265 0.9455399062000001 0.1533180778
42.0 0.059624413200000004 0.38100686500000003 0.1079812207 0.1350114416
39.0 0.1591549296 0.5411899313 0.0366197183 0.0846681923
45.0 0.1948356808 0.528604119 0.0366197183 0.0686498856
20.0 0.2483568075 0.4942791762 0.042253521200000005 0.14187643020000001
9.0 0.2854460093 0.3752860411 0.033802816900000004 0.1052631579
0.0 0.4215962441 0.34553775740000003 0.0788732394 0.0228832952
26.0 0.4248826291 0.2551487414 0.034741784000000005 0.1121281464
26.0 0.41126760560000003 0.4084668192 0.0375586855 0.10297482840000001
39.0 0.4488262911 0.4267734554 0.0356807512 0.0892448513
17.0 0.531455399 0.299771167 0.0600938967 0.2059496567
12.0 0.5788732394 0.2757437071 0.0572769953 0.1990846682
17.0 0.6366197183 0.2688787186 0.041314554 0.1853546911
49.0 0.7488262911 0.2757437071 0.0910798122 0.171624714
39.0 0.8774647888 0.26659038900000004 0.053521126700000005 0.1304347826
13.0 0.9037558686 0.0823798627 0.0197183099 0.1556064074
42.0 0.17417840380000002 0.8009153318000001 0.12676056330000002 0.1510297482
39.0 0.2615023474 0.9542334096 0.034741784000000005 0.0823798627
45.0 0.2990610329 0.9519450801 0.0384976526 0.0732265446
14.0 0.3577464788 0.9210526316000001 0.0544600939 0.1395881007
9.0 0.4103286385 0.7906178490000001 0.0375586854 0.10297482840000001
0.0 0.530516432 0.7665903890000001 0.0807511737 0.0228832952
26.0 0.5525821596 0.6922196796 0.0384976526 0.1212814645
26.0 0.5361502348 0.8352402746 0.0375586855 0.114416476
39.0 0.572769953 0.8386727688000001 0.033802816900000004 0.0892448513
7.0 0.7408450704 0.7070938216 0.2253521127 0.3432494279
40.0 0.8187793428 0.7837528604 0.0450704225 0.15789473680000002
