42.0 0.1468401487 0.4475806452 0.2602230484 0.41129032260000004
29.0 0.0901486989 0.7701612903 0.0501858736 0.18548387100000002
45.0 0.1719330855 0.8004032258 0.1096654276 0.1169354838
16.0 0.2843866171 0.7600806452000001 0.0520446096 0.2217741935
0.0 0.7295539034 0.4879032258 0.5074349443 0.0483870968
29.0 0.5799256506 0.28629032260000004 0.0855018587 0.3629032258
10.0 0.6998141264000001 0.2399193548 0.10966542750000001 0.0524193549
14.0 0.8410780669 0.2641129032 0.1356877324 0.3588709677
3.0 0.5157992565 0.7338709677 0.0241635688 0.4193548387
29.0 0.5975836432 0.7137096774 0.0836431227 0.3225806452
10.0 0.7156133829 0.689516129 0.1040892194 0.0403225807
15.0 0.8327137546000001 0.7036290323000001 0.0855018587 0.3588709677
6.0 0.9172862454 0.7096774194000001 0.024163568700000002 0.3870967742
