42.0 0.13868986700000002 0.5062972292 0.27123848510000004 0.3526448363
28.0 0.0383828045 0.9093198992 0.033776868 0.1813602015
45.0 0.088024565 0.822418136 0.065506653 0.153652393
1.0 0.1765609008 0.8312342570000001 0.0747185261 0.1108312343
28.0 0.34339815770000004 0.7304785894 0.0562947799 0.3476070529
2.0 0.4227226202 0.6032745592000001 0.0798362333 0.4408060454
27.0 0.5153531218 0.637279597 0.0829068578 0.2468513854
20.0 0.5747185261000001 0.29848866500000004 0.0481064484 0.1838790932
11.0 0.6402251791 0.2141057934 0.062436028600000006 0.35768261970000004
28.0 0.7082906858 0.49622166240000004 0.030706243600000002 0.1813602015
10.0 0.7963152508 0.5894206549000001 0.1003070625 0.0302267002
18.0 0.9037871034 0.5302267002000001 0.0736949846 0.25944584390000003
5.0 0.9759467758 0.5894206549000001 0.0419651996 0.44332493700000003
