42.0 0.0783182193 0.4755747126 0.14014839240000002 0.2787356321
30.0 0.030915086600000002 0.7284482758 0.0288540808 0.1350574713
45.0 0.055234954600000004 0.7428160920000001 0.0362737015 0.0373563219
1.0 0.11170651270000001 0.7097701150000001 0.043693322300000004 0.08045977010000001
0.0 0.3800494642 0.5488505747 0.3050288541 0.040229885
43.0 0.3099752679 0.2155172414 0.1599340478 0.3505747126
19.0 0.40931574600000004 0.39080459770000003 0.0403957131 0.1724137932
18.0 0.4455894476 0.39080459770000003 0.0288540807 0.1781609196
30.0 0.5358615004 0.2054597702 0.037922506200000004 0.2385057471
43.0 0.3112118714 0.6939655172 0.1624072548 0.3304597701
14.0 0.40560593570000003 0.8994252874 0.0280296784 0.1954022989
19.0 0.44064303380000003 0.8807471264000001 0.0403957132 0.1637931035
14.0 0.5375103050000001 0.7040229885 0.0395713108 0.24137931040000002
0.0 0.7856553998 0.5747126437 0.4253915911 0.0747126437
43.0 0.690024732 0.2643678161 0.1483924155 0.3965517242
15.0 0.7980214345000001 0.3979885058 0.044517724700000004 0.1810344827
16.0 0.8433635614 0.4037356321 0.0395713108 0.1695402299
16.0 0.95713108 0.2385057472 0.0626545754 0.2586206897
43.0 0.7213520198000001 0.6795977012000001 0.141797197 0.31321839090000003
13.0 0.8227535037 0.8850574712 0.02143446 0.17816091950000001
14.0 0.8499587799 0.8850574712 0.0362737016 0.17816091950000001
30.0 0.9361088211 0.7155172413 0.0420445178 0.2643678161
