42.0 0.09159159160000001 0.5981012658 0.1531531532 0.3734177215
24.0 0.1891891892 0.8765822784 0.03003003 0.18987341770000002
45.0 0.2286036036 0.8575949367 0.0352852852 0.0506329114
0.0 0.3074324324 0.8370253164 0.056306306300000004 0.0348101265
4.0 0.3081831832 0.7547468354 0.0487987988 0.12974683550000002
17.0 0.3111861862 0.9082278481 0.035285285300000004 0.1202531646
0.0 0.7177177178 0.4477848102 0.4954954955 0.2056962025
50.0 0.4932432432 0.4050632912 0.14264264270000002 0.2911392405
24.0 0.6238738738 0.3101265822 0.0465465465 0.2215189873
9.0 0.6722972972 0.24683544300000002 0.0503003003 0.17088607590000002
10.0 0.7113363364 0.2658227848 0.0262762763 0.0253164557
19.0 0.7548798798 0.2120253164 0.0382882883 0.2405063291
47.0 0.8659909910000001 0.2310126582 0.1343843844 0.17088607590000002
24.0 0.9782282283 0.1060126582 0.0405405405 0.18670886080000001
24.0 0.6141141141 0.7689873417 0.036036036 0.22784810130000002
9.0 0.6674174174 0.6977848101 0.0465465466 0.167721519
10.0 0.7079579579 0.7136075949 0.0240240241 0.0158227848
20.0 0.7458708708 0.6772151899000001 0.0322822823 0.2151898734
0.0 0.8096846847 0.700949367 0.051801801800000005 0.0411392405
4.0 0.8074324324000001 0.6170886076000001 0.0427927928 0.1265822784
16.0 0.8183183183 0.8164556962 0.027027027000000002 0.1835443038
