42.0 0.0626520681 0.5084175084 0.104622871 0.2895622896
31.0 0.15024330900000002 0.7373737374 0.0218978102 0.1144781145
45.0 0.1785279806 0.7424242424 0.033454987900000004 0.12457912460000001
20.0 0.2095498784 0.7087542088000001 0.0188564477 0.1582491583
9.0 0.2344890511 0.5538720538 0.0164233576 0.1178451179
0.0 0.6417274939000001 0.49663299660000004 0.6459854014 0.0841750842
0.0 0.4093673966 0.35016835020000003 0.0559610706 0.033670033700000004
26.0 0.4118004866 0.2525252526 0.0243309002 0.14814814810000002
26.0 0.3962895377 0.43602693600000003 0.0237226278 0.1447811448
31.0 0.4257907542 0.44781144780000004 0.0243309003 0.1144781145
2.0 0.4756690998 0.3468013468 0.0291970803 0.3569023569
13.0 0.5042579076 0.2794612794 0.0218978103 0.2087542087
9.0 0.5349756691 0.31313131310000003 0.0273722628 0.1616161616
12.0 0.5626520682 0.28451178450000003 0.025547445300000002 0.1986531986
47.0 0.6590632604000001 0.30808080800000004 0.12226277370000001 0.2121212121
14.0 0.7551703163 0.09259259260000001 0.0298053528 0.15824915820000002
31.0 0.8260340633000001 0.297979798 0.0377128953 0.1986531986
5.0 0.8704379562000001 0.2508417508 0.0389294404 0.3400673401
0.0 0.34245742090000003 0.8114478114 0.0632603406 0.033670033700000004
26.0 0.3372871046 0.7003367003000001 0.023722627700000002 0.14814814810000002
26.0 0.3208637469 0.9040404040000001 0.0225060827 0.1515151515
31.0 0.3503649635 0.9191919192 0.023114355200000002 0.1346801346
2.0 0.401459854 0.7878787878 0.0304136253 0.3367003367
50.0 0.5030413626 0.7744107744000001 0.1265206813 0.2154882155
9.0 0.6125304137 0.792929293 0.026763990300000002 0.1919191919
31.0 0.6468978102 0.7946127946 0.0346715328 0.1818181818
48.0 0.7503041362 0.7373737374 0.1113138687 0.24915824920000001
21.0 0.8503649635 0.5925925926 0.0352798054 0.2087542088
31.0 0.9324817518 0.7895622896000001 0.049878345500000004 0.1986531987
5.0 0.9750608272000001 0.7659932660000001 0.0450121655 0.38720538720000003
