42.0 0.12681159420000002 0.6540342298 0.1835748792 0.12469437650000001
29.0 0.074879227 0.9168704156 0.0338164251 0.0586797066
45.0 0.1177536232 0.8850855746 0.0446859904 0.0293398533
21.0 0.1708937198 0.8655256724 0.0350241546 0.0929095355
9.0 0.2101449276 0.7334963325 0.0434782609 0.0831295844
27.0 0.345410628 0.5709046454 0.0676328502 0.1100244499
49.0 0.42391304350000003 0.3789731052 0.0869565217 0.07334963330000001
2.0 0.5223429952 0.3227383863 0.0277777778 0.10757946210000001
14.0 0.5603864734 0.3312958435 0.0410628019 0.0709046455
9.0 0.6086956522 0.29584352080000004 0.048309178700000004 0.0831295844
29.0 0.6576086956 0.3202933985 0.0374396135 0.0782396088
46.0 0.7463768116 0.11369193150000001 0.15217391300000002 0.1051344743
29.0 0.9051932367000001 0.1039119804 0.039855072400000004 0.0806845965
5.0 0.9800724638 0.1992665036 0.0374396135 0.0660146699
