42.0 0.074147502 0.2639484978 0.12767644720000002 0.2317596567
23.0 0.0277557494 0.4560085837 0.025376685200000002 0.062231759600000006
45.0 0.0658207772 0.44420600860000004 0.044409199100000005 0.0600858369
1.0 0.1260904044 0.4388412017 0.044409199100000005 0.062231759600000006
0.0 0.5773195876 0.49463519310000004 0.7359238699 0.30686695280000004
43.0 0.3291038858 0.24141630900000002 0.1681205392 0.3841201716
13.0 0.4203013481 0.3315450643 0.0142743854 0.1480686695
14.0 0.45083267250000003 0.35300429180000004 0.0436161776 0.169527897
23.0 0.5408406027 0.2800429184 0.0459952418 0.1008583691
43.0 0.6950832672 0.34442060090000004 0.17525773190000002 0.3669527897
18.0 0.8096748612 0.47746781120000004 0.0317208565 0.1523605151
19.0 0.8588421888000001 0.4796137339 0.044409199100000005 0.13519313300000002
19.0 0.9710547185 0.3755364807 0.0547184774 0.1759656652
43.0 0.3306899286 0.5633047210000001 0.152260111 0.3669527897
17.0 0.4536082474 0.6963519314000001 0.0491673275 0.1394849785
15.0 0.49405233940000004 0.7049356223000001 0.0301348136 0.12660944200000002
13.0 0.5777160984 0.6137339056000001 0.021411578100000002 0.2145922747
43.0 0.726407613 0.7510729614 0.1950832672 0.4334763949
16.0 0.8378271213 0.8379828326000001 0.0388580492 0.143776824
23.0 0.9432989690000001 0.7907725322 0.0610626487 0.11802575100000001
