42.0 0.0823863636 0.1898584906 0.1613636363 0.3278301887
36.0 0.1920454546 0.5566037736 0.0454545455 0.1650943396
45.0 0.2417613636 0.5778301886 0.057386363700000005 0.0896226415
15.0 0.3110795454 0.5872641510000001 0.0392045455 0.19339622650000002
9.0 0.35369318180000003 0.41509433960000003 0.025568181800000003 0.0990566038
0.0 0.7071022728 0.5931603774 0.5414772727 0.1721698113
10.0 0.4863636364 0.3844339623 0.025 0.009433962300000001
14.0 0.5247159091 0.375 0.0380681818 0.1509433962
50.0 0.6323863636 0.3891509434 0.1329545455 0.20283018860000002
36.0 0.7392045454 0.5035377358 0.029545454500000002 0.1438679245
46.0 0.8153409091 0.5176886792000001 0.0931818182 0.13443396230000002
19.0 0.9045454546 0.41155660380000003 0.0318181819 0.18160377360000002
36.0 0.9508522727000001 0.5849056604 0.025568181800000003 0.1273584906
2.0 0.4261363636 0.725235849 0.0193181818 0.2240566037
18.0 0.4551136364 0.6969339622 0.029545454500000002 0.2004716981
9.0 0.4886363636 0.6886792452 0.025 0.0896226415
18.0 0.5173295454 0.7275943396 0.0255681819 0.2099056604
36.0 0.5517045454 0.7735849056 0.0306818181 0.1556603773
47.0 0.6485795454000001 0.7511792453 0.1176136363 0.1674528302
36.0 0.7528409091 0.8254716982 0.0261363636 0.1320754717
5.0 0.7826704546000001 0.8066037736 0.015340909100000001 0.1698113208
46.0 0.8610795454 0.8537735849 0.1073863637 0.14150943400000002
20.0 0.9295454546 0.7299528302 0.0238636363 0.125
36.0 0.9710227273 0.8985849056 0.023863636400000002 0.1320754717
