42.0 0.129740519 0.514450867 0.2574850299 0.4508670521
24.0 0.027445109800000003 0.8395953758 0.0389221557 0.2514450867
45.0 0.0898203593 0.8627167630000001 0.06786427140000001 0.1300578034
14.0 0.1726546906 0.8179190752000001 0.0558882236 0.2254335261
7.0 0.6387225549000001 0.5072254335 0.6906187624 0.7947976879
24.0 0.5489021956 0.5057803468000001 0.0778443114 0.387283237
2.0 0.6237524950000001 0.5794797688000001 0.0439121756 0.5057803468000001
24.0 0.7065868264 0.5289017342 0.0818363273 0.4161849711
9.0 0.7979041916 0.5158959538 0.07684630740000001 0.2687861271
19.0 0.880239521 0.4537572254 0.0738522954 0.3063583815
5.0 0.9575848304000001 0.6141618497 0.046906187700000004 0.5520231214
