42.0 0.1193467336 0.3890243902 0.2336683417 0.2951219513
40.0 0.0498324958 0.6963414634 0.0393634841 0.1975609756
45.0 0.100921273 0.6853658536 0.061139028500000005 0.0780487805
1.0 0.1675041876 0.643902439 0.053601340000000004 0.0975609756
0.0 0.6340033501 0.6317073171 0.6817420436 0.1609756098
15.0 0.5607202680000001 0.26585365850000003 0.081239531 0.30243902440000003
40.0 0.6532663316 0.35000000000000003 0.0737018425 0.3585365854
21.0 0.7198492462 0.1073170732 0.0711892797 0.1804878049
12.0 0.3387772194 0.7524390244 0.0661641541 0.29024390240000003
40.0 0.4359296482 0.8268292683 0.0711892797 0.3463414634
17.0 0.4991624791 0.6524390244 0.061976549400000004 0.14390243900000002
9.0 0.5946398660000001 0.712195122 0.0837520938 0.2146341463
20.0 0.7064489112 0.731707317 0.12311557790000001 0.3219512195
3.0 0.7939698492 0.7365853658 0.0117252931 0.3804878049
40.0 0.8421273032000001 0.8268292683 0.0628140704 0.3463414634
17.0 0.9154103852000001 0.6487804878 0.0670016751 0.1414634146
6.0 0.9690117253 0.7365853658 0.0117252932 0.3804878049
