42.0 0.12366230680000001 0.42025862070000003 0.20927467300000002 0.4094827586
35.0 0.2978596908 0.650862069 0.0820451843 0.2327586207
45.0 0.3935790725 0.6573275862 0.0951248514 0.15086206900000002
14.0 0.5011890606 0.5926724138 0.0725326991 0.2974137931
0.0 0.7954815695 0.4676724138 0.3043995243 0.047413793100000004
19.0 0.8198573127000001 0.2693965517 0.046373365 0.28879310340000003
7.0 0.772294887 0.7306034483 0.2271105827 0.4956896552
39.0 0.855529132 0.8125 0.0439952438 0.1681034482
9.0 0.9054696790000001 0.8017241379000001 0.036860879900000004 0.18965517240000002
20.0 0.9690844233 0.7629310344 0.054696789600000004 0.3017241379
