42.0 0.15105263160000001 0.4675141243 0.23684210530000002 0.4039548022
29.0 0.042631579 0.8262711864000001 0.07263157890000001 0.29096045190000003
45.0 0.1278947368 0.8771186440000001 0.0705263158 0.0762711865
12.0 0.21947368420000002 0.7923728813 0.051578947400000005 0.2457627119
10.0 0.2815789474 0.6666666667000001 0.043157894700000005 0.0282485876
0.0 0.6331578947000001 0.5550847458 0.6136842105 0.0536723164
29.0 0.4689473684 0.2401129944 0.1084210526 0.3615819209
2.0 0.5668421053 0.2259887006 0.0494736842 0.3502824859
29.0 0.6415789474 0.2288135593 0.0978947369 0.3672316384
10.0 0.7652631579 0.2895480226 0.0694736842 0.0423728814
17.0 0.8647368421 0.238700565 0.1021052632 0.3700564972
5.0 0.9557894737 0.2302259887 0.061052631600000004 0.41525423720000004
3.0 0.5936842105 0.7669491525000001 0.008421052600000001 0.4604519774
29.0 0.6647368421000001 0.7443502825 0.1063157894 0.39830508480000004
6.0 0.7536842105 0.7641242937 0.008421052600000001 0.46610169490000003
