22.0 0.0151278852 0.4168704156 0.0240174672 0.1149144255
42.0 0.0742358078 0.4254278728 0.0642545227 0.3618581907
29.0 0.1110417966 0.5965770171 0.013724267 0.1760391198
45.0 0.1278852153 0.6503667481000001 0.0162195883 0.07334963330000001
1.0 0.14800374300000002 0.5892420538 0.015907673100000002 0.0733496332
0.0 0.3792888334 0.4914425428 0.3805364941 0.0195599022
15.0 0.36696818470000003 0.3606356968 0.0165315035 0.2029339853
7.0 0.26060511540000003 0.7249388753 0.160636307 0.4474327628
29.0 0.24298190900000002 0.7640586797000001 0.0174672489 0.2567237164
18.0 0.2620087336 0.6528117359000001 0.0131004367 0.1564792176
9.0 0.2796319402 0.7444987775 0.0127885215 0.1393643032
15.0 0.2955396132 0.7444987775 0.015283842800000001 0.217603912
38.0 0.3239238927 0.7762836186000001 0.0339987524 0.19315403420000002
29.0 0.35121646910000004 0.7481662592 0.018091079200000002 0.22982885090000002
9.0 0.3713349969 0.7591687041 0.0134123518 0.1589242053
19.0 0.3906737368 0.7591687041 0.0184029943 0.2371638141
7.0 0.4747348722 0.750611247 0.14410480350000002 0.4792176039
29.0 0.467716781 0.7775061124 0.0190268247 0.2640586797
15.0 0.48518403 0.6723716382 0.0127885215 0.16625916870000002
9.0 0.5035870243 0.7616136919000001 0.0134123518 0.1540342298
15.0 0.5196506550000001 0.7530562347 0.013724267 0.2200488998
29.0 0.5416406737 0.7616136919000001 0.0184029944 0.23716381420000002
0.0 0.7707423581 0.5024449878 0.40237055520000004 0.0415647922
7.0 0.6866812227 0.261613692 0.21241422340000002 0.4841075795
29.0 0.6417654398 0.2848410758 0.0208983156 0.2567237164
16.0 0.6635995010000001 0.1797066014 0.020274485300000002 0.14425427870000002
9.0 0.6865252652 0.2677261614 0.014348097300000001 0.1491442543
17.0 0.7097629444 0.3019559902 0.0233936369 0.2860635697
38.0 0.738147224 0.2860635697 0.0346225827 0.1907090464
29.0 0.7712102308000001 0.2738386308 0.022145976300000002 0.24938875300000002
9.0 0.7913287586000001 0.261613692 0.013724267 0.1466992665
7.0 0.873518403 0.2383863081 0.1475358702 0.4718826406
29.0 0.8722707424 0.2860635697 0.0240174673 0.2689486552
17.0 0.8919213974 0.1821515893 0.015907673100000002 0.1931540343
9.0 0.9162507798 0.261613692 0.015907673100000002 0.1515892421
17.0 0.9402682470000001 0.2848410758 0.0233936369 0.271393643
29.0 0.9638178416000001 0.2750611247 0.025577043100000002 0.261613692
7.0 0.678415471 0.7408312958000001 0.2071116656 0.4498777506
29.0 0.6408296944 0.7958435208 0.020274485300000002 0.271393643
14.0 0.6637554586000001 0.6943765281000001 0.0205864005 0.1613691932
9.0 0.6855895197 0.7640586797000001 0.013724267 0.1344743276
14.0 0.7116344354 0.8080684597000001 0.0296319401 0.24205378970000002
38.0 0.7414223331 0.7933985330000001 0.0349344978 0.1833740832
29.0 0.7771366188000001 0.7958435208 0.0233936369 0.2616136919
9.0 0.7949157829 0.7775061124 0.0109170306 0.1418092909
7.0 0.8980037430000001 0.7493887530000001 0.1746724891 0.4621026895
29.0 0.8788209607 0.8044009780000001 0.023393637000000002 0.2689486552
17.0 0.9009669370000001 0.7114914426000001 0.0165315034 0.2053789731
9.0 0.9263880225000001 0.7946210269 0.0168434186 0.1613691932
14.0 0.9505614473 0.815403423 0.031503431000000005 0.24205378970000002
29.0 0.9781659388 0.8007334963 0.0268247037 0.2567237164
