20.0 0.0247311828 0.2632398754 0.046594982 0.4704049844
42.0 0.1917562724 0.2211838006 0.1870967742 0.37383177570000004
8.0 0.3086021506 0.5669781932 0.0465949821 0.3177570093
45.0 0.4032258064 0.660436137 0.058064516100000005 0.1370716511
18.0 0.4788530466 0.5654205608 0.048745519800000005 0.2336448599
0.0 0.7215053764 0.5669781932 0.37777777770000004 0.15576323990000002
47.0 0.6487455198000001 0.3598130841 0.1476702509 0.3271028038
2.0 0.7788530466 0.3411214953 0.0250896058 0.30218068540000004
14.0 0.8179211470000001 0.34267912770000003 0.0458781362 0.2554517134
8.0 0.8967741936 0.4003115265 0.0473118279 0.2959501558
5.0 0.9688172043000001 0.4501557633 0.023655914 0.38317757010000003
19.0 0.7301075269 0.7414330218 0.0437275986 0.26168224300000004
8.0 0.8053763441 0.8317757010000001 0.0437275986 0.29283489090000003
