42.0 0.1214495592 0.24220963180000002 0.2233104799 0.3711048159
39.0 0.2855044074 0.4759206798 0.057786483900000005 0.1926345609
45.0 0.3707149853 0.5084985836 0.09500489720000001 0.09348441930000001
10.0 0.4706170421 0.5254957508 0.069539667 0.0311614731
1.0 0.5710088149 0.5155807366 0.054848188000000006 0.0849858357
0.0 0.8212536728000001 0.47733711040000004 0.2908912831 0.0878186969
12.0 0.7326150832 0.3158640226 0.0763956905 0.2577903683
39.0 0.8085210578 0.3541076488 0.0499510284 0.1813031161
13.0 0.8535749266 0.1288951842 0.0244857983 0.2011331445
9.0 0.8996082272 0.38385269120000004 0.05582762 0.17847025500000002
17.0 0.9573947110000001 0.3640226629 0.0519098923 0.2407932012
20.0 0.7477962782 0.7407932012 0.0519098923 0.24079320110000002
3.0 0.7845249755 0.8002832861 0.013712047000000002 0.3201133144
39.0 0.8290891283 0.7889518414000001 0.0499510284 0.1728045325
21.0 0.8883447600000001 0.6444759207 0.0509304603 0.2747875354
6.0 0.9363369246000001 0.8158640226 0.0176297747 0.29461756370000003
