49.0 0.0320641282 0.4560260586 0.0621242485 0.2247557003
36.0 0.127004008 0.45195439740000004 0.0485971944 0.148208469
22.0 0.1813627254 0.45195439740000004 0.0571142285 0.08957654720000001
0.0 0.6092184369 0.5089576547 0.7264529058 0.021172638400000002
42.0 0.3542084169 0.16123778500000002 0.09519038070000001 0.2182410424
33.0 0.4038076152 0.4356677524 0.0110220441 0.0928338763
45.0 0.4240981964 0.44543973940000003 0.025551102200000002 0.0570032574
4.0 0.48597194390000004 0.2451140065 0.0731462926 0.15798045600000002
11.0 0.5390781563 0.38029315960000004 0.0410821644 0.3013029316
15.0 0.5826653306 0.43159609120000003 0.0300601203 0.13355048860000002
10.0 0.6022044088 0.3298045602 0.021042084200000002 0.0146579805
10.0 0.6570641283 0.19055374600000002 0.026553106200000003 0.0195439739
20.0 0.6886272545000001 0.1596091205 0.0315631262 0.1628664495
46.0 0.7745490982000001 0.1889250814 0.0991983968 0.1498371335
19.0 0.8592184369 0.08957654720000001 0.026052104200000002 0.13355048860000002
33.0 0.9105711422 0.1913680782 0.015531062100000001 0.1188925081
42.0 0.2742985972 0.6425081433000001 0.0896793588 0.2166123778
33.0 0.3289078156 0.9120521172 0.0115230461 0.0846905537
45.0 0.3484468938 0.930781759 0.0245490982 0.0602605863
4.0 0.40205410820000004 0.7483713355 0.0616232465 0.18729641700000002
11.0 0.4659318638 0.8322475570000001 0.044088176300000004 0.24755700320000001
15.0 0.49974949900000004 0.9234527687 0.0245490982 0.1465798046
10.0 0.5215430862 0.8086319218 0.019038076100000002 0.011400651500000001
14.0 0.5836673347 0.6571661237 0.0370741483 0.1872964169
47.0 0.6833667334 0.6661237785 0.1202404809 0.1433224756
17.0 0.7590180361000001 0.5822475570000001 0.019038076100000002 0.138436482
33.0 0.8041082164000001 0.6653094462 0.015030060100000001 0.1091205211
47.0 0.8805110220000001 0.6661237785 0.1037074149 0.1433224756
33.0 0.9867234469 0.6587947883 0.0165330662 0.0993485342
