42.0 0.1183946488 0.4449648712 0.18327759200000002 0.3981264637
8.0 0.0311036789 0.7177985948000001 0.0341137124 0.1709601873
45.0 0.1080267558 0.7494145199000001 0.0434782609 0.0889929742
1.0 0.1775919732 0.6768149883 0.042140468300000004 0.0608899298
0.0 0.4053511705 0.5140515223000001 0.37056856190000004 0.0632318501
43.0 0.33846153840000004 0.2107728338 0.1538461539 0.36533957850000004
17.0 0.44749163880000004 0.3676814988 0.033444816 0.2716627635
17.0 0.48394648830000003 0.34192037470000003 0.0301003344 0.2388758782
8.0 0.5722408027 0.19672131140000002 0.0555183946 0.2857142857
43.0 0.3642140468 0.7025761125000001 0.1558528428 0.36065573770000003
13.0 0.4715719064 0.8548009368 0.0267558529 0.2295081967
19.0 0.5036789297 0.8384074942 0.0454849499 0.2201405153
13.0 0.593645485 0.6370023419 0.0367892977 0.2763466042
0.0 0.8137123746 0.505854801 0.3618729097 0.1077283373
43.0 0.7357859532000001 0.2341920375 0.1391304348 0.4074941452
14.0 0.8448160535 0.3114754098 0.050836120400000004 0.20140515220000002
18.0 0.9250836120000001 0.1463700234 0.0548494983 0.27400468380000004
43.0 0.7381270903 0.7459016394 0.143812709 0.4660421545
13.0 0.8284280936 0.7786885246 0.0193979933 0.19437939110000002
12.0 0.8578595318000001 0.7740046838 0.0327759197 0.1803278689
8.0 0.9367892976000001 0.631147541 0.0515050167 0.27400468380000004
