0.0 0.4905482042 0.5448113208 0.9716446125 0.0424528301
42.0 0.12476370510000001 0.2370283018 0.1172022684 0.1580188679
29.0 0.2216446124 0.43278301890000004 0.0406427221 0.1391509434
45.0 0.2655954632 0.4339622642 0.0378071833 0.0707547169
15.0 0.3175803403 0.4021226415 0.0302457467 0.1391509434
9.0 0.3610586011 0.274764151 0.034026465 0.1061320755
15.0 0.46361058600000005 0.2299528302 0.0444234404 0.2051886792
12.0 0.5255198487 0.220518868 0.0548204159 0.2004716981
14.0 0.5874291115 0.22523584900000002 0.0576559546 0.19575471690000001
49.0 0.7206994329 0.2570754717 0.0803402646 0.1839622642
29.0 0.8412098298 0.2570754717 0.0548204159 0.1839622642
14.0 0.9017013232000001 0.09080188680000001 0.0548204159 0.1391509434
42.0 0.2826086956 0.7476415094000001 0.1323251417 0.179245283
29.0 0.3686200378 0.9268867924 0.0415879017 0.1415094339
45.0 0.41209829870000003 0.9268867924 0.0378071834 0.0707547169
15.0 0.4655009452 0.9021226415 0.0330812854 0.1485849056
9.0 0.5075614367 0.7700471698 0.034026465 0.11084905660000001
7.0 0.6961247637 0.7417452830000001 0.2051039698 0.3938679245
40.0 0.7745746692000001 0.7995283019 0.038752363000000005 0.1367924528
