49.0 0.0323827936 0.5693160813 0.0589656839 0.2181146026
32.0 0.10874818750000001 0.6497227357 0.043499275000000004 0.3493530499
22.0 0.1616723055 0.5323475046 0.0546157564 0.1367837338
0.0 0.5693571774 0.5120147874000001 0.7684871919 0.2181146026
42.0 0.2897535041 0.23752310540000002 0.0633156114 0.146025878
39.0 0.3378443693 0.4759704252 0.01739971 0.08687615530000001
45.0 0.3632189463 0.4741219963 0.0236829387 0.0425138632
4.0 0.41904301600000005 0.3003696858 0.0628322861 0.1940850277
11.0 0.4758337361 0.3659889094 0.0391493476 0.2772643253
15.0 0.5142580957 0.4223659889 0.0241662638 0.101663586
10.0 0.5333494442 0.3225508318 0.0149830836 0.0166358596
0.0 0.6157564040000001 0.1848428836 0.0734654423 0.0369685767
26.0 0.6128564524 0.106284658 0.0231996134 0.1090573013
26.0 0.6041565974 0.25600739370000003 0.0251329144 0.112754159
39.0 0.6326727888 0.2689463956 0.026099565 0.1016635859
46.0 0.7423876269 0.1192236598 0.130497825 0.16081330870000002
39.0 0.8707104882000001 0.09611829940000001 0.0372160464 0.1552680221
42.0 0.24311261480000002 0.6950092422 0.0657322378 0.1515711645
39.0 0.287820203 0.9473197782 0.0169163848 0.0868761552
45.0 0.3136781054 0.9537892791 0.025132914500000002 0.055452865000000004
4.0 0.36853552440000004 0.7781885398 0.0633156114 0.19593345650000002
11.0 0.43861768980000004 0.831792976 0.0526824553 0.31423290200000004
17.0 0.4857419043 0.9186691312 0.022232962800000002 0.1182994455
10.0 0.5108748188 0.8133086876000001 0.0183663605 0.022181146000000002
0.0 0.5877235379 0.6728280961 0.060898985 0.0184842884
26.0 0.5927984533 0.6025878004 0.0294828419 0.12199630310000001
26.0 0.5802319962 0.7513863216000001 0.0256162397 0.1201478743
39.0 0.6068148864 0.7661737523000001 0.024649589200000002 0.1053604436
10.0 0.6462058965 0.6349353050000001 0.0202996617 0.0240295748
16.0 0.6768970517 0.5822550832 0.0275495408 0.1330868762
47.0 0.8076365394 0.6053604436000001 0.1681971967 0.15341959330000002
16.0 0.8888351861 0.477818854 0.022232962800000002 0.0942698706
39.0 0.9642339294000001 0.5896487985000001 0.048332527800000004 0.1478743068
