42.0 0.1383928572 0.40728476820000004 0.25297619050000003 0.4834437086
39.0 0.3229166666 0.8476821192 0.0446428571 0.1721854304
45.0 0.3928571428 0.7947019868 0.0773809523 0.1986754967
15.0 0.47395833340000004 0.7880794702 0.0520833333 0.3178807947
0.0 0.8251488095 0.35761589400000005 0.3318452381 0.0662251655
39.0 0.7938988095 0.1920529802 0.0639880952 0.2251655629
3.0 0.6525297619 0.5927152318000001 0.019345238100000002 0.40397351000000004
39.0 0.7038690476 0.7450331126 0.0625 0.23178807950000002
9.0 0.7916666667000001 0.5927152318000001 0.08630952380000001 0.3907284768
14.0 0.8794642857 0.678807947 0.0625 0.35099337750000004
6.0 0.9308035714 0.6225165563 0.0104166667 0.4503311258
