42.0 0.0707159624 0.42038834950000004 0.12852112670000002 0.2893203884
33.0 0.0495892018 0.6174757282000001 0.029929577500000002 0.1087378641
45.0 0.08069248820000001 0.6553398058000001 0.029929577500000002 0.0757281553
13.0 0.11150234740000001 0.6067961165 0.014084507000000001 0.1378640776
0.0 0.6100352112 0.5640776699 0.7588028169000001 0.11844660200000001
0.0 0.2511737089 0.254368932 0.0856807512 0.0155339806
26.0 0.2532276996 0.1310679612 0.0346244131 0.2077669903
26.0 0.2344483568 0.3699029126 0.038145539900000004 0.20388349520000001
33.0 0.27435446010000003 0.3718446602 0.036971831000000004 0.11456310680000001
2.0 0.330399061 0.2174757282 0.0223004695 0.3145631068
27.0 0.3700117371 0.22135922330000002 0.056924882600000004 0.2019417476
33.0 0.4248826291 0.0961165049 0.0281690141 0.1029126213
9.0 0.4738849765 0.186407767 0.0404929577 0.13592233010000002
10.0 0.5167253521 0.2165048544 0.0322769953 0.0252427185
15.0 0.5639671362 0.18349514560000002 0.051643192500000004 0.2427184466
50.0 0.7174295774 0.2048543689 0.18016431930000001 0.2310679612
33.0 0.85592723 0.2126213592 0.0510563381 0.1922330097
5.0 0.8990610328 0.1902912621 0.0187793427 0.27184466020000003
0.0 0.2637910798 0.7349514563 0.09917840380000001 0.0213592233
26.0 0.260269953 0.5893203884 0.0393192489 0.1883495145
26.0 0.235915493 0.8611650486 0.0352112676 0.2155339805
33.0 0.2808098592 0.872815534 0.0404929577 0.1417475728
2.0 0.3321596244 0.6941747573 0.0199530516 0.3126213592
19.0 0.3708920188 0.6466019418 0.0469483568 0.21747572810000002
33.0 0.427230047 0.6834951456 0.053990610300000005 0.1825242719
14.0 0.4738849766 0.6310679612 0.038145539900000004 0.1631067961
9.0 0.5252347418000001 0.659223301 0.042253521100000004 0.1300970874
18.0 0.5707159624 0.6699029126 0.0416666667 0.2601941748
13.0 0.6144366197000001 0.672815534 0.0258215962 0.2466019418
33.0 0.6584507042000001 0.681553398 0.052816901400000005 0.1786407767
18.0 0.6995305164000001 0.6067961166 0.0246478873 0.1495145631
9.0 0.7432511738 0.6582524272 0.038145539900000004 0.12815533980000002
16.0 0.8004694836 0.6466019418 0.0563380282 0.2097087379
12.0 0.8553403756 0.6970873786 0.0440140845 0.27184466020000003
5.0 0.8958333334 0.7019417476 0.0205399061 0.31650485440000004
