42.0 0.07817869420000001 0.39808917200000005 0.1529209622 0.4140127389
25.0 0.1799828178 0.6894904458000001 0.0249140893 0.12420382170000001
45.0 0.2268041237 0.6512738854 0.0481099656 0.1178343949
13.0 0.2779209622 0.6194267516 0.016323024000000002 0.27707006370000004
0.0 0.6890034364000001 0.5493630573 0.6116838488 0.1050955414
25.0 0.5034364261000001 0.2786624204 0.030927835 0.1305732484
50.0 0.6232817869 0.21815286620000002 0.13831615120000001 0.27707006370000004
2.0 0.7448453609 0.2563694268 0.037800687300000003 0.4490445859
12.0 0.8032646049000001 0.21815286620000002 0.044673539500000005 0.2261146497
5.0 0.8548109966 0.2356687898 0.0360824742 0.44585987260000004
25.0 0.3827319588 0.780254777 0.026632302400000002 0.12101910830000001
44.0 0.4926975945 0.7340764332 0.1194158076 0.2452229299
25.0 0.6202749141 0.7866242038 0.029209622 0.127388535
50.0 0.7379725086000001 0.7181528662000001 0.1340206186 0.2643312102
2.0 0.8724226804 0.7563694268000001 0.0506872852 0.43630573250000004
12.0 0.9213917526000001 0.7372611465000001 0.045532646 0.2388535032
5.0 0.9686426117 0.7563694268000001 0.0317869416 0.4617834395
