49.0 0.042485732400000004 0.38427672960000003 0.0545339252 0.1094339623
34.0 0.1154090044 0.39308176110000004 0.0266328472 0.0893081761
22.0 0.16708941030000002 0.3886792452 0.061509194700000006 0.0402515723
0.0 0.5846544071 0.45157232700000005 0.7888395688000001 0.0603773585
42.0 0.3005707038 0.151572327 0.1230183893 0.1547169811
8.0 0.23176918200000002 0.3320754716 0.028535193400000002 0.06792452830000001
45.0 0.2859860494 0.341509434 0.0317057705 0.028930817600000002
14.0 0.32561826250000003 0.3213836478 0.031071655000000004 0.0742138364
9.0 0.3601775524 0.2547169811 0.0215599239 0.0490566038
0.0 0.508560558 0.1685534591 0.1280913126 0.010062893100000001
26.0 0.5158528852 0.0830188679 0.0564362714 0.1232704403
26.0 0.4629042486 0.2528301887 0.0596068484 0.1408805032
8.0 0.5649968294000001 0.28050314460000003 0.0672162334 0.1484276729
3.0 0.6487000634 0.134591195 0.0190234622 0.1786163522
49.0 0.7580849714 0.1188679245 0.1033608117 0.1371069182
8.0 0.9143944198 0.1371069182 0.0875079264 0.17106918240000002
6.0 0.9885859226 0.1257861636 0.0202916931 0.21635220130000002
42.0 0.3649334179 0.6968553459 0.1376030438 0.176100629
8.0 0.2932783766 0.8805031446 0.032339885900000004 0.07044025150000001
45.0 0.3490805326 0.9094339622000001 0.032339885900000004 0.0327044025
20.0 0.3912492074 0.9012578616 0.027901078000000003 0.079245283
9.0 0.4242232086 0.8251572327000001 0.0240963855 0.042767295600000005
0.0 0.5960684844 0.7798742138 0.1876981611 0.0352201258
26.0 0.5928979074 0.6855345912 0.0596068484 0.1383647798
26.0 0.5389980976000001 0.8427672956000001 0.06975269490000001 0.13584905660000002
8.0 0.6477488903 0.906918239 0.07292327200000001 0.1660377358
0.0 0.8037412809000001 0.816981132 0.136334813 0.0314465409
15.0 0.8005707039000001 0.7295597484 0.0856055802 0.17106918240000002
8.0 0.7923272036 0.8987421384000001 0.0779961953 0.1572327044
