42.0 0.1065088758 0.3805194805 0.1538461539 0.3506493506
29.0 0.0255177515 0.612987013 0.0288461538 0.1662337662
45.0 0.0706360947 0.6922077923000001 0.056952662700000004 0.0961038961
1.0 0.1412721894 0.648051948 0.0606508875 0.0805194805
0.0 0.4426775148 0.5233766234 0.3113905326 0.0597402597
43.0 0.3646449704 0.2415584416 0.1834319526 0.4363636363
21.0 0.4770710059 0.4064935065 0.0340236686 0.2155844156
13.0 0.5025887574 0.3844155844 0.008136094600000001 0.1506493506
29.0 0.5676775148000001 0.20389610390000001 0.033284023600000004 0.27272727280000003
43.0 0.33986686390000004 0.7051948052 0.1871301776 0.4025974026
18.0 0.4615384615 0.8415584415 0.0399408284 0.16103896110000002
13.0 0.4896449704 0.8636363636000001 0.0073964497 0.1636363637
14.0 0.576183432 0.6987012987 0.0591715977 0.2441558442
0.0 0.8043639053 0.5844155844000001 0.3809171598 0.0675324676
43.0 0.7555473372 0.3402597403 0.1619822485 0.3844155844
13.0 0.8424556213000001 0.4818181818 0.0059171598 0.1428571428
12.0 0.8716715976 0.47662337660000004 0.0421597633 0.14805194800000002
21.0 0.9508136095 0.3883116884 0.0347633136 0.2831168831
43.0 0.7200443787 0.761038961 0.151627219 0.35844155850000003
20.0 0.8317307692 0.9103896104 0.0288461539 0.15844155840000002
15.0 0.8713017752000001 0.8883116883000001 0.0325443787 0.135064935
29.0 0.9582100592 0.7506493506 0.0377218935 0.2701298701
