42.0 0.12432915920000001 0.4776951673 0.22898032200000001 0.687732342
41.0 0.2933810376 0.7472118959 0.0554561717 0.3494423792
45.0 0.3698568873 0.7583643123 0.08497316640000001 0.16356877320000002
16.0 0.4525939177 0.7118959108 0.051878354200000004 0.3085501859
0.0 0.7826475850000001 0.6115241635 0.3899821109 0.0855018587
44.0 0.6533989266 0.2230483272 0.17262969590000002 0.3643122677
2.0 0.8018783542 0.1914498141 0.025939177100000002 0.36802973980000003
21.0 0.8564400716 0.20631970260000002 0.0617173525 0.3382899628
41.0 0.9150268336 0.2639405204 0.051878354200000004 0.34944237910000003
5.0 0.9655635062000001 0.2732342008 0.0295169947 0.4944237919
41.0 0.7745974956 0.7286245353 0.057245080500000003 0.28252788100000004
