42.0 0.0728236607 0.415562914 0.1422991072 0.6059602649
28.0 0.1573660714 0.7251655629 0.0234375 0.24503311260000002
45.0 0.1888950893 0.7317880795 0.0362723214 0.1258278146
0.0 0.24804687500000003 0.7400662252 0.1043526786 0.0364238411
4.0 0.2541852678 0.5894039735000001 0.0474330357 0.2185430464
15.0 0.2530691965 0.8774834437 0.030691964300000003 0.238410596
47.0 0.4188058036 0.5331125828000001 0.16573660710000002 0.5496688742
14.0 0.5248325893 0.1953642384 0.0284598214 0.2185430464
28.0 0.6037946429000001 0.4834437086 0.041294642900000005 0.4437086092
9.0 0.6453683036 0.34602649010000003 0.0295758929 0.2880794702
50.0 0.7801339286000001 0.3973509934 0.17745535710000002 0.5033112583
20.0 0.8995535714 0.1721854304 0.033482142900000005 0.23178807950000002
28.0 0.9693080357 0.5016556291000001 0.0379464286 0.46688741720000004
