42.0 0.07070707080000001 0.5847701150000001 0.1148989899 0.2729885057
35.0 0.1590909091 0.7873563218 0.0252525252 0.1666666667
45.0 0.1938131314 0.790229885 0.034090909100000004 0.08045977010000001
0.0 0.26957070710000003 0.7787356322000001 0.0643939394 0.040229885
4.0 0.25220959600000004 0.7112068966 0.0410353535 0.1810344827
18.0 0.2607323232 0.8850574713 0.025252525300000002 0.1551724138
0.0 0.6714015152 0.5086206896000001 0.6546717171 0.3218390805
46.0 0.4125631313 0.441091954 0.1256313132 0.2212643678
21.0 0.5075757575000001 0.2543103449 0.0265151515 0.1465517241
35.0 0.5795454546000001 0.3735632184 0.0391414141 0.24137931040000002
9.0 0.6294191919000001 0.31178160920000003 0.0492424242 0.1752873564
44.0 0.7733585859000001 0.3103448276 0.17676767670000001 0.21264367820000002
21.0 0.8778409091 0.1149425288 0.0309343434 0.17241379310000002
35.0 0.9586489899 0.2025862069 0.043560606 0.2212643678
16.0 0.6553030303 0.6135057472000001 0.034090909 0.2614942529
