42.0 0.10658409390000001 0.5626326964 0.1153846154 0.178343949
35.0 0.017601043 0.9288747346 0.0286831812 0.11677282380000001
45.0 0.0658409387 0.9203821656000001 0.044328552800000004 0.0573248408
4.0 0.1294002608 0.7314225054 0.0541069101 0.1634819533
11.0 0.19980443280000001 0.8205944798 0.0684485007 0.2441613588
16.0 0.251303781 0.8492569002 0.0345501955 0.1316348196
47.0 0.3503911343 0.4798301486 0.13233376800000002 0.186836518
16.0 0.4250325945 0.2558386412 0.0312907432 0.1252653928
35.0 0.4990221643 0.3832271762 0.0332464146 0.1549893843
9.0 0.5423728813 0.3673036094 0.031290743100000004 0.1316348195
42.0 0.6981747066 0.321656051 0.1056062581 0.1592356688
35.0 0.6238591917 0.6316348195 0.022164276400000002 0.1125265393
45.0 0.6606910039 0.6135881104 0.0345501956 0.042462845000000006
4.0 0.7125162973 0.4723991507 0.0482398957 0.1507430998
11.0 0.7496740548 0.5562632697000001 0.026075619300000002 0.1783439491
21.0 0.7995436766 0.5552016986 0.0280312907 0.09554140130000001
48.0 0.8719035202000001 0.2749469214 0.0984354628 0.1804670913
19.0 0.9207953064000001 0.0552016985 0.0267275098 0.08492569
35.0 0.9869621904 0.178343949 0.026075619300000002 0.1316348195
