42.0 0.0988882388 0.4496717724 0.1357519017 0.3654266959
31.0 0.0292568754 0.7549234136 0.0409596255 0.1444201313
45.0 0.0801638385 0.7964989059 0.0573434758 0.10503282280000001
0.0 0.1749561147 0.807439825 0.07489760100000001 0.017505470500000002
4.0 0.1509654769 0.7428884026 0.0374488004 0.1553610503
15.0 0.1574019895 0.9037199124 0.0292568754 0.14879649890000002
0.0 0.6249268578 0.5514223194 0.7466354594 0.0437636761
47.0 0.3411351668 0.374179431 0.19192510240000002 0.2713347921
15.0 0.4868344061 0.1608315098 0.0456407256 0.20787746170000002
31.0 0.5623171445 0.3577680525 0.0491515506 0.2210065646
9.0 0.6208308952 0.306345733 0.0444704505 0.2144420131
48.0 0.7437097718 0.3380743982 0.13926272680000001 0.32603938730000004
20.0 0.8387946168 0.1345733042 0.0310122879 0.2297592997
31.0 0.926272674 0.3851203501 0.0585137507 0.25820568920000003
17.0 0.5980105325 0.6991247264 0.0620245758 0.3216630197
