42.0 0.17393199650000002 0.5513888888 0.18744551 0.3361111111
38.0 0.0850043592 0.8958333334 0.0845684394 0.18055555550000002
45.0 0.1804707934 0.8694444444 0.0889276373 0.14444444450000002
14.0 0.2702702702 0.7791666666 0.0784655623 0.2305555555
0.0 0.7118570183 0.5 0.5745422842 0.15
44.0 0.47646033130000004 0.28750000000000003 0.2048823016 0.2027777778
2.0 0.6778552746000001 0.2583333333 0.0340017437 0.4222222222
21.0 0.7266782912 0.20416666660000002 0.054925893600000004 0.28611111110000004
38.0 0.7925021796 0.2708333334 0.0714908456 0.19166666670000002
5.0 0.8718395815000001 0.2180555556 0.0662598082 0.3583333333
18.0 0.6233653008000001 0.6597222222 0.043591979100000004 0.2972222222
38.0 0.7013949433000001 0.7236111111 0.0845684394 0.225
