42.0 0.0902383655 0.1710526316 0.1736662883 0.3299595142
39.0 0.1864358683 0.5516194332000001 0.033484676500000005 0.1234817814
45.0 0.2281498298 0.58097166 0.0476730987 0.0728744939
4.0 0.316969353 0.41194331980000004 0.0834279228 0.2246963563
11.0 0.3765607264 0.48178137660000003 0.0539160045 0.2672064777
14.0 0.4003972758 0.6174089069 0.0312145289 0.1457489878
0.0 0.7630533484 0.4939271255 0.46254256530000004 0.1821862348
48.0 0.5303632236 0.2914979757 0.1004540295 0.1700404858
39.0 0.6282633371 0.3248987854 0.0340522134 0.1518218623
9.0 0.6733825198000001 0.3653846154 0.0471055619 0.1275303644
10.0 0.7179341658 0.3846153846 0.038592508500000004 0.024291498
14.0 0.7593643587000001 0.3765182186 0.0397275823 0.1862348178
44.0 0.8544267878 0.4251012146 0.1208853575 0.14574898790000002
39.0 0.9614074915 0.451417004 0.0329171396 0.1497975709
39.0 0.574631101 0.7034412956 0.0380249716 0.1518218623
9.0 0.6200340522000001 0.7398785425000001 0.0493757094 0.1396761134
10.0 0.662599319 0.7550607288000001 0.0368898979 0.0161943319
16.0 0.7065834280000001 0.7064777328 0.038592508500000004 0.2064777328
4.0 0.7738365494 0.6143724696 0.07548240640000001 0.2287449393
11.0 0.8308740068 0.7246963563000001 0.048808172600000005 0.3805668016
21.0 0.8791146424 0.8481781376 0.0340522133 0.2591093117
