49.0 0.0311696658 0.5071090048 0.0559125964 0.2180094787
38.0 0.1314267352 0.518957346 0.0482005142 0.1232227488
22.0 0.1847686376 0.5082938389 0.0469151671 0.0924170616
0.0 0.5697300772 0.5521327014 0.8476863753 0.07109004740000001
42.0 0.3573264782 0.18009478680000002 0.0745501285 0.1611374407
25.0 0.4103470437 0.44668246440000003 0.016066838 0.0592417061
45.0 0.4318766067 0.4360189574 0.0205655527 0.0379146919
4.0 0.49003856040000005 0.2393364929 0.0571979434 0.1706161138
11.0 0.5359897172 0.3424170616 0.0359897172 0.201421801
19.0 0.5539845758 0.4502369668 0.0192802057 0.1232227488
10.0 0.583226221 0.2772511848 0.028920308500000002 0.009478673
0.0 0.6812339332 0.19786729860000002 0.055269922900000004 0.0165876777
26.0 0.6821979435000001 0.09004739340000001 0.028920308500000002 0.14218009480000002
26.0 0.6709511568000001 0.29620853080000004 0.026992287900000002 0.1516587678
25.0 0.7024421594 0.327014218 0.0167095116 0.0616113744
44.0 0.7991645244000001 0.21445497630000002 0.08419023140000001 0.0924170616
25.0 0.8904241645000001 0.212085308 0.0250642674 0.0876777251
42.0 0.26735218510000003 0.6765402844 0.0668380462 0.15402843600000002
25.0 0.3271208226 0.9514218010000001 0.0179948586 0.0639810427
45.0 0.3489717224 0.941943128 0.0231362468 0.045023696700000004
4.0 0.4029562982 0.731042654 0.053984575800000004 0.15876777250000002
11.0 0.4485861182 0.8305687204000001 0.0321336761 0.2393364929
15.0 0.479755784 0.9348341232 0.0160668381 0.1161137441
10.0 0.5061053984 0.7819905214 0.028920308500000002 0.0142180095
0.0 0.6201799486 0.6966824644 0.052699228800000004 0.0142180095
26.0 0.6070051414000001 0.5971563981 0.0314910026 0.1516587678
26.0 0.5947943445 0.7902843602 0.0276349614 0.15402843600000002
25.0 0.625 0.8187203792000001 0.017352185000000003 0.0639810427
10.0 0.6780205656 0.6789099526 0.0411311054 0.016587677800000002
14.0 0.7265424165000001 0.6860189574000001 0.0469151671 0.1398104265
50.0 0.8239074550000001 0.7061611375 0.09511568120000001 0.1753554503
14.0 0.9100257070000001 0.5817535545 0.0359897173 0.10189573460000001
25.0 0.9717223650000001 0.7097156398000001 0.0205655527 0.08293838860000001
