42.0 0.0671641791 0.3501199041 0.128358209 0.3884892086
35.0 0.1602985075 0.5491606715 0.029253731300000002 0.15347721820000002
45.0 0.2020895522 0.5815347721 0.043582089500000004 0.1127098321
1.0 0.24895522390000002 0.5707434052 0.032238806 0.08633093530000001
0.0 0.6516417910000001 0.4892086331 0.6752238806 0.09112709840000001
43.0 0.3994029851 0.2122302158 0.1265671642 0.4004796163
14.0 0.4758208955 0.3513189449 0.0382089552 0.18944844130000002
15.0 0.515522388 0.3645083932 0.0376119403 0.2014388489
35.0 0.5952238806 0.1942446043 0.0525373134 0.23021582740000002
43.0 0.7014925374000001 0.23021582740000002 0.1194029851 0.42206235010000004
17.0 0.8011940298 0.3717026378 0.0370149253 0.1726618705
17.0 0.8432835821 0.3609112709 0.038805970200000005 0.1510791367
19.0 0.9376119403000001 0.190647482 0.0602985074 0.24700239810000002
43.0 0.3880597015 0.706235012 0.1110447762 0.45803357320000004
13.0 0.47164179100000003 0.7865707434 0.0202985075 0.16306954440000002
12.0 0.5035820896000001 0.8345323741 0.0340298507 0.22062350120000002
14.0 0.5770149254 0.6522781775000001 0.0495522388 0.2350119904
43.0 0.7092537313 0.7182254196000001 0.1408955224 0.4436450839
13.0 0.7856716418 0.8800959232000001 0.0262686567 0.2302158273
18.0 0.8235820896 0.8645083932000001 0.048358208900000005 0.24700239810000002
35.0 0.9119402985 0.7086330936 0.0531343284 0.23741007190000002
