42.0 0.1181172292 0.3803956834 0.2202486679 0.2607913669
33.0 0.2939609237 0.565647482 0.0674955595 0.1384892086
45.0 0.38410301950000003 0.5800359712000001 0.0843694494 0.08812949640000001
1.0 0.4875666074 0.5260791367000001 0.0834813499 0.0737410072
0.0 0.7828596803000001 0.4730215827 0.4236234458 0.0143884892
0.0 0.7428952043 0.2508992806 0.35968028420000003 0.0377697842
43.0 0.7029307282 0.1070143885 0.1323268206 0.21043165460000002
17.0 0.7788632326 0.1384892086 0.030195381900000002 0.08633093530000001
16.0 0.8188277087 0.1492805756 0.039076376600000004 0.11510791370000001
33.0 0.8943161634000001 0.1106115108 0.0479573712 0.08812949640000001
43.0 0.6940497336 0.3776978418 0.1163410302 0.2517985611
14.0 0.7868561279 0.37859712230000003 0.0479573712 0.10971223020000001
14.0 0.8507992895 0.3848920864 0.053285968 0.11510791370000001
13.0 0.926731794 0.3471223022 0.0222024867 0.154676259
0.0 0.8099467141000001 0.7508992806 0.3001776199 0.0125899281
43.0 0.7140319716 0.6411870504 0.1172291297 0.24640287770000002
21.0 0.8046181172 0.6663669065000001 0.0337477797 0.11690647480000001
13.0 0.8317051510000001 0.6654676259 0.0186500888 0.1366906474
33.0 0.9000888100000001 0.601618705 0.0452930729 0.0809352518
43.0 0.7193605683000001 0.8723021582 0.1278863233 0.2230215827
21.0 0.8068383659 0.9073741007 0.034635879200000004 0.11690647480000001
21.0 0.8468028419 0.9127697842 0.0364120782 0.1241007194
15.0 0.918294849 0.8471223022000001 0.0408525755 0.1330935251
