0.0 0.5011047282000001 0.5297927462 0.9960229783000001 0.0129533679
42.0 0.10075121520000001 0.1567357513 0.1113566062 0.292746114
30.0 0.0592134335 0.3691709844 0.030048608 0.1554404145
45.0 0.0956694654 0.4002590674 0.0349094123 0.0518134715
18.0 0.13543968180000002 0.3827720207 0.0225364561 0.1075129534
0.0 0.2244807777 0.1845854922 0.0945647371 0.0090673575
26.0 0.22514361470000002 0.0770725388 0.0278391516 0.14119170990000002
26.0 0.2032699956 0.3056994818 0.030048608 0.1580310881
30.0 0.244365886 0.3199481865 0.0441891294 0.25388601040000003
15.0 0.29827662400000005 0.1262953368 0.0326999559 0.164507772
16.0 0.3338488732 0.14831606220000002 0.0216526734 0.1904145078
44.0 0.42288996900000003 0.1599740932 0.1042863455 0.1774611399
2.0 0.5245249669000001 0.17616580310000002 0.0273972603 0.2227979274
20.0 0.5565620857 0.1262953368 0.0234202386 0.13082901560000001
30.0 0.5961113566 0.1204663212 0.0415377817 0.2046632125
5.0 0.6398585948000001 0.1457253886 0.0318161732 0.21891191710000002
50.0 0.7346442775 0.1515544042 0.12063632340000001 0.1994818653
2.0 0.8431285904 0.167746114 0.030048608100000002 0.2111398964
18.0 0.8729562528 0.1470207254 0.025187803800000002 0.1489637306
30.0 0.9142730888 0.1275906736 0.039770216500000004 0.2137305699
5.0 0.9564737075 0.1748704663 0.0278391516 0.2564766839
42.0 0.3906319046 0.6839378238 0.0963323023 0.292746114
30.0 0.3632346443 0.9047927462 0.0318161732 0.1567357513
45.0 0.39969067610000003 0.9352331606000001 0.0366769774 0.0518134715
20.0 0.435483871 0.9047927462 0.0181175431 0.0945595855
0.0 0.5243040212 0.7124352332 0.0826336721 0.0129533679
26.0 0.5296067168 0.6120466322 0.0313742819 0.1541450777
26.0 0.503756076 0.8316062176 0.0282810428 0.1424870466
30.0 0.541979673 0.8400259067 0.0384445426 0.2292746114
15.0 0.5972160848 0.6534974093 0.0296067167 0.164507772
30.0 0.6502430402 0.6748704664 0.0472823686 0.24093264250000002
