42.0 0.0994236311 0.2523219814 0.1796349664 0.3560371517
36.0 0.2391930836 0.5417956656 0.0691642651 0.1795665635
45.0 0.3001921229 0.5712074304 0.0547550433 0.0526315789
1.0 0.3746397694 0.5665634675 0.0595581171 0.11764705880000001
0.0 0.7358309318 0.5510835913000001 0.38616714700000004 0.11764705880000001
43.0 0.6556195966 0.3018575852 0.2103746397 0.43034055730000004
13.0 0.7886647454 0.4024767802 0.024975984700000002 0.19195046440000002
12.0 0.8275696446 0.40557275540000004 0.0470701249 0.2105263158
13.0 0.9442843420000001 0.3126934984 0.0345821326 0.2848297213
43.0 0.5926993276 0.6811145511000001 0.1748318924 0.4024767802
21.0 0.7497598463 0.8436532508 0.0662824208 0.2198142415
13.0 0.8049951969 0.8560371517 0.026897214200000002 0.20123839000000002
15.0 0.9241114313000001 0.7275541796 0.0922190202 0.24767801860000002
