0.0 0.4969715324 0.7819956616 0.9927316778 0.032537961000000004
42.0 0.08782556030000001 0.2147505423 0.0835857056 0.169197397
39.0 0.0596608116 0.3698481562 0.010296789800000001 0.058568329700000005
45.0 0.08086008480000001 0.3644251627 0.0248334342 0.052060737600000004
19.0 0.11356753480000001 0.3600867679 0.0187764991 0.0997830802
17.0 0.1753482738 0.2071583514 0.0199878861 0.15835141
13.0 0.212901272 0.22559652930000001 0.029678982500000003 0.1735357918
44.0 0.3104179286 0.2744034707 0.1011508177 0.1496746204
2.0 0.437007874 0.2104121475 0.0405814658 0.37310195220000003
12.0 0.484857662 0.2104121475 0.043004239900000005 0.1518438178
5.0 0.5548152634 0.2212581345 0.0533010297 0.3904555314
50.0 0.6892792247 0.2223427332 0.1477892186 0.180043384
2.0 0.8397940642 0.24186550980000002 0.051483949200000004 0.4446854664
39.0 0.8870381586 0.2603036876 0.0321017565 0.1344902386
5.0 0.9227740764000001 0.190889371 0.0454270139 0.37310195230000004
42.0 0.4039975772 0.773318872 0.0981223501 0.1930585683
39.0 0.3749242883 0.9392624728000001 0.0145366444 0.0650759219
45.0 0.40096910960000004 0.9295010846 0.0339188371 0.0498915402
15.0 0.4318594792 0.9338394794 0.0157480315 0.093275488
14.0 0.5269533616000001 0.8015184382 0.0557238038 0.1757049892
39.0 0.5723803755 0.8308026030000001 0.025439127800000003 0.1301518438
