42.0 0.0503144654 0.4807321772 0.0833333334 0.24470134870000002
35.0 0.0115959119 0.7186897881000001 0.0208333333 0.1657032755
45.0 0.0408805032 0.7620423892 0.0306603773 0.09055876680000001
20.0 0.0752751572 0.7177263969000001 0.0208333333 0.1637764932
0.0 0.5583726415 0.5240847784 0.8628144654000001 0.061657032800000004
0.0 0.1696147799 0.3333333334 0.0326257862 0.011560693700000001
26.0 0.1690251572 0.2157996147 0.0259433962 0.1502890173
26.0 0.1501572327 0.4373795761 0.0267295598 0.1811175338
35.0 0.1784591195 0.43352601160000004 0.0227987422 0.161849711
27.0 0.2315251572 0.3073217726 0.0416666667 0.1791907515
35.0 0.26808176100000003 0.140655106 0.0227987422 0.1657032755
9.0 0.2989386792 0.2552986512 0.023191823900000002 0.1560693641
10.0 0.332350629 0.2687861272 0.0294811321 0.025048169500000002
19.0 0.3687106918 0.2447013488 0.0298742138 0.1965317919
0.0 0.42295597490000003 0.2996146436 0.0613207547 0.0134874759
26.0 0.4288522013 0.1965317919 0.0322327044 0.1811175338
26.0 0.40625000000000006 0.4007707129 0.0255503144 0.16955684000000001
35.0 0.43789308180000003 0.3988439306 0.023584905700000002 0.1541425819
50.0 0.5623034591 0.28901734100000004 0.14111635220000002 0.32755298650000003
35.0 0.6707940252 0.1955684007 0.0381289309 0.2369942197
9.0 0.7122641509000001 0.2013487475 0.0322327044 0.1753371869
10.0 0.7448899371000001 0.21290944120000002 0.033018868 0.032755298700000005
14.0 0.787735849 0.19171483620000002 0.0408805031 0.2177263969
0.0 0.8808962264 0.2389210019 0.07232704400000001 0.0115606936
26.0 0.8596698114 0.126204239 0.0314465409 0.1907514451
26.0 0.8459119497 0.3564547206 0.034591195000000005 0.1926782274
35.0 0.8775550314 0.3497109826 0.0279088051 0.1714836223
20.0 0.9319968554 0.1608863198 0.0400943397 0.2408477842
0.0 0.2272012578 0.7909441234 0.10455974850000001 0.0134874759
26.0 0.23172169820000002 0.6868978806 0.027122641500000003 0.1714836223
26.0 0.21029874210000002 0.8930635838000001 0.0243710692 0.17919075140000001
35.0 0.2421383648 0.8978805395 0.023584905700000002 0.16955684000000001
35.0 0.29225628940000004 0.7292870906000001 0.0334119497 0.24470134870000002
15.0 0.32900943400000005 0.6117533718 0.026729559700000002 0.12909441230000002
9.0 0.35966981140000004 0.7129094412 0.0251572327 0.1541425819
0.0 0.4204009434 0.7793834297000001 0.033411949600000004 0.0096339114
26.0 0.4154874214 0.6502890174 0.0267295598 0.1599229287
26.0 0.3966194968 0.8786127168000001 0.026729559700000002 0.1772639691
35.0 0.43003144660000003 0.8901734104000001 0.0259433963 0.1734104046
15.0 0.4805424528 0.6859344894 0.034984276700000004 0.18882466280000001
35.0 0.5237814466 0.6936416185000001 0.0397012579 0.2273603082
17.0 0.559158805 0.605973025 0.027122641500000003 0.1406551059
9.0 0.592177673 0.6917148362000001 0.026336477900000002 0.1541425819
0.0 0.6491745283 0.7649325626 0.0546383648 0.0115606936
26.0 0.6527122642000001 0.661849711 0.0294811321 0.19845857420000002
26.0 0.6356132076000001 0.8892100193 0.029874213900000002 0.21001926780000002
35.0 0.6694182390000001 0.8709055876 0.0259433962 0.1695568401
20.0 0.7209119497 0.7196531792 0.033805031400000005 0.2793834296
17.0 0.7613993710000001 0.7042389210000001 0.0314465409 0.22543352600000002
35.0 0.8081761006 0.6840077072 0.0385220126 0.2543352601
16.0 0.8449292453 0.5924855492000001 0.0224056604 0.2023121387
