42.0 0.12411924120000001 0.4425182482 0.11815718160000001 0.2390510949
39.0 0.0214092141 0.9306569343000001 0.023306233000000003 0.1386861314
45.0 0.0536585365 0.9352189782 0.0357723577 0.0602189781
4.0 0.12520325200000001 0.6906934306 0.0845528455 0.2281021897
11.0 0.2024390244 0.7846715328 0.0514905149 0.3138686131
14.0 0.2433604336 0.8704379562000001 0.029268292600000002 0.1313868614
0.0 0.6474254743 0.3923357664 0.6953929539 0.2080291971
50.0 0.37642276420000004 0.30748175180000004 0.1674796748 0.22810218980000002
15.0 0.48834688340000004 0.1605839416 0.0336043361 0.1313868614
39.0 0.5718157182 0.299270073 0.0498644987 0.2664233576
9.0 0.6203252032000001 0.2600364964 0.0590785907 0.1003649635
44.0 0.7414634146 0.2317518248 0.1192411924 0.200729927
15.0 0.8357723577 0.0857664234 0.0379403794 0.1350364963
39.0 0.9097560976 0.2043795621 0.0428184282 0.2445255475
14.0 0.6257452574 0.5182481752 0.0558265583 0.22627737220000002
