42.0 0.10157790920000001 0.3495145631 0.12228796850000001 0.3203883496
30.0 0.0157790927 0.8713592233 0.0177514792 0.10194174760000001
45.0 0.043392505000000005 0.8810679612000001 0.0256410257 0.09223300970000001
4.0 0.1040433925 0.5995145631000001 0.048323471400000005 0.2281553398
11.0 0.14447731760000002 0.7014563107 0.048323471400000005 0.3737864078
15.0 0.1568047337 0.927184466 0.019723865900000002 0.1262135922
48.0 0.2869822486 0.4733009709 0.11439842210000001 0.28640776700000004
18.0 0.39891518740000004 0.067961165 0.0246548324 0.1262135923
30.0 0.4896449704 0.4757281554 0.040433925 0.2038834951
9.0 0.5522682446 0.463592233 0.0591715976 0.20873786400000002
47.0 0.7283037475 0.5703883495000001 0.1804733728 0.2961165048
20.0 0.8708086785 0.177184466 0.0276134122 0.1601941748
30.0 0.9778106509000001 0.6116504854 0.0424063116 0.2233009709
