42.0 0.0649829739 0.259057971 0.10953461980000001 0.38768115940000003
34.0 0.1438706016 0.5688405797 0.0198637912 0.1666666666
45.0 0.16884222470000002 0.6105072464 0.0278093076 0.0688405797
1.0 0.2071509648 0.5543478261 0.030646992 0.0942028986
34.0 0.281214529 0.3804347826 0.0380249717 0.3115942029
17.0 0.3189557321 0.17028985500000002 0.0249716232 0.1811594203
9.0 0.3700340522 0.3550724638 0.0522133938 0.25362318840000003
10.0 0.4165720772 0.4365942029 0.036322361000000004 0.054347826
18.0 0.46538024980000003 0.3315217391 0.0499432463 0.35144927540000004
7.0 0.7412031782 0.48550724640000004 0.484676504 0.9347826087000001
34.0 0.6614642452 0.45108695660000003 0.043700340500000004 0.31521739130000004
16.0 0.7114074914 0.38768115940000003 0.033484676500000005 0.3043478261
9.0 0.7675936436 0.4365942029 0.058456299600000004 0.2644927536
13.0 0.8481838820000001 0.3804347826 0.0766174801 0.4347826087
34.0 0.9123155505 0.5471014493 0.0471055618 0.3768115942
18.0 0.9747446084 0.3731884058 0.0425652668 0.25362318840000003
