42.0 0.1540312876 0.26574803150000004 0.2839951866 0.5078740158
25.0 0.3507821902 0.6751968504 0.0541516245 0.3031496063
45.0 0.42839951870000004 0.7696850394 0.0866425993 0.13779527560000002
1.0 0.5457280385000001 0.6751968504 0.0854392298 0.1299212598
0.0 0.8610108303 0.6594488189000001 0.24428399520000002 0.0669291338
3.0 0.8164861613000001 0.3248031496 0.0108303249 0.5314960630000001
25.0 0.8586040914 0.283464567 0.0517448857 0.25196850390000003
6.0 0.8995186522 0.3503937008 0.008423586 0.5275590551
25.0 0.7527075812 0.8287401574000001 0.0541516245 0.2480314961
9.0 0.8411552346000001 0.8169291338 0.10589651030000001 0.1771653543
20.0 0.9344163658 0.8346456693000001 0.0613718412 0.29921259840000003
