42.0 0.0756351039 0.31415929200000003 0.1339491917 0.4424778761
36.0 0.15560046190000001 0.6836283186000001 0.024826789800000002 0.1194690266
45.0 0.1847575058 0.6814159292 0.0323325635 0.1150442478
21.0 0.2228637414 0.6703539823 0.024249422700000002 0.1991150442
9.0 0.252886836 0.4026548673 0.021939953800000002 0.1150442478
0.0 0.6345265589 0.5243362832 0.713625866 0.0575221239
10.0 0.4919168591 0.2765486726 0.0230946882 0.0398230089
20.0 0.5274249422 0.2721238938 0.0340646651 0.2610619469
50.0 0.6056581986 0.28539823000000003 0.07852194 0.33185840710000003
36.0 0.6821593534 0.3407079646 0.021362586700000002 0.1504424778
46.0 0.7476905312000001 0.3584070796 0.06697459580000001 0.1769911505
13.0 0.7938799076 0.1261061947 0.0046189376 0.18141592920000002
36.0 0.82852194 0.360619469 0.020785219400000002 0.1283185841
47.0 0.3724018476 0.7743362832 0.09006928410000001 0.1681415929
15.0 0.4370669746 0.5796460177 0.028868360200000002 0.17699115040000002
36.0 0.49162817550000004 0.7853982301 0.0236720554 0.1637168142
9.0 0.5233833719000001 0.7389380531 0.027136258700000002 0.1504424778
2.0 0.5470554272 0.7411504425000001 0.0121247113 0.278761062
15.0 0.5727482679 0.7544247788 0.0346420324 0.2168141593
36.0 0.609699769 0.7898230088 0.024249422700000002 0.1548672567
48.0 0.6683025404 0.7898230088 0.056004619000000005 0.19911504430000002
36.0 0.7448036952 0.7942477876 0.0219399539 0.13716814160000002
9.0 0.7699191686 0.7588495575 0.0213625866 0.13716814160000002
13.0 0.7892609699 0.7632743363000001 0.0057736721 0.2522123894
5.0 0.799364896 0.7676991150000001 0.0075057737 0.23451327430000002
48.0 0.8478637414 0.7898230088 0.056004618900000004 0.1725663717
14.0 0.896073903 0.6305309734 0.019630485 0.1637168141
36.0 0.9385103926 0.8252212390000001 0.017898383400000002 0.1548672567
