42.0 0.143292683 0.4057692308 0.2520325203 0.24615384610000002
30.0 0.2911585366 0.6067307692 0.0396341464 0.1596153846
45.0 0.34654471540000004 0.6355769231 0.0650406505 0.0903846154
1.0 0.43191056910000003 0.5692307692 0.06300813 0.0538461539
0.0 0.7571138211 0.4932692308 0.4308943089 0.0326923077
0.0 0.7850609756 0.23173076920000002 0.42174796740000003 0.025
43.0 0.7017276423000001 0.1048076924 0.13516260160000002 0.1673076923
15.0 0.8175813008 0.1471153846 0.0619918699 0.1519230769
30.0 0.9171747968 0.0769230769 0.0457317073 0.1461538462
43.0 0.6605691057 0.3471153846 0.1260162602 0.1596153846
13.0 0.7764227642 0.3875 0.0508130081 0.1365384616
12.0 0.8363821138 0.37884615380000003 0.0548780488 0.12692307690000001
15.0 0.9369918699 0.30192307700000004 0.0548780488 0.12692307690000001
0.0 0.7896341464000001 0.7461538462 0.3882113821 0.019230769300000002
43.0 0.6768292683 0.625 0.1361788618 0.16538461540000002
13.0 0.7830284553 0.6644230769 0.0477642276 0.1442307692
13.0 0.8475609756 0.6509615385 0.0589430894 0.125
30.0 0.9369918699 0.5980769231 0.0386178862 0.1461538462
43.0 0.6798780488 0.8567307692 0.1422764228 0.1480769231
19.0 0.781504065 0.9144230769 0.0447154471 0.1596153846
20.0 0.8368902439 0.9134615384 0.0518292682 0.1423076923
18.0 0.9349593496 0.8201923076000001 0.0447154472 0.1173076923
