42.0 0.0695528743 0.4442934783 0.1305890703 0.44836956520000004
35.0 0.1781405252 0.6508152174 0.028388928400000003 0.1494565218
45.0 0.22995031940000002 0.7133152174 0.0624556423 0.08967391300000001
1.0 0.2966643009 0.6453804348000001 0.0525195174 0.10054347820000001
0.0 0.5298083748 0.5230978261 0.3129879347 0.035326087
43.0 0.44960965220000004 0.23369565220000002 0.1128459901 0.4347826087
13.0 0.5390347764 0.3586956522 0.0347764372 0.222826087
17.0 0.577004968 0.3451086956 0.0283889283 0.1956521739
35.0 0.646912704 0.17527173910000002 0.0390347765 0.2038043478
43.0 0.4407381121 0.7554347826000001 0.1050390348 0.4347826087
17.0 0.5315826828 0.8532608695 0.0269694819 0.1793478261
13.0 0.5677785664 0.8777173913 0.0397444997 0.222826087
13.0 0.646912704 0.714673913 0.047551454900000005 0.29891304350000003
0.0 0.8506032647 0.5176630435 0.23491838180000002 0.029891304400000002
43.0 0.7945351313 0.29891304350000003 0.11852377580000001 0.472826087
17.0 0.8754435770000001 0.38043478270000003 0.0276792052 0.1956521739
17.0 0.9009936125 0.3763586957 0.0220014194 0.1875
21.0 0.9712562100000001 0.2418478261 0.030518097900000003 0.2826086956
43.0 0.7764371895000001 0.7350543478 0.11213626680000001 0.4266304348
15.0 0.8608942512000001 0.8410326087000001 0.0269694819 0.1820652174
13.0 0.9017033357 0.8682065218 0.0361958836 0.2309782609
35.0 0.9797728886 0.6752717391 0.0404542229 0.19836956520000001
