42.0 0.1875871688 0.2663551402 0.3695955369 0.4205607476
39.0 0.0481171548 0.8099688474000001 0.0627615062 0.1682242991
45.0 0.109483961 0.862928349 0.06834030690000001 0.1059190031
17.0 0.1973500698 0.7819314642 0.0627615063 0.21806853580000002
9.0 0.27057182700000004 0.5965732088 0.06694560670000001 0.1464174455
3.0 0.4379358438 0.3582554517 0.022315202200000002 0.5607476636000001
49.0 0.5990237099 0.3052959502 0.1520223152 0.4112149533
39.0 0.8417015342 0.3317757009 0.10460251050000001 0.2959501557
6.0 0.9184100418000001 0.3582554517 0.023709902300000002 0.5607476636000001
39.0 0.9651324965 0.1246105919 0.061366806200000006 0.1806853582
