42.0 0.0689583334 0.3015384615 0.1220833333 0.4615384615
24.0 0.0189583334 0.7753846154 0.0245833333 0.24
45.0 0.046250000000000006 0.8584615385000001 0.0275 0.0861538461
15.0 0.0783333334 0.8030769231 0.0258333333 0.2461538462
9.0 0.101875 0.5938461538 0.01625 0.1230769231
0.0 0.5735416666 0.5938461538 0.8395833333 0.2892307693
10.0 0.3795833334 0.28769230760000003 0.0216666667 0.027692307700000002
16.0 0.4229166666 0.2861538462 0.0566666667 0.4307692307
46.0 0.5127083334 0.30000000000000004 0.09041666670000001 0.2861538462
24.0 0.614375 0.2661538462 0.0279166666 0.3353846153
47.0 0.6979166667000001 0.3846153846 0.0925 0.33846153840000004
15.0 0.7675000000000001 0.21846153840000002 0.0158333334 0.2092307693
24.0 0.8135416666 0.3430769231 0.0304166667 0.36
46.0 0.2325 0.7846153846 0.1258333334 0.41230769230000003
13.0 0.3104166666 0.603076923 0.0133333333 0.2276923077
24.0 0.35875 0.6692307692 0.0366666666 0.3723076923
9.0 0.396875 0.6707692308000001 0.02875 0.1907692308
2.0 0.425625 0.7815384615000001 0.01625 0.3938461539
16.0 0.46895833340000004 0.6753846154 0.0545833333 0.3538461538
24.0 0.5112500000000001 0.6784615384 0.03 0.3538461539
48.0 0.5922916666 0.72 0.0829166667 0.35692307700000003
24.0 0.6802083334 0.7153846154 0.0295833333 0.36
9.0 0.7139583333 0.7123076923 0.027916666700000002 0.1815384616
14.0 0.7439583333 0.7353846154 0.0270833333 0.3323076923
5.0 0.7743749999999999 0.7815384616000001 0.02125 0.41230769230000003
50.0 0.8391666666 0.7476923077000001 0.0941666667 0.2953846154
18.0 0.9085416666 0.6615384616000001 0.012916666700000001 0.17846153850000002
24.0 0.9514583334000001 0.7661538462 0.0254166667 0.3569230769
