42.0 0.1173878205 0.6067961165 0.22195512820000002 0.5339805826
38.0 0.2636217949 0.8414239482 0.0528846154 0.2071197411
45.0 0.31410256410000004 0.8349514563 0.048076923 0.142394822
20.0 0.3637820513 0.7427184466000001 0.0384615384 0.1909385114
9.0 0.40625000000000006 0.5631067961 0.0416666666 0.1747572816
0.0 0.7307692308 0.4401294498 0.4951923077 0.1941747573
38.0 0.5308493590000001 0.354368932 0.061698717900000005 0.2427184466
9.0 0.5897435898 0.30420711980000004 0.0480769231 0.2200647249
10.0 0.6442307692 0.30097087380000004 0.044871794900000005 0.0517799353
17.0 0.6927083333 0.2475728156 0.047275641 0.2750809061
50.0 0.8185096154 0.23300970880000002 0.1434294872 0.2265372169
38.0 0.9615384616 0.21682847900000002 0.0544871795 0.2330097087
38.0 0.6346153846 0.6116504854 0.0625 0.24595469250000002
47.0 0.7680288462 0.5631067961 0.1402243589 0.2588996764
38.0 0.889823718 0.5194174757 0.0584935897 0.21682847900000002
