42.0 0.0866394399 0.42474489800000004 0.12660443400000002 0.4566326531
24.0 0.0414235706 0.7079081632 0.0256709452 0.1709183673
45.0 0.0717619603 0.7538265306 0.0291715286 0.053571428600000005
0.0 0.1508168028 0.7729591837 0.0822637106 0.030612244900000002
4.0 0.1353558926 0.668367347 0.0443407235 0.1428571429
19.0 0.1350641774 0.875 0.0274212369 0.1836734694
0.0 0.6058926488 0.4961734693 0.7532088681 0.0994897959
47.0 0.3287631272 0.3112244898 0.1919486581 0.2908163266
17.0 0.4477829638 0.1301020408 0.0297549592 0.193877551
24.0 0.5253792298000001 0.2844387755 0.0507584597 0.375
9.0 0.5854725788 0.237244898 0.0624270712 0.2142857143
48.0 0.7444574096000001 0.34183673470000003 0.17152858810000002 0.3367346938
20.0 0.8623103851 0.131377551 0.0291715286 0.1862244898
24.0 0.9600350058 0.2551020408 0.0705950992 0.34183673470000003
14.0 0.5863477246000001 0.6198979592 0.038506417700000004 0.28061224490000003
