42.0 0.0796035806 0.3708791208 0.1476982097 0.4340659341
29.0 0.19277493610000002 0.5659340659000001 0.0402813299 0.3241758242
45.0 0.25159846550000003 0.6373626374 0.0569053708 0.1703296703
1.0 0.31521739130000004 0.5439560440000001 0.0524296676 0.13186813190000002
0.0 0.5546675192 0.45467032960000003 0.2436061381 0.0247252747
43.0 0.4721867008 0.2156593406 0.13235294120000002 0.35989010990000003
18.0 0.5664961636 0.31043956040000004 0.0306905371 0.1978021978
20.0 0.6026214834 0.3035714285 0.0313299233 0.2005494505
29.0 0.6713554988 0.1936813187 0.040920716100000004 0.3159340659
43.0 0.4881713555 0.6428571429000001 0.1515345268 0.3571428571
18.0 0.5687340154 0.7376373626 0.0313299233 0.19505494510000002
14.0 0.6054987212 0.7609890109 0.0332480818 0.2142857143
21.0 0.6745524297000001 0.6263736263 0.0396419437 0.2857142857
0.0 0.8756393862 0.4574175824 0.2359335038 0.0302197802
43.0 0.8174552429 0.22802197800000001 0.1400255755 0.3846153846
14.0 0.905690537 0.3145604396 0.0300511509 0.2005494505
14.0 0.9389386190000001 0.3076923076 0.0287723785 0.1923076923
13.0 0.9929667520000001 0.1703296703 0.0063938619000000006 0.2307692308
43.0 0.8062659846 0.7527472528 0.1368286445 0.4725274725
13.0 0.8861892584000001 0.7623626374 0.0063938619000000006 0.17857142850000002
12.0 0.9050511509 0.7376373626 0.0326086956 0.1620879121
29.0 0.9792199488000001 0.6373626374 0.037723785100000004 0.30219780220000003
