42.0 0.0602200348 0.3250773994 0.1169658367 0.38390092880000004
8.0 0.14331210190000002 0.4613003096 0.034163289 0.2043343654
45.0 0.205269253 0.5170278638 0.0364794441 0.0681114551
1.0 0.2788071801 0.4860681114 0.04806022 0.1052631579
0.0 0.6716850029 0.5386996904 0.6253618992000001 0.2167182662
43.0 0.4267515924 0.2291021672 0.1215981471 0.4148606811
21.0 0.48928778230000003 0.3312693498 0.0277938622 0.1795665635
12.0 0.5248986682 0.32662538700000004 0.0318471338 0.16408668740000001
8.0 0.6010422698 0.2120743034 0.0532715692 0.29411764700000004
43.0 0.7258251303000001 0.26625387 0.11986103070000001 0.4705882353
13.0 0.8271569195 0.37925696600000003 0.022582513000000002 0.2136222911
12.0 0.8778228142000001 0.37616099080000004 0.0428488709 0.18266253870000002
16.0 0.970179502 0.19349845200000002 0.056166763200000004 0.3250773994
43.0 0.40561667630000003 0.673374613 0.0978575564 0.43034055720000003
13.0 0.4826288362 0.7786377709000001 0.019108280300000002 0.1764705882
15.0 0.5173711639 0.7848297214000001 0.0295309786 0.1640866873
13.0 0.5822235090000001 0.6671826625 0.028372901000000002 0.27554179570000004
43.0 0.7015055008000001 0.7616099071 0.1244933411 0.4582043344
14.0 0.8042848871 0.8761609907000001 0.0347423278 0.1671826626
14.0 0.837000579 0.8962848298 0.0306890561 0.18266253870000002
8.0 0.9409380428 0.786377709 0.0671685003 0.3095975232
