22.0 0.0496183206 0.5771084337 0.093129771 0.09397590360000001
42.0 0.227480916 0.6036144578 0.1709923664 0.3975903615
33.0 0.1576335878 0.8867469880000001 0.0465648855 0.1542168675
45.0 0.229389313 0.9373493976 0.07709923660000001 0.1012048192
16.0 0.3030534351 0.8795180722 0.0427480916 0.2168674699
0.0 0.6797709923 0.6951807229 0.5961832061 0.0554216868
7.0 0.6484732824 0.39156626510000003 0.5091603053 0.7686746988000001
15.0 0.4633587786 0.13493975900000002 0.0366412214 0.1493975903
19.0 0.5854961832000001 0.27831325300000004 0.0671755726 0.2626506024
9.0 0.6625954198 0.3289156626 0.0702290077 0.2192771085
20.0 0.7435114504 0.26987951800000004 0.0778625954 0.30843373490000003
33.0 0.8167938932000001 0.3277108434 0.06870229010000001 0.2024096386
9.0 0.8874045802 0.3144578313 0.060305343500000004 0.2
14.0 0.9660305344000001 0.3373493976 0.0664122137 0.27951807230000003
33.0 0.6992366412000001 0.8036144578000001 0.065648855 0.20963855420000002
