42.0 0.157784744 0.39643652560000003 0.2821316614 0.33853006680000003
36.0 0.0710553814 0.6592427617000001 0.0689655172 0.1336302896
45.0 0.1400208986 0.6614699332 0.0773249739 0.08463251670000001
1.0 0.2257053292 0.6269487751 0.0689655173 0.08685968820000001
0.0 0.6415882968000001 0.5155902004 0.5935214211000001 0.0467706013
43.0 0.5710553814 0.197104677 0.2852664576 0.3808463251
15.0 0.7492163009 0.3663697104 0.0626959247 0.2115812917
14.0 0.8375130616 0.34966592420000003 0.08463949850000001 0.1870824053
13.0 0.9576802508000001 0.197104677 0.0449320794 0.2783964365
43.0 0.5240334378 0.7661469933 0.2706374086 0.46325167040000004
18.0 0.7204806688000001 0.8652561247 0.0762800418 0.24721603560000002
17.0 0.803030303 0.8518930957 0.0700104493 0.2160356347
21.0 0.9514106583 0.6893095768 0.09299895500000001 0.3140311804
