42.0 0.1323924731 0.332247557 0.22446236560000002 0.306188925
25.0 0.0248655914 0.7980456026 0.044354838800000004 0.1172638436
45.0 0.1008064516 0.7736156352 0.0887096774 0.0749185668
15.0 0.184811828 0.7638436482000001 0.057795698900000005 0.17915309440000002
9.0 0.2365591398 0.5472312704 0.0456989248 0.11726384370000001
27.0 0.3904569892 0.3729641694 0.0739247311 0.1596091205
46.0 0.4939516129 0.1123778502 0.13844086020000002 0.0944625407
25.0 0.6465053763 0.1172638436 0.0430107527 0.0977198697
49.0 0.7365591398 0.0912052118 0.064516129 0.1563517915
2.0 0.8353494624000001 0.0846905538 0.028225806500000002 0.1498371335
13.0 0.8581989247 0.08794788270000001 0.0174731183 0.1368078176
9.0 0.8918010753000001 0.0912052118 0.038978494600000003 0.1107491857
25.0 0.9354838710000001 0.1074918567 0.0376344086 0.0846905538
5.0 0.9690860215 0.0912052118 0.029569892400000002 0.1628664495
