42.0 0.0863277826 0.48126801160000005 0.1551270815 0.3400576369
40.0 0.0346187554 0.7723342940000001 0.023663453100000002 0.1325648415
45.0 0.0762489045 0.7146974064 0.047326906200000005 0.0979827089
17.0 0.134531113 0.7089337176 0.037686240100000004 0.1671469741
0.0 0.5880806310000001 0.5187319884 0.7940403155 0.0403458213
27.0 0.365907099 0.2723342939 0.0464504821 0.1700288185
40.0 0.4044697633 0.1109510086 0.0219106047 0.1239193083
9.0 0.47546012270000004 0.2089337176 0.07099035940000001 0.3544668588
46.0 0.676161262 0.265129683 0.2147239263 0.2247838616
40.0 0.8663453112 0.3674351585 0.0446976337 0.2622478386
14.0 0.27300613500000004 0.7334293948 0.0482033304 0.2680115274
20.0 0.3597721297 0.7103746397 0.0780017528 0.3429394813
40.0 0.4294478527 0.8645533141 0.0438212095 0.2593659942
19.0 0.485977213 0.6080691642 0.0517090272 0.1556195965
9.0 0.5718667835 0.6916426513 0.0780017528 0.3285302594
13.0 0.6222611744000001 0.7377521614 0.0087642419 0.2939481268
21.0 0.6630148992 0.734870317 0.0499561788 0.3227665706
40.0 0.7265556529 0.8645533141 0.0455740579 0.2593659942
9.0 0.8023663453000001 0.7074927954 0.0780017528 0.3544668588
15.0 0.8816827344 0.7377521614 0.06485539 0.2766570605
14.0 0.9513584575 0.7463976945 0.0517090272 0.28818443800000004
