42.0 0.0600608211 0.4009146342 0.11302584900000001 0.5091463415
39.0 0.1391282311 0.8841463414 0.0207805372 0.1829268293
45.0 0.17587430310000002 0.9115853658 0.0405473898 0.1158536585
4.0 0.23264064880000002 0.5564024390000001 0.056766345700000005 0.3262195122
11.0 0.28864673090000004 0.6905487805 0.0400405474 0.4237804878
16.0 0.3170299037 0.8719512196 0.0299037 0.2195121951
0.0 0.6733400912 0.6173780488 0.6492650785 0.2103658536
14.0 0.3920425748 0.3109756098 0.0228079067 0.2743902439
48.0 0.4706031424 0.33079268300000003 0.0816016219 0.34451219510000003
14.0 0.5255955398000001 0.1341463414 0.0192600102 0.1890243903
39.0 0.5790674100000001 0.33231707320000003 0.0309173847 0.2378048781
9.0 0.6173340091 0.28201219510000003 0.0405473898 0.1737804878
10.0 0.6586416624 0.3292682927 0.0228079067 0.0365853658
16.0 0.6933603649 0.3033536585 0.0364926508 0.30792682930000004
47.0 0.7957425241 0.375 0.10947795240000001 0.3292682926
14.0 0.8616320324000001 0.12042682930000001 0.019260010100000002 0.1737804878
39.0 0.9171312722 0.3475609756 0.0339584389 0.25609756100000003
16.0 0.6545869234 0.6722560976 0.039026862700000005 0.3140243903
