42.0 0.1073640743 0.2609375 0.2009635237 0.5031249999999999
30.0 0.2233310392 0.6609375 0.0433585685 0.21562499999999998
45.0 0.28320715760000004 0.746875 0.0571231934 0.15
15.0 0.3406744666 0.709375 0.0399174122 0.19375
9.0 0.389538885 0.5578124999999999 0.0440467997 0.221875
10.0 0.49208534060000003 0.4765625 0.0619408121 0.065625
14.0 0.5609084652 0.4796875 0.0633172746 0.340625
17.0 0.641431521 0.4984375 0.0619408121 0.32187499999999997
47.0 0.7790777701 0.7000000000000001 0.159669649 0.5625
30.0 0.9662766690000001 0.65625 0.0646937371 0.35625
