42.0 0.0661818182 0.45803357320000004 0.1309090909 0.29736211030000004
29.0 0.0203636364 0.7098321342 0.0232727273 0.1438848921
45.0 0.0709090909 0.7589928057 0.060363636400000004 0.0455635491
21.0 0.1341818182 0.7529976020000001 0.0196363636 0.0911270983
0.0 0.64 0.6342925660000001 0.717090909 0.050359712300000005
2.0 0.2501818182 0.2170263789 0.0421818182 0.304556355
29.0 0.3054545454 0.226618705 0.0494545455 0.2661870503
10.0 0.3574545455 0.2877697842 0.04 0.0239808153
13.0 0.3985454546 0.2613908873 0.0145454545 0.21103117500000002
5.0 0.41854545460000003 0.293764988 0.0181818181 0.3333333334
2.0 0.47527272730000003 0.3129496403 0.060363636400000004 0.37649880100000005
7.0 0.6763636364000001 0.4184652278 0.368 0.654676259
16.0 0.6621818182 0.32494004800000004 0.0370909091 0.1366906475
15.0 0.7043636364 0.3333333334 0.0341818182 0.16786570750000002
29.0 0.7705454545 0.293764988 0.0647272727 0.23261390880000002
9.0 0.804 0.3381294964 0.04 0.201438849
20.0 0.8512727272 0.3465227818 0.025454545500000002 0.1462829736
9.0 0.9007272727000001 0.3633093525 0.0458181818 0.2086330935
21.0 0.9421818182 0.3752997602 0.0269090909 0.1366906474
5.0 0.9723636363 0.3729016786 0.0145454545 0.2853717027
17.0 0.5149090909 0.7805755396 0.0392727272 0.2182254197
19.0 0.5629090909000001 0.7697841727 0.0261818182 0.13908872900000002
2.0 0.6145454545 0.7925659472000001 0.048 0.3573141487
29.0 0.6574545454 0.7410071943000001 0.0465454545 0.2446043165
10.0 0.7087272727 0.7973621103 0.04 0.0167865708
13.0 0.7414545454 0.7601918465 0.0138181819 0.1822541966
5.0 0.7570909091 0.7901678658 0.0145454546 0.2901678657
