42.0 0.1254585473 0.2594142259 0.1349963316 0.4937238493
41.0 0.0260454879 0.8012552301 0.0418195158 0.1882845188
45.0 0.08437270720000001 0.7615062762 0.0557593543 0.1338912133
0.0 0.1863536317 0.7761506276 0.0630961116 0.0292887029
4.0 0.15187087300000002 0.7008368201 0.0234776229 0.13807531380000002
19.0 0.1559060895 0.8953974896 0.0271460014 0.2092050209
10.0 0.2149669846 0.42677824270000003 0.0322817314 0.0334728034
48.0 0.3393250184 0.2635983264 0.12105649310000001 0.35983263600000004
41.0 0.4900953778 0.2447698744 0.054292002900000004 0.2133891213
9.0 0.5561261922 0.1841004184 0.0454878944 0.27615062760000003
10.0 0.6096845194 0.2259414226 0.0366837857 0.050209205
14.0 0.6749816581 0.1924686192 0.0601614086 0.3430962343
47.0 0.8297872340000001 0.3179916318 0.1511371973 0.3933054394
41.0 0.9677182686 0.2928870293 0.0528246515 0.27615062760000003
