42.0 0.1049270073 0.48841059600000003 0.20437956200000001 0.3940397351
25.0 0.2623175182 0.7268211921000001 0.0428832117 0.1821192053
45.0 0.3239051095 0.7251655629 0.0729927008 0.0662251656
10.0 0.3987226278 0.6986754967000001 0.023722627700000002 0.026490066200000002
21.0 0.43567518250000004 0.6490066225000001 0.0392335766 0.17880794700000002
0.0 0.8001824818000001 0.43377483440000003 0.3959854015 0.0927152318
27.0 0.6601277372000001 0.34602649 0.0647810219 0.1821192053
10.0 0.7166970803 0.1655629139 0.028284671600000002 0.026490066200000002
19.0 0.7568430657 0.1175496689 0.050182481800000005 0.20198675500000002
25.0 0.8111313868000001 0.130794702 0.0474452555 0.1821192053
25.0 0.575729927 0.7698675496 0.0620437956 0.2417218543
2.0 0.6364051095000001 0.7963576159 0.028284671600000002 0.4006622516
25.0 0.7034671533 0.7483443709 0.07846715330000001 0.24503311260000002
9.0 0.7700729927000001 0.6986754966000001 0.049270073000000005 0.1986754967
14.0 0.844890511 0.7086092716 0.0693430657 0.29139072850000003
13.0 0.9041970803 0.5447019868 0.052919708 0.21523178810000002
5.0 0.9767335766 0.7119205298 0.026459854 0.3642384106
