42.0 0.12171052630000001 0.5425531915 0.192669173 0.4113475178
38.0 0.2504699248 0.8812056738 0.038533834600000004 0.12411347510000001
45.0 0.29088345860000003 0.8351063830000001 0.0404135339 0.1241134752
13.0 0.3265977444 0.8031914894000001 0.0084586466 0.2021276595
9.0 0.35338345860000003 0.5904255319 0.0300751879 0.1879432624
27.0 0.47368421060000004 0.6329787234 0.0526315789 0.3014184398
49.0 0.5296052632 0.3280141844 0.0648496241 0.23758865240000002
2.0 0.6221804512 0.3386524823 0.0281954887 0.18085106380000002
21.0 0.6578947368 0.32092198580000003 0.0357142857 0.1879432624
9.0 0.6903195489 0.3386524822 0.0310150376 0.2163120567
38.0 0.7330827068 0.4131205674 0.0413533835 0.1595744681
50.0 0.8181390978 0.12056737590000001 0.1343984963 0.2056737588
38.0 0.9384398496 0.1737588652 0.0347744361 0.1347517731
5.0 0.9779135338 0.3138297872 0.0122180451 0.1595744681
