49.0 0.0426711669 0.47311212820000004 0.0708775313 0.1864988559
38.0 0.1448891032 0.48627002280000003 0.0718418515 0.1052631579
22.0 0.2176952748 0.4805491991 0.0728061717 0.0755148742
0.0 0.6564609450000001 0.5749427918000001 0.6523625844000001 0.09496567510000001
42.0 0.4744455159 0.12643020600000002 0.0983606558 0.1887871853
29.0 0.3637897782 0.33237986270000003 0.0274831244 0.1132723112
45.0 0.3960945034 0.3586956522 0.031340405 0.033180778
4.0 0.4517839923 0.2437070938 0.0511089682 0.1052631579
11.0 0.5195274832 0.3340961098 0.06316297010000001 0.19450800910000002
21.0 0.5578592092 0.3483981694 0.0318225651 0.09496567510000001
10.0 0.5824493732 0.2854691076 0.019286403100000002 0.0080091533
10.0 0.6366923819 0.1441647597 0.0226615236 0.0114416476
15.0 0.6783992286 0.1367276888 0.0443587271 0.1407322654
50.0 0.781099325 0.1744851258 0.12343297980000001 0.1659038901
17.0 0.8659594986 0.066361556 0.0270009643 0.1006864989
29.0 0.9202025072000001 0.1527459954 0.0274831244 0.1338672769
42.0 0.3801832208 0.6733409611000001 0.0959498553 0.1750572082
29.0 0.2714561234 0.9141876430000001 0.028929604600000002 0.12356979400000001
45.0 0.3083413694 0.9387871854000001 0.0351976857 0.0400457665
4.0 0.36933461910000004 0.8260869566 0.060752169800000005 0.1281464531
11.0 0.43249758920000003 0.8901601830000001 0.0617164898 0.1693363845
16.0 0.4607039537 0.9273455378000001 0.0284474446 0.1086956521
10.0 0.4884281582 0.8461098398 0.0163934427 0.0080091533
17.0 0.556653809 0.6676201373 0.0419479267 0.1407322654
48.0 0.6526036644000001 0.6767734554 0.0988428158 0.1338672769
14.0 0.7193828351 0.5926773456000001 0.0270009644 0.09382151030000001
29.0 0.7777242044 0.6699084668 0.0308582449 0.1315789474
44.0 0.8823529412000001 0.712242563 0.11668273870000001 0.12700228830000002
29.0 0.9836065574 0.6790617849 0.0308582449 0.1292906178
