42.0 0.1730187538 0.2064606742 0.1548699334 0.3904494382
25.0 0.0238959468 0.8735955056 0.0405323654 0.1853932584
45.0 0.0822746522 0.9087078652 0.0653357531 0.1601123595
4.0 0.1872353297 0.6376404494 0.1094978826 0.3370786517
11.0 0.2695099818 0.7471910112 0.0453720509 0.4719101123
15.0 0.3015728978 0.8609550562 0.0344827586 0.2219101124
47.0 0.4385964912 0.3398876404 0.166969147 0.3146067415
15.0 0.5471869329 0.09129213480000001 0.028433151900000002 0.1769662921
25.0 0.6209921355 0.375 0.0405323654 0.1882022472
9.0 0.6778584392 0.3202247191 0.0574712644 0.1853932584
47.0 0.7937084089 0.3988764045 0.12825166370000002 0.28651685400000004
16.0 0.8950393224000001 0.1755617978 0.0308529945 0.1544943821
25.0 0.9724742892 0.4382022472 0.0381125227 0.17415730340000002
