42.0 0.083813364 0.389254386 0.13076036870000002 0.3311403509
38.0 0.0313940092 0.6699561404000001 0.0581797235 0.1425438597
45.0 0.0898617512 0.6589912280000001 0.0472350231 0.11184210530000001
1.0 0.1460253456 0.6370614035000001 0.0455069124 0.0811403508
0.0 0.5898617511 0.5197368421 0.7649769585 0.048245614000000006
43.0 0.3433179724 0.2752192982 0.1797235023 0.5065789473
13.0 0.4478686636 0.3837719298 0.016705069200000002 0.22807017540000002
12.0 0.47119815670000004 0.3234649123 0.0414746544 0.21271929820000002
38.0 0.5604838710000001 0.23574561400000002 0.0702764977 0.2039473684
43.0 0.7237903226 0.2554824562 0.1664746544 0.4802631579
17.0 0.8580069125 0.3289473684 0.0604838709 0.1666666667
21.0 0.916186636 0.3464912281 0.0420506913 0.2192982456
13.0 0.9864631336 0.2182017544 0.0190092166 0.2697368421
43.0 0.31797235020000003 0.7423245614 0.1831797235 0.4495614036
18.0 0.4300115208 0.8377192982 0.040898617500000005 0.2236842105
13.0 0.4596774194 0.8695175439 0.0092165899 0.1951754386
15.0 0.5417626728 0.7302631579000001 0.0743087558 0.2894736842
43.0 0.6964285714 0.7620614035000001 0.1797235023 0.4671052632
19.0 0.8188364055 0.8475877193 0.054723502300000004 0.16008771930000001
14.0 0.8724078341 0.8442982456 0.0489631336 0.2192982456
38.0 0.9645737327 0.7379385964 0.0708525346 0.19078947370000002
