42.0 0.0950938825 0.2921760391 0.1804966686 0.5354523227
34.0 0.1959418534 0.5 0.027256208400000002 0.1491442542
45.0 0.2231980618 0.5305623472000001 0.033313143600000004 0.0684596577
21.0 0.27559055120000003 0.5146699266 0.025439127800000003 0.17848410750000002
9.0 0.3128407026 0.3716381418 0.0345245306 0.1173594132
0.0 0.6874621442000001 0.5672371638 0.5947910357 0.30317848410000003
10.0 0.5202907329 0.3007334964 0.041187159300000005 0.0244498777
48.0 0.6117504543 0.3300733496 0.0896426408 0.2542787286
34.0 0.7062386433000001 0.3838630807 0.0278619019 0.17114914420000002
44.0 0.7925499697 0.4364303178 0.1035735918 0.24205378970000002
13.0 0.8606904906 0.315403423 0.0036341611 0.1320293398
34.0 0.9030890370000001 0.4718826406 0.030284675900000002 0.1907090464
2.0 0.4109630526 0.6466992665 0.038158691700000004 0.2860635696
21.0 0.45366444580000004 0.6332518337 0.03270745 0.2053789731
9.0 0.5021199273 0.6442542788 0.0520896426 0.1491442543
21.0 0.5487583283 0.6650366749000001 0.0375529982 0.2053789731
34.0 0.5751059964 0.7298288508 0.0272562083 0.2127139365
48.0 0.6611144761000001 0.7114914425000001 0.0890369473 0.2542787286
34.0 0.7510599637 0.7677261613 0.025439127800000003 0.1858190709
5.0 0.7867958812 0.7933985330000001 0.0351302241 0.325183374
48.0 0.862810418 0.7726161369000001 0.0829800121 0.2200488998
17.0 0.9297395518 0.6870415648 0.023016353700000002 0.1564792176
34.0 0.983646275 0.8349633251 0.0290732889 0.1687041565
