42.0 0.1034612491 0.4570637119 0.1392024079 0.2603878116
23.0 0.0124153499 0.9515235457000001 0.021820918 0.0914127424
45.0 0.0485327314 0.9279778394 0.0413844996 0.0554016621
4.0 0.1328066215 0.6911357340000001 0.0699774266 0.2299168975
11.0 0.20165538 0.7465373961 0.0601956358 0.25761772850000003
17.0 0.2231000752 0.8878116344 0.0233258089 0.1246537397
0.0 0.653875094 0.391966759 0.6576373213000001 0.0969529086
16.0 0.3175319789 0.2894736842 0.034612490600000004 0.191135734
47.0 0.4522197141 0.3448753462 0.13844996240000002 0.1745152355
21.0 0.5492851768 0.1260387812 0.015048909000000001 0.108033241
23.0 0.6286681716 0.2728531856 0.0338600451 0.135734072
9.0 0.677200903 0.24792243760000002 0.0526711813 0.1745152355
14.0 0.7238525207000001 0.24792243760000002 0.0391271632 0.1689750693
47.0 0.8401053424 0.2590027701 0.1121143717 0.1412742382
17.0 0.9236267871 0.067867036 0.015801354400000002 0.1024930748
23.0 0.9868322047 0.2091412742 0.0248306998 0.1191135734
14.0 0.6873589164 0.49168975070000004 0.0458991723 0.1966759002
