42.0 0.1318011257 0.39525691700000004 0.2354596622 0.5217391304
25.0 0.28939962480000003 0.7252964427 0.0553470919 0.2648221344
45.0 0.36632270170000003 0.7924901186000001 0.0816135084 0.1225296443
14.0 0.4634146342 0.6897233202 0.0731707317 0.3913043479
0.0 0.7903377111000001 0.5612648222000001 0.38930581610000004 0.039525691700000004
50.0 0.6876172608000001 0.3181818182 0.21388367730000002 0.42292490120000004
2.0 0.8663227017 0.2747035573 0.027204502800000002 0.43873517780000004
25.0 0.9146341464000001 0.3201581028 0.0525328331 0.31620553360000003
5.0 0.9596622890000001 0.3043478261 0.0187617261 0.45059288540000003
44.0 0.7439024390000001 0.7924901186000001 0.2157598499 0.3833992095
25.0 0.9057223264 0.8043478261 0.0590994371 0.3359683794
