42.0 0.058804205000000005 0.2575107296 0.11103810780000001 0.4978540772
34.0 0.1435611038 0.6888412017000001 0.0243101182 0.339055794
45.0 0.1787122207 0.6952789699 0.0328515111 0.1630901287
0.0 0.2641261498 0.7210300429000001 0.0433639948 0.025751073000000003
4.0 0.2490144547 0.5858369099 0.0289093298 0.19313304720000002
18.0 0.2473718791 0.8433476395 0.0229960578 0.2017167382
10.0 0.3032194481 0.3326180258 0.026938239200000002 0.0643776825
47.0 0.4356110381 0.3562231759 0.1287779238 0.4463519313
34.0 0.5620893561 0.3540772532 0.032194481000000004 0.4420600858
9.0 0.6136662286 0.35193133050000003 0.0459921157 0.38626609440000004
10.0 0.6636005256 0.3927038626 0.0341655716 0.0987124463
20.0 0.714848883 0.3369098712 0.0459921157 0.4248927039
50.0 0.832457293 0.3261802576 0.1182654402 0.4806866953
34.0 0.9753613666000001 0.3562231759 0.032194481000000004 0.4463519313
