42.0 0.0523648649 0.4201030928 0.08952702700000001 0.3556701031
38.0 0.1452702703 0.8891752578000001 0.030405405400000002 0.17525773190000002
45.0 0.17989864860000002 0.9059278350000001 0.0287162163 0.0644329897
4.0 0.23078547300000002 0.5902061856 0.0620777027 0.2525773196
11.0 0.28969594600000004 0.7074742268 0.0363175675 0.3324742268
14.0 0.3110219594 0.8621134020000001 0.0223817567 0.1572164949
10.0 0.3355152027 0.719072165 0.015625 0.0257731959
0.0 0.6811655406 0.5360824742 0.6326013513000001 0.020618556700000002
47.0 0.43961148650000004 0.3208762887 0.1013513514 0.2087628866
14.0 0.5122466216 0.1636597938 0.023648648600000002 0.17783505160000002
38.0 0.573902027 0.34407216500000004 0.0464527027 0.2396907217
2.0 0.6114864865 0.262886598 0.025337837800000002 0.4742268041
16.0 0.6469594595 0.3170103092 0.0295608108 0.27319587630000003
38.0 0.6858108108000001 0.3221649484 0.0413851352 0.2113402061
9.0 0.729518581 0.3054123711 0.0333614865 0.162371134
2.0 0.7542229730000001 0.31185567010000004 0.013513513500000001 0.3041237114
10.0 0.7812500000000001 0.32603092780000004 0.021959459400000002 0.033505154700000005
14.0 0.8148226352 0.3028350516 0.0367398649 0.2448453609
4.0 0.875 0.32603092780000004 0.0515202702 0.1932989691
5.0 0.9250422297 0.31572164950000003 0.0097128378 0.30154639180000004
14.0 0.9478462838 0.1701030928 0.0249155406 0.1855670103
5.0 0.9790962838 0.2989690722 0.0147804054 0.5051546392
10.0 0.6748310811 0.6958762887000001 0.021959459400000002 0.030927835100000002
20.0 0.706714527 0.6649484536 0.0308277027 0.2422680412
