42.0 0.062166099999999995 0.4093137254 0.11753278290000001 0.3431372549
40.0 0.0211267605 0.8235294118 0.0383681399 0.2303921569
45.0 0.0585235552 0.7916666666000001 0.0354541039 0.0882352941
0.0 0.1170471102 0.8284313726 0.0398251579 0.029411764700000002
4.0 0.1143759106 0.7573529412000001 0.0354541039 0.13235294120000002
21.0 0.11559009220000001 0.9031862745 0.0145701797 0.1151960784
0.0 0.5803788246 0.7830882353 0.8324429335 0.38970588240000004
48.0 0.26032054400000004 0.2696078431 0.1495871783 0.2745098039
14.0 0.3722680913 0.1593137254 0.027683341400000002 0.2156862745
40.0 0.44439048080000004 0.46323529410000003 0.052452646900000004 0.37254901960000003
9.0 0.5186983973 0.38357843140000003 0.060223409400000004 0.1642156863
44.0 0.6996114618 0.3982843137 0.22875182130000002 0.32107843140000003
21.0 0.8380281690000001 0.268382353 0.0257406508 0.2083333333
40.0 0.9465760078000001 0.6470588236 0.0903351141 0.4558823529
18.0 0.5381253036 0.8762254902000001 0.042739193700000004 0.2475490196
