42.0 0.1506373117 0.19174757280000002 0.2618771726 0.3300970874
41.0 0.0724217845 0.45388349520000004 0.0428736964 0.11165048550000001
45.0 0.1297798377 0.5097087378 0.0648899189 0.0825242719
20.0 0.201622248 0.4805825242 0.0533024334 0.1650485437
0.0 0.6465816918 0.3604368932 0.5469293163 0.10436893200000001
20.0 0.6865585168 0.20752427180000002 0.10776361520000001 0.2985436893
7.0 0.5741599073 0.6432038835 0.3765932792 0.567961165
39.0 0.6906141368000001 0.6893203884 0.1019698725 0.2184466019
9.0 0.8117033604 0.661407767 0.1147161066 0.1966019418
20.0 0.9426419466 0.7172330097 0.11239860950000001 0.322815534
