42.0 0.0648201028 0.45759717310000003 0.1136493432 0.3780918728
39.0 0.1399200457 0.7155477032 0.0137064534 0.1236749117
45.0 0.1596230726 0.7014134276 0.0142775557 0.06713780920000001
19.0 0.1850371216 0.6943462898 0.0182752713 0.1590106007
9.0 0.20788121080000002 0.46113074200000004 0.0217018847 0.0812720849
0.0 0.6133637921 0.5565371024 0.7664191890000001 0.1519434629
12.0 0.46659051970000004 0.316254417 0.0205596802 0.222614841
48.0 0.5385494004 0.3745583038 0.0719588807 0.2190812721
39.0 0.6136493432 0.3445229682 0.0177041691 0.1731448764
47.0 0.6861793261 0.3498233216 0.0691033696 0.17667844530000001
19.0 0.7424328955 0.1060070671 0.0159908624 0.1554770318
39.0 0.7949743004000001 0.33392226150000004 0.0205596802 0.1590106007
50.0 0.321530554 0.7685512368 0.08794974300000001 0.2579505301
20.0 0.38720731010000004 0.5724381626 0.0114220446 0.17667844530000001
39.0 0.4348943461 0.7738515901 0.019988578 0.1908127208
9.0 0.4643061108 0.7084805654 0.026270702400000002 0.1095406361
2.0 0.4891490577 0.706713781 0.013135351200000001 0.24734982330000002
20.0 0.5137064535 0.7190812721000001 0.0165619646 0.222614841
39.0 0.5328383781 0.7632508834 0.0159908624 0.1766784452
50.0 0.6199314678 0.7932862191000001 0.0942318675 0.2932862191
39.0 0.7033123929 0.7685512368 0.0154197602 0.1872791519
9.0 0.7344374643 0.7155477032 0.025128498000000003 0.11660777380000001
17.0 0.7647058823 0.7226148410000001 0.019417475700000002 0.2367491166
5.0 0.7866933181 0.7243816254000001 0.0108509424 0.2614840989
50.0 0.8606510566000001 0.8233215548 0.0925185609 0.33215547700000003
17.0 0.9229011994 0.5812720848 0.014848657900000001 0.187279152
39.0 0.9725870931 0.7791519435 0.0194174758 0.20141342750000002
