42.0 0.0631996268 0.49453551910000004 0.0713619403 0.2349726776
38.0 0.024953358300000002 0.9043715847 0.0181902985 0.0765027322
45.0 0.0443097015 0.8756830601000001 0.0111940298 0.0409836066
14.0 0.07742537320000001 0.8579234973000001 0.0373134329 0.1639344262
9.0 0.1012126866 0.6830601093 0.0149253731 0.087431694
0.0 0.5536380597 0.4590163934 0.8414179104 0.1584699453
10.0 0.37779850740000004 0.3469945356 0.0233208955 0.0218579235
18.0 0.4130130597 0.3265027323 0.040578358200000005 0.2377049181
50.0 0.5130597015 0.3756830601 0.1100746268 0.2486338798
38.0 0.6061100746 0.3306010929 0.0275186567 0.12021857920000001
50.0 0.6984608209000001 0.3169398907 0.09934701500000001 0.2076502732
17.0 0.7642257462000001 0.1297814208 0.0200559701 0.1284153005
38.0 0.8122667910000001 0.3046448088 0.0247201493 0.1284153005
46.0 0.2040578358 0.781420765 0.0965485075 0.1967213115
20.0 0.2898787313 0.6229508196 0.0181902985 0.1256830601
38.0 0.3456156716 0.7800546448 0.0307835821 0.1448087432
9.0 0.38526119410000004 0.7185792350000001 0.0298507463 0.1693989071
2.0 0.4279384328 0.6789617486 0.0461753731 0.3961748634
18.0 0.4717817164 0.6857923497 0.040578358200000005 0.2349726776
38.0 0.5083955224 0.7336065574 0.0298507462 0.1338797814
48.0 0.588152985 0.6680327869 0.0736940299 0.2322404372
38.0 0.6669776119 0.6844262295 0.0233208955 0.1174863388
9.0 0.7028917910000001 0.6543715847 0.0233208955 0.1721311476
20.0 0.7374067164 0.6202185792 0.0289179104 0.2131147541
5.0 0.7782182836 0.6051912568000001 0.041511194 0.3961748634
47.0 0.8663712686 0.637978142 0.0881529851 0.1721311475
17.0 0.9265391791 0.4836065574 0.019123134400000002 0.1092896175
38.0 0.9762126866 0.6174863388 0.0279850746 0.1256830602
