42.0 0.0789265982 0.3206521739 0.12470402530000001 0.3423913044
39.0 0.2067876874 0.5380434782 0.0457774269 0.1576086957
45.0 0.2770323599 0.5665760870000001 0.0852407262 0.0788043479
10.0 0.35753749020000003 0.5543478261 0.0315706393 0.027173913
1.0 0.44080505130000003 0.5013586956 0.0576164168 0.1277173913
0.0 0.7178374112 0.43342391300000005 0.44435674820000004 0.0625
19.0 0.6294396212000001 0.27581521740000003 0.0276243093 0.1385869566
13.0 0.6550907656 0.2608695652 0.011049723800000001 0.1902173913
39.0 0.6917916338 0.2839673913 0.0528808208 0.1657608696
16.0 0.7355958958000001 0.1073369566 0.0378847672 0.14402173910000002
9.0 0.7853196527 0.2649456522 0.0410418311 0.1875
12.0 0.8299131808 0.2866847826 0.0292028413 0.1657608696
9.0 0.8721389108000001 0.2798913044 0.044198895 0.20652173910000002
18.0 0.9159431728 0.23369565220000002 0.0355169693 0.1413043478
7.0 0.773875296 0.7133152174 0.4269928966 0.5516304348000001
21.0 0.7119179164 0.7595108696 0.0284135753 0.1385869565
39.0 0.7569060774 0.7595108695 0.0441988951 0.16576086950000002
21.0 0.8066298342 0.620923913 0.0347277033 0.1603260869
9.0 0.8555643252 0.7364130434 0.0426203631 0.1793478261
25.0 0.9214680348000001 0.7717391304 0.0670876085 0.1195652174
15.0 0.9656669298 0.6073369565 0.0355169693 0.1657608696
