42.0 0.0921903882 0.3886255924 0.09380776340000001 0.37440758300000004
24.0 0.014556377 0.7085308057 0.0272643253 0.24170616120000002
45.0 0.0515249538 0.8092417061 0.033733826200000004 0.1066350711
0.0 0.1088262477 0.7914691944000001 0.053142329 0.0142180095
4.0 0.10720887250000001 0.7097156398000001 0.0304990758 0.1492890996
18.0 0.11506469500000001 0.8921800948 0.0277264326 0.1492890995
10.0 0.16427911280000002 0.5438388626 0.0198706099 0.0308056872
0.0 0.2262014787 0.441943128 0.042051756 0.0165876777
21.0 0.23960258780000002 0.2713270142 0.037430684000000006 0.2914691943
20.0 0.24237523100000002 0.6481042654 0.0355822551 0.3436018958
44.0 0.3669131238 0.41113744080000003 0.1303142329 0.2582938389
20.0 0.4600277264 0.1563981042 0.024491682100000002 0.2274881517
24.0 0.5237985212 0.3305687204 0.037430683900000004 0.3388625592
2.0 0.5616913124 0.3815165877 0.0180221812 0.355450237
14.0 0.5981977819000001 0.3732227488 0.041127541600000005 0.3246445498
24.0 0.641404806 0.3424170616 0.0378927911 0.3530805687
9.0 0.6896950092 0.366113744 0.037430683900000004 0.19668246450000001
2.0 0.7188077634000001 0.3862559242 0.0161737524 0.3412322275
10.0 0.7446857671 0.4028436019 0.025415896400000002 0.037914692
17.0 0.7837338262 0.3281990521 0.0351201479 0.2535545024
4.0 0.8622920518 0.3921800948 0.0693160813 0.2251184834
5.0 0.9373844732000001 0.4004739337 0.0097042514 0.35071090050000003
20.0 0.9611829944 0.1706161138 0.025878003700000003 0.24644549770000002
5.0 0.992375231 0.45853080570000004 0.013401109100000001 0.4478672986
