42.0 0.06964769650000001 0.36342042760000004 0.098102981 0.3610451307
8.0 0.0203252032 0.8871733966 0.0308943089 0.1923990499
45.0 0.0842818428 0.9204275534 0.037398374000000005 0.0688836105
15.0 0.1284552846 0.8586698338000001 0.0227642277 0.1211401425
9.0 0.1514905149 0.6733966746000001 0.022222222200000002 0.1163895487
0.0 0.6067750678 0.5213776722 0.7073170731 0.0498812352
14.0 0.3869918699 0.2612826603 0.044444444400000005 0.2375296912
9.0 0.4300813008 0.1852731592 0.0298102981 0.19952494070000001
10.0 0.47940379400000005 0.257719715 0.036314363100000004 0.0213776722
15.0 0.5219512195 0.2375296912 0.0379403794 0.19002375300000002
48.0 0.6498644986000001 0.2517814727 0.1485094851 0.40380047500000005
17.0 0.7376693767 0.0914489311 0.0346883468 0.1258907364
8.0 0.8173441734 0.3040380048 0.0628726287 0.3277909739
50.0 0.3192411924 0.7102137767000001 0.2016260162 0.3562945368
8.0 0.4780487805 0.7114014252 0.0715447154 0.3159144893
9.0 0.5355013550000001 0.5985748218 0.033604336000000005 0.1900237529
8.0 0.6197831978 0.7256532066 0.0634146341 0.33491686470000004
44.0 0.7701897018 0.7672209026 0.1593495935 0.299287411
16.0 0.8834688347 0.6247030879000001 0.0314363144 0.1947743468
8.0 0.9658536585 0.7363420428 0.0596205962 0.34679334910000004
