42.0 0.1255545696 0.6032786885 0.1889973381 0.24262295080000001
35.0 0.0403726708 0.8918032786000001 0.027506654800000002 0.1442622951
45.0 0.0851818988 0.8803278688 0.0532386867 0.0622950819
0.0 0.1867790594 0.8508196721 0.0488021295 0.0360655738
4.0 0.182786158 0.7688524590000001 0.0532386867 0.0950819672
15.0 0.1916592724 0.9278688525000001 0.037267080800000005 0.131147541
0.0 0.6588287488 0.45409836060000003 0.6184560781 0.2065573771
50.0 0.4205856256 0.375409836 0.1987577639 0.2327868853
18.0 0.5408163265 0.1524590164 0.031055900600000002 0.0885245902
35.0 0.6384205856 0.2836065574 0.041703638 0.2
9.0 0.6814551908 0.2737704918 0.033717835 0.1278688524
44.0 0.8087843834 0.262295082 0.13220940550000002 0.2163934426
14.0 0.8988464951 0.07049180320000001 0.033717835 0.1016393443
35.0 0.979148181 0.2131147541 0.031055900600000002 0.2098360656
19.0 0.6983141082000001 0.5475409836 0.0603371783 0.1901639344
