49.0 0.037956621 0.4717348928 0.061073059400000004 0.24561403510000002
40.0 0.131849315 0.581871345 0.045662100500000004 0.298245614
22.0 0.1760844749 0.5097465887 0.0416666666 0.0565302144
0.0 0.6124429224 0.5350877193 0.7716894977000001 0.0253411306
42.0 0.3339041096 0.16374269 0.08561643840000001 0.20272904490000002
23.0 0.39982876710000004 0.3586744639 0.029109589 0.089668616
45.0 0.4343607306 0.3479532164 0.039954337900000005 0.037037037
0.0 0.4831621004 0.3664717349 0.026826484100000002 0.019493177400000002
4.0 0.4948630137 0.2972709552 0.0365296804 0.1228070175
16.0 0.5008561644 0.45419103320000004 0.029109589 0.14814814810000002
10.0 0.5507990868 0.2105263158 0.0171232877 0.0116959064
10.0 0.6070205479 0.1929824561 0.022260273900000002 0.0116959065
14.0 0.6466894977000001 0.17251461980000002 0.046803653 0.1812865497
46.0 0.7474315068 0.20272904490000002 0.1227168949 0.17543859650000002
14.0 0.8353310502 0.06530214420000001 0.0359589041 0.1267056531
23.0 0.8958333333 0.20370370370000002 0.0371004566 0.10721247560000001
42.0 0.267979452 0.6666666666000001 0.09303652970000001 0.2261208577
23.0 0.3264840182 0.8440545809000001 0.026255707700000002 0.089668616
45.0 0.3641552511 0.8382066277 0.0410958904 0.0428849902
0.0 0.4489155251 0.8615984406 0.0382420092 0.0311890839
4.0 0.4235159818 0.7660818713 0.0365296803 0.11306042890000001
19.0 0.4283675799 0.9220272904000001 0.026826484 0.13255360630000002
10.0 0.4780251142 0.6949317738 0.0154109589 0.009746588700000001
19.0 0.544520548 0.6539961014 0.0388127853 0.1578947369
47.0 0.6512557078 0.6793372320000001 0.1289954338 0.1228070175
20.0 0.7331621004000001 0.5916179337 0.030251141500000002 0.1033138402
23.0 0.7936643836 0.6949317739 0.034817351600000004 0.1150097466
48.0 0.8812785388000001 0.6481481482 0.0867579908 0.20467836250000002
23.0 0.9671803653000001 0.6900584795 0.0359589042 0.1091617934
