42.0 0.0985874043 0.2847457628 0.1959976457 0.5220338983
8.0 0.2157151266 0.5830508474 0.054738081300000005 0.3661016949
45.0 0.303119482 0.6305084746 0.052972336700000004 0.1694915254
13.0 0.3431430253 0.586440678 0.0070629782 0.3389830509
0.0 0.7089464391 0.5406779662 0.5726898176 0.1593220339
13.0 0.5370806356 0.24745762710000002 0.0064743967 0.26440677960000003
8.0 0.5874043555 0.279661017 0.040023543200000004 0.2881355933
47.0 0.6874632137000001 0.31355932200000003 0.10359034730000001 0.2542372881
2.0 0.770158917 0.30000000000000004 0.014714538000000001 0.233898305
15.0 0.7960565038 0.3186440678 0.0311948205 0.22372881360000002
8.0 0.8519717480000001 0.366101695 0.0323719835 0.2915254237
5.0 0.8955267804 0.3932203389 0.0076515597 0.27118644070000003
14.0 0.4293702178 0.6508474576000001 0.0417892878 0.2576271186
8.0 0.5008828723000001 0.7322033898 0.0412007063 0.3593220339
50.0 0.6047675103 0.706779661 0.10888758100000001 0.3423728814
8.0 0.721306651 0.706779661 0.0370806357 0.2813559322
48.0 0.8057680989 0.7050847458 0.0812242496 0.32542372880000003
2.0 0.8796350794000001 0.7372881356000001 0.013537374900000001 0.2813559322
16.0 0.9064155386 0.7508474576 0.028251912900000002 0.3423728814
8.0 0.9487934079 0.7423728814 0.029429076000000002 0.2644067797
5.0 0.9914655680000001 0.7355932204000001 0.008828722800000001 0.2237288135
