22.0 0.0385612444 0.5941644562 0.0524951393 0.175066313
42.0 0.17109526900000002 0.5039787798 0.1490602722 0.3076923077
39.0 0.11049902780000001 0.8594164456000001 0.0356448477 0.12201591510000001
45.0 0.1454957875 0.8779840849 0.031756318900000004 0.0954907162
20.0 0.1817887233 0.8328912467 0.0304601426 0.18567639260000002
10.0 0.2232663642 0.724137931 0.031756318900000004 0.0212201591
0.0 0.6412832146 0.5862068966 0.7135450421 0.12201591510000001
3.0 0.4760207388 0.2665782493 0.0213869086 0.44827586210000003
39.0 0.5204147764 0.2877984085 0.0661049902 0.24137931040000002
9.0 0.6121192482000001 0.29442970820000003 0.09526895660000001 0.3289124668
12.0 0.6979909268000001 0.226790451 0.0583279326 0.3474801061
6.0 0.7527543746 0.30238726790000003 0.0213869086 0.5570291778
39.0 0.3383020091 0.8275862069000001 0.0686973428 0.2387267904
13.0 0.3771872975 0.6989389920000001 0.0064808814 0.1883289125
9.0 0.44426442 0.8196286472000001 0.0978613091 0.2917771883
10.0 0.527543746 0.8408488063 0.0622164615 0.0212201591
14.0 0.602073882 0.8169761273 0.0635126377 0.3289124668
39.0 0.6756318859 0.8037135279000001 0.0719377835 0.2440318303
9.0 0.7738172392 0.8076923077 0.10499027870000001 0.3103448276
13.0 0.8395981854000001 0.7586206897000001 0.0174983797 0.3819628647
15.0 0.8976020739 0.7347480106000001 0.0842514582 0.28647214860000003
