42.0 0.12125748500000001 0.42076502730000004 0.1846307385 0.39344262300000005
39.0 0.0409181636 0.7800546448 0.0578842315 0.2486338798
45.0 0.1132734531 0.7841530055 0.0668662674 0.1038251366
14.0 0.2050898204 0.7472677595 0.08283433130000001 0.2704918033
0.0 0.626247505 0.4767759563 0.6596806388 0.024590164
16.0 0.382235529 0.28688524590000003 0.1057884231 0.4098360656
9.0 0.4775449102 0.243169399 0.0708582834 0.30054644810000003
48.0 0.6736526946 0.1953551912 0.2075848304 0.36885245910000003
39.0 0.9261477046000001 0.2568306011 0.0938123752 0.3661202186
44.0 0.4860279441 0.7923497268 0.24750499 0.30054644810000003
15.0 0.7095808384000001 0.606557377 0.0678642715 0.2459016393
39.0 0.8642714571000001 0.8087431694 0.0938123752 0.3661202186
