42.0 0.0539445629 0.1776470588 0.0959488272 0.3223529412
31.0 0.10554371 0.42 0.0149253731 0.11058823520000001
45.0 0.1311300639 0.4552941176 0.0302771855 0.0729411765
15.0 0.16567164180000002 0.45058823530000003 0.0174840086 0.134117647
9.0 0.18720682300000002 0.3282352941 0.0144989339 0.1011764706
44.0 0.2876332622 0.3611764706 0.1240938167 0.2988235294
31.0 0.4023454158 0.4329411765 0.0319829424 0.2023529412
15.0 0.44968017060000004 0.3023529412 0.038805970200000005 0.2658823529
11.0 0.467803838 0.3941176471 0.0375266525 0.3411764706
31.0 0.4906183369 0.5235294118 0.0345415778 0.2329411765
7.0 0.7631130064 0.46823529410000003 0.46695095940000003 0.48
31.0 0.6405117271 0.6035294118 0.036673774 0.2423529412
2.0 0.6829424307 0.6529411765 0.031130064000000002 0.3929411765
19.0 0.7200426440000001 0.5635294118 0.037953091700000004 0.2611764706
9.0 0.7611940298000001 0.6117647058 0.0332622601 0.20705882350000002
10.0 0.7989339019 0.6870588235 0.0285714286 0.0423529412
20.0 0.8407249467 0.6505882353 0.0456289978 0.3082352942
31.0 0.8927505330000001 0.7635294118 0.0439232409 0.27058823530000004
5.0 0.9321961620000001 0.7929411765000001 0.028144989300000003 0.39058823530000003
