42.0 0.11351351350000001 0.230882353 0.1345345346 0.34411764710000003
38.0 0.032732732800000004 0.6632352941 0.0618618619 0.2323529412
45.0 0.0870870871 0.7029411765 0.06006006 0.1588235294
0.0 0.18288288290000002 0.7470588236 0.0522522522 0.029411764700000002
4.0 0.1702702703 0.6235294118 0.039039039000000005 0.1823529412
14.0 0.1663663664 0.8764705882 0.0276276276 0.2
48.0 0.324024024 0.3970588236 0.1447447447 0.4058823529
17.0 0.4177177177 0.10735294120000001 0.0402402402 0.1676470588
38.0 0.5132132132 0.44117647060000004 0.0774774775 0.3352941176
9.0 0.5813813814000001 0.4044117647 0.033633633600000004 0.2029411764
47.0 0.7315315315 0.5514705882000001 0.18618618620000002 0.37352941170000004
15.0 0.8606606606 0.2367647059 0.028828828900000002 0.25
38.0 0.9552552552 0.525 0.0750750751 0.33235294120000003
