49.0 0.0404466501 0.4046740467 0.07394540940000001 0.1746617466
39.0 0.141439206 0.4434194342 0.0486352357 0.15867158680000001
22.0 0.21339950370000002 0.467404674 0.0635235732 0.0787207873
0.0 0.6220843672 0.5479704798 0.7508684863 0.0725707257
42.0 0.4697270472 0.1328413284 0.1503722085 0.1574415744
34.0 0.3900744417 0.299507995 0.0248138958 0.0774907749
45.0 0.4168734492 0.31426814270000003 0.0287841191 0.052890528900000004
0.0 0.4657568238 0.3302583026 0.0669975186 0.013530135300000001
4.0 0.476426799 0.27736777360000003 0.0436724566 0.0676506765
21.0 0.47667493800000005 0.3757687576 0.0223325062 0.0799507995
10.0 0.523573201 0.2441574416 0.0168734492 0.0110701107
10.0 0.5774193548000001 0.1801968019 0.0302729529 0.0233702337
16.0 0.6193548387000001 0.1691266913 0.0446650124 0.1414514145
48.0 0.7307692308 0.19680196800000002 0.12258064510000001 0.1451414514
15.0 0.8099255583 0.1217712177 0.0188585608 0.0762607626
34.0 0.8687344913 0.21033210330000002 0.0342431762 0.13038130380000001
42.0 0.3496277916 0.6162361624 0.1493796526 0.1820418204
34.0 0.2689826303 0.8111931120000001 0.0248138958 0.0824108241
45.0 0.3012406948 0.8265682657000001 0.0337468982 0.054120541200000004
0.0 0.3516129032 0.8413284133000001 0.0282878412 0.012300123000000001
4.0 0.36079404470000004 0.7878228782000001 0.0446650124 0.0774907749
16.0 0.3615384616 0.8911439114 0.0272952853 0.0848708487
10.0 0.41240694790000004 0.7447724478000001 0.0188585608 0.013530135300000001
15.0 0.4751861042 0.6457564576 0.0421836228 0.1648216482
44.0 0.6029776675 0.6562115622 0.1538461538 0.13161131610000001
19.0 0.6962779156000001 0.5916359164 0.0198511166 0.086100861
34.0 0.7555831265 0.6765067651000001 0.0342431761 0.135301353
47.0 0.8635235732000001 0.6715867159000001 0.12406947900000001 0.12300123
34.0 0.9823821340000001 0.6949569496 0.032258064600000004 0.12300123
