42.0 0.0638366818 0.1662790698 0.11082307200000001 0.30000000000000004
40.0 0.1487362281 0.5 0.02786779 0.1720930232
45.0 0.1814646792 0.5046511628 0.0388852884 0.0790697674
21.0 0.21872974720000002 0.4906976744 0.0174983797 0.1488372093
9.0 0.2579390797 0.3604651163 0.0453661698 0.088372093
0.0 0.6749837978000001 0.5511627907000001 0.6370706416 0.2837209302
14.0 0.6186001296 0.1627906976 0.046014258 0.1720930233
11.0 0.6513285807 0.22790697680000002 0.0427738172 0.3348837209
40.0 0.6973428386 0.38372093020000003 0.0466623461 0.2418604651
10.0 0.356772521 0.5488372093 0.031756318900000004 0.0139534884
17.0 0.3907971484 0.5267441860000001 0.0311082307 0.1790697675
47.0 0.5265716137 0.5872093023 0.1769280622 0.1976744186
40.0 0.6720674012 0.7360465116 0.0505508749 0.2767441861
46.0 0.8107582632 0.7511627907 0.17627997410000001 0.19069767440000002
40.0 0.9624108878000001 0.8441860465000001 0.0466623461 0.2790697674
