42.0 0.1025384102 0.6215753424 0.18370073480000002 0.4554794521
39.0 0.2661990648 0.875 0.0474281898 0.2294520548
45.0 0.3173012692 0.8664383562 0.053440213800000004 0.1164383561
16.0 0.3640614562 0.7585616438 0.022712090900000002 0.1815068493
9.0 0.3911155644 0.5958904110000001 0.0233800935 0.1438356165
0.0 0.7160988644 0.4794520548 0.5170340682 0.21232876720000002
18.0 0.5748162992 0.3373287672 0.0367401469 0.25684931510000003
9.0 0.6098864396 0.3167808219 0.026720106900000002 0.1678082192
10.0 0.6452905812 0.32534246580000004 0.0307281229 0.0342465753
19.0 0.6793587174 0.2773972602 0.0307281229 0.18493150690000001
46.0 0.7752171008000001 0.27054794520000003 0.11022044090000001 0.19178082200000002
12.0 0.8573814296000001 0.10102739720000001 0.0233800935 0.1609589041
39.0 0.9191716767 0.23630136980000002 0.042752171000000005 0.2328767123
46.0 0.5444221777 0.7859589041 0.13226452900000002 0.27054794520000003
39.0 0.6753507014 0.7020547946 0.038744155 0.2328767123
9.0 0.7184368738 0.654109589 0.0247160989 0.1575342465
39.0 0.7558450234 0.6746575342000001 0.039412157600000004 0.2397260274
47.0 0.8694054776 0.6267123288 0.1369405478 0.20547945210000002
18.0 0.9301937208000001 0.4434931507 0.0193720775 0.147260274
39.0 0.9822979292 0.5376712328000001 0.0340681362 0.2123287671
