42.0 0.13960639600000002 0.4233128834 0.2546125461 0.47239263810000004
39.0 0.2853628536 0.7208588957000001 0.0344403444 0.1042944786
45.0 0.3437884378 0.7070552147 0.0578105781 0.1257668712
1.0 0.42988929880000004 0.6840490798000001 0.0725707257 0.0858895705
0.0 0.7693726938000001 0.523006135 0.4538745387 0.0398773006
43.0 0.6826568266 0.2438650307 0.1525215252 0.463190184
20.0 0.8216482165000001 0.3619631902 0.0418204182 0.2331288344
15.0 0.8856088561000001 0.3619631902 0.0565805658 0.2208588957
13.0 0.9766297663000001 0.1794478528 0.0098400984 0.2791411043
43.0 0.6900369004 0.7592024540000001 0.1820418204 0.4386503068
15.0 0.8148831488 0.8711656442 0.052890528900000004 0.1901840491
17.0 0.8776137762 0.8711656442 0.0725707257 0.1901840491
13.0 0.9932349324 0.713190184 0.0110701107 0.2791411043
