42.0 0.1466616654 0.3222222222 0.2078019505 0.387654321
32.0 0.0303825956 0.8740740741 0.0562640661 0.2469135802
45.0 0.10090022500000001 0.8666666666 0.0727681921 0.09876543210000001
19.0 0.17066766690000001 0.7987654321000001 0.047261815400000004 0.2345679012
9.0 0.2374343586 0.6444444444 0.0622655664 0.1925925926
0.0 0.6586646662 0.449382716 0.6571642911000001 0.06419753090000001
32.0 0.38372093020000003 0.2185185185 0.0772693173 0.33827160500000003
9.0 0.46661665420000004 0.1382716049 0.07801950490000001 0.2666666667
10.0 0.5727681921000001 0.17901234570000002 0.09077269310000001 0.1061728395
46.0 0.7490622656 0.2061728395 0.2078019505 0.362962963
32.0 0.955363841 0.2172839506 0.0802700675 0.3358024692
32.0 0.4722430608 0.6259259260000001 0.0712678169 0.3037037037
44.0 0.6582895724000001 0.6444444444 0.20630157540000002 0.3753086419
32.0 0.8567141786 0.6827160494000001 0.0720180045 0.38271604940000004
