42.0 0.0673076923 0.3833819242 0.1187002652 0.2594752186
8.0 0.1578249337 0.6049562682 0.0358090186 0.18950437320000002
45.0 0.23740053060000002 0.6282798834000001 0.0424403183 0.084548105
0.0 0.3106763926 0.6399416910000001 0.09482758620000001 0.0320699709
4.0 0.3133289124 0.5349854227 0.0523872679 0.1370262391
15.0 0.3113395225 0.7623906706 0.0258620689 0.1953352769
7.0 0.5726127321 0.4854227406 0.373342175 0.9591836735
50.0 0.6432360743000001 0.3775510204 0.200265252 0.3294460642
8.0 0.8206233422 0.31778425660000004 0.0616710875 0.3090379009
9.0 0.9114721486 0.304664723 0.0683023873 0.28279883380000004
15.0 0.9708222812 0.2682215744 0.0557029178 0.4081632653
