42.0 0.1363128492 0.3803921568 0.2681564246 0.32156862750000004
29.0 0.039106145200000005 0.6529411764 0.0715083799 0.2078431373
45.0 0.1111731844 0.694117647 0.0703910615 0.0705882353
1.0 0.2162011173 0.6382352941 0.08379888270000001 0.0647058824
0.0 0.6854748603 0.4774509804 0.6134078212 0.0176470588
43.0 0.4905027933 0.168627451 0.2368715084 0.2862745098
21.0 0.6938547486000001 0.3284313726 0.0648044692 0.1862745099
14.0 0.7849162012 0.3509803922 0.09050279330000001 0.2235294117
17.0 0.9346368715000001 0.1784313726 0.07932960900000001 0.3058823529
43.0 0.5094972067 0.7323529412 0.2502793296 0.4333333333
14.0 0.7072625698 0.7833333334 0.0737430167 0.1941176471
14.0 0.8044692738 0.7784313726000001 0.0826815643 0.1882352941
13.0 0.9502793296000001 0.6509803922 0.0525139664 0.2901960785
