42.0 0.08239910310000001 0.305214724 0.1614349776 0.4877300613
29.0 0.1690022421 0.6042944785000001 0.0196188341 0.22699386500000002
45.0 0.2003923766 0.6978527607 0.0409192825 0.08895705520000001
0.0 0.2718609866 0.7377300614000001 0.06278026910000001 0.027607361900000002
4.0 0.2802690583 0.6012269938 0.0582959642 0.2331288343
14.0 0.2783071749 0.8711656442 0.030829596400000003 0.22699386500000002
0.0 0.7172085202 0.75 0.5599775785000001 0.17484662580000002
21.0 0.40190582960000004 0.33128834360000003 0.030269058300000002 0.2699386503
47.0 0.4971973094 0.4662576687 0.11771300450000001 0.2944785276
21.0 0.586603139 0.2668711656 0.0229820628 0.19631901840000002
29.0 0.6401345292 0.3849693252 0.0280269059 0.27300613490000003
9.0 0.6760089686 0.4555214724 0.0426008968 0.19938650300000002
21.0 0.716087444 0.4739263804 0.0263452915 0.2607361963
50.0 0.8338004484 0.4156441718 0.1530269058 0.3404907976
21.0 0.9218049328000001 0.3803680982 0.0207399103 0.2208588957
29.0 0.9736547086 0.5720858895 0.0291479821 0.3098159509
15.0 0.6891816144 0.8343558282 0.034192825100000004 0.2576687116
