0.0 0.5237755588 0.6877897991 0.9315263909 0.14837712520000002
42.0 0.042082739 0.2341576507 0.0832144555 0.14064915
41.0 0.020209225 0.3616692426 0.0166428911 0.0432766615
45.0 0.0470756062 0.3585780525 0.0313837375 0.0649149923
20.0 0.078934855 0.3377125193 0.0209224917 0.0757341576
15.0 0.1398002853 0.2326120556 0.0266286258 0.1468315301
2.0 0.1659533999 0.2295208655 0.0133143128 0.17156105100000002
0.0 0.2237280076 0.2511591963 0.0784593438 0.0170015456
26.0 0.2261055635 0.1777434312 0.034712315800000004 0.15455950540000002
26.0 0.2066096053 0.3207109737 0.032810271 0.1251931994
41.0 0.24369947690000002 0.34544049460000004 0.026153114600000003 0.0726429676
7.0 0.47099381840000004 0.2650695518 0.3618640038 0.4961360124
18.0 0.4089396101 0.2256568779 0.037089871600000004 0.1576506956
41.0 0.4491203043 0.2612055641 0.032810271 0.0803709428
9.0 0.4854969092 0.22488408040000002 0.034236804600000004 0.0880989181
10.0 0.5199714693 0.2326120556 0.0252020923 0.0200927357
18.0 0.5596766524 0.2179289026 0.0427960058 0.14837712520000002
41.0 0.5934379458 0.2642967542 0.030432715200000002 0.0834621329
19.0 0.6191155492 0.1622874806 0.016167380000000002 0.0710973725
9.0 0.653827865 0.230293663 0.0313837375 0.09582689330000001
10.0 0.6913932478 0.2326120556 0.026628625700000002 0.0200927357
14.0 0.7294341417 0.2279752704 0.040893961 0.1561051005
0.0 0.7746077033000001 0.2503863988 0.0466000951 0.015455950500000001
26.0 0.794341417 0.1723338485 0.0337612934 0.14374034
26.0 0.777698526 0.32998454400000005 0.035663338100000004 0.1375579599
41.0 0.8124108417 0.3469860896 0.026153114600000003 0.0664605873
7.0 0.896338564 0.24188562600000002 0.1245839277 0.4095826893
15.0 0.8920589634 0.13755795980000002 0.015216357600000001 0.07418856260000001
39.0 0.956252972 0.2596599691 0.029481692900000002 0.09891808340000001
5.0 0.9857346648 0.22720247300000002 0.0237755587 0.1700154559
42.0 0.2924393723 0.7774343122 0.0903471232 0.1174652241
41.0 0.26628625780000004 0.9180834622 0.0199714693 0.049459041700000005
45.0 0.2891107941 0.9049459042 0.0294816928 0.05718701700000001
17.0 0.3214455539 0.8972179289000001 0.0209224917 0.0695517774
0.0 0.40442225400000004 0.8153013910000001 0.0984308131 0.0200927357
26.0 0.42177841180000003 0.743431221 0.0361388492 0.15455950540000002
26.0 0.40252020920000003 0.8879443586 0.0347123157 0.13446676970000002
41.0 0.4422253923 0.9142194745000001 0.0313837376 0.0788253478
2.0 0.4814550642 0.7851622874 0.010936757 0.1638330757
20.0 0.5130765573 0.7820710974 0.0361388492 0.142194745
9.0 0.5482643842 0.7882534776 0.0313837375 0.0927357032
10.0 0.5855920114000001 0.7905718702000001 0.026153114600000003 0.0170015456
20.0 0.6176890157 0.7867078825 0.0323347598 0.14837712520000002
41.0 0.6585829767 0.8222565688 0.035187827000000005 0.0803709428
0.0 0.6918687589 0.6831530139 0.0180694246 0.0123647604
15.0 0.6956728483 0.6375579598000001 0.016167380000000002 0.08191653780000001
15.0 0.6956728483 0.7310664606 0.016167380000000002 0.07727975270000001
5.0 0.7394198764000001 0.7882534776 0.021873514 0.170015456
