42.0 0.1744031831 0.362132353 0.3222811671 0.5477941177
35.0 0.350795756 0.6599264706 0.0543766578 0.1801470588
45.0 0.42639257300000005 0.7077205882000001 0.0809018567 0.1433823529
13.0 0.5066312997 0.6507352942 0.0344827586 0.2794117647
0.0 0.7884615384 0.4889705882 0.3620689655 0.0367647059
35.0 0.7380636605 0.2169117647 0.07559681700000001 0.2279411764
10.0 0.8096816976000001 0.30698529410000003 0.0570291777 0.0551470588
13.0 0.8879310345 0.2389705882 0.0543766578 0.3970588235
3.0 0.6564986738 0.65625 0.0159151193 0.3419117648
35.0 0.7161803713 0.7022058824 0.0689655173 0.2573529411
10.0 0.7964190982 0.7775735294 0.062334217500000004 0.0625
21.0 0.8806366048000001 0.737132353 0.07957559680000001 0.3860294117
6.0 0.9416445624 0.7095588236 0.0212201591 0.4117647059
