42.0 0.1207386364 0.48605150220000004 0.18465909090000002 0.28969957090000004
23.0 0.050189393900000004 0.678111588 0.0625 0.1201716738
45.0 0.11268939400000001 0.6845493562 0.0511363637 0.08583690990000001
1.0 0.1856060606 0.6738197425 0.060606060600000004 0.0987124464
0.0 0.5928030303 0.5396995709 0.553030303 0.0278969957
7.0 0.6567234848 0.203862661 0.6751893939 0.3433476395
23.0 0.580965909 0.34442060080000003 0.1221590909 0.2081545065
16.0 0.6642992425 0.2489270386 0.050189393900000004 0.1373390558
9.0 0.7632575758 0.368025751 0.0965909091 0.2553648069
23.0 0.8731060606000001 0.3712446352 0.1079545454 0.24463519320000002
7.0 0.6055871212 0.7103004292 0.5066287879 0.3347639485
13.0 0.5809659091 0.8540772532 0.0198863636 0.2017167382
23.0 0.6486742424 0.8648068670000001 0.1136363636 0.2188841201
21.0 0.7234848485 0.758583691 0.0208333334 0.13519313300000002
10.0 0.8087121212 0.8776824034 0.10227272720000001 0.017167382000000002
13.0 0.8787878788 0.868025751 0.009469697000000001 0.2210300429
