42.0 0.052721088400000005 0.2909090909 0.0655976677 0.19300699300000002
35.0 0.0233236151 0.42237762240000004 0.0340136055 0.0783216783
45.0 0.0583090379 0.4748251748 0.0330417882 0.0657342657
1.0 0.0986394558 0.4307692308 0.025267249800000002 0.0447552447
0.0 0.5519922254 0.3202797203 0.8085519923000001 0.0195804196
16.0 0.4166666666 0.1972027972 0.038386783300000005 0.13426573420000001
9.0 0.4650145772 0.18461538460000002 0.0437317785 0.09230769230000001
14.0 0.520894072 0.10979020980000001 0.054421768700000005 0.158041958
11.0 0.5597667638 0.1832167832 0.0408163265 0.206993007
35.0 0.6017978620000001 0.1832167832 0.061710398400000005 0.1398601398
0.0 0.5685131195 0.665034965 0.8415937804 0.0853146853
7.0 0.32993197280000003 0.4503496504 0.325558795 0.28251748250000003
35.0 0.2713799806 0.4923076924 0.0335276968 0.09230769230000001
18.0 0.3138969874 0.41958041960000003 0.024295432500000002 0.0951048951
9.0 0.349611273 0.5041958042 0.030612244900000002 0.0685314686
35.0 0.3943148688 0.486013986 0.0461613216 0.0825174825
9.0 0.43294460640000004 0.506993007 0.0310981536 0.0713286714
16.0 0.47035957240000004 0.5055944056 0.030126336200000003 0.0909090909
9.0 0.5048590865 0.5090909091 0.0320699708 0.0727272728
7.0 0.7478134111 0.4748251748 0.426627794 0.3398601399
35.0 0.6788143828000001 0.5048951048 0.054421768700000005 0.1034965035
14.0 0.7342079689000001 0.4426573426 0.0515063168 0.1272727273
9.0 0.7910592808 0.5188811188 0.0388726919 0.0783216783
10.0 0.8347910593000001 0.5454545454 0.0349854228 0.0139860139
21.0 0.8731778426000001 0.5314685314 0.033041788100000004 0.1454545455
35.0 0.9210398445 0.5055944056 0.0549076774 0.1020979021
35.0 0.43075801750000003 0.9510489510000001 0.0461613216 0.0951048951
15.0 0.472303207 0.8923076924000001 0.028182701600000002 0.0951048951
20.0 0.5068027211 0.7608391608 0.028182701600000002 0.1118881119
11.0 0.5420310982000001 0.7755244755 0.0500485909 0.2167832168
15.0 0.5794460642 0.8314685314 0.030612244900000002 0.0993006993
