42.0 0.0512085211 0.3397959184 0.0819336338 0.22653061230000002
40.0 0.0110610406 0.6795918368 0.0139287177 0.1306122449
45.0 0.0311347808 0.6755102041000001 0.0221220811 0.053061224500000004
18.0 0.0553052028 0.6306122449 0.0163867268 0.11836734700000001
9.0 0.0784514543 0.5448979592000001 0.0208930766 0.093877551
0.0 0.2326915199 0.40306122450000004 0.1843506759 0.030612244900000002
50.0 0.1962310528 0.1540816327 0.1351904957 0.30000000000000004
40.0 0.3097091356 0.2571428572 0.0278574354 0.2653061225
40.0 0.22347398610000002 0.5306122449 0.02908644 0.2367346938
42.0 0.4188857026 0.32959183670000003 0.1175747644 0.30000000000000004
40.0 0.3678820156 0.7020408164 0.0163867267 0.1591836735
45.0 0.39143793530000004 0.6795918368 0.027447767300000002 0.0489795919
21.0 0.4188857026 0.6469387755 0.015157722200000001 0.1265306122
9.0 0.44141745190000004 0.5326530612 0.0233510856 0.093877551
7.0 0.7294141745 0.5040816327000001 0.46988938960000004 0.9346938775
40.0 0.6216714462 0.4265306122 0.0331831217 0.3224489796
2.0 0.6620237607 0.3326530612 0.0352314625 0.3265306122
16.0 0.7085210980000001 0.31326530610000003 0.0380991397 0.2387755102
9.0 0.7617779599000001 0.324489796 0.0512085211 0.2081632653
10.0 0.8224088488 0.3224489796 0.049569848400000005 0.061224489800000004
18.0 0.8748463744 0.2397959184 0.0430151577 0.2224489796
40.0 0.9293322409 0.3959183673 0.038918476 0.3306122449
5.0 0.9789020893 0.3551020408 0.033183121600000004 0.4367346939
