42.0 0.11052631580000001 0.3046357616 0.16090225560000002 0.5165562914
8.0 0.20639097750000002 0.5894039735000001 0.0338345865 0.2317880794
45.0 0.2796992481 0.6490066225000001 0.052631579000000005 0.09933774840000001
14.0 0.33721804510000003 0.6009933775 0.0383458646 0.1887417218
8.0 0.4390977444 0.3725165563 0.0616541353 0.4006622516
15.0 0.5011278196 0.2235099338 0.036842105300000004 0.20198675500000002
44.0 0.730075188 0.5397350993 0.3082706767 0.5430463576
0.0 0.9590225564 0.5695364238 0.0654135338 0.0397350993
14.0 0.9650375940000001 0.37748344370000003 0.059398496200000005 0.24503311260000002
8.0 0.9650375940000001 0.7400662252 0.051879699200000004 0.32119205300000003
