42.0 0.10409836060000001 0.5023923445 0.1278688525 0.2631578948
28.0 0.0213114754 0.9210526316000001 0.024590164 0.1483253588
45.0 0.0663934426 0.8349282296 0.0442622951 0.1004784689
18.0 0.1286885246 0.8313397130000001 0.0508196722 0.2129186603
9.0 0.1836065574 0.6877990431000001 0.0491803279 0.1220095694
27.0 0.2848360655 0.5322966507 0.053278688500000004 0.1267942584
46.0 0.3741803279 0.326555024 0.12377049180000001 0.15550239230000001
28.0 0.4909836065 0.3516746412 0.0409836065 0.1626794259
49.0 0.5745901640000001 0.21650717700000002 0.0721311475 0.2081339713
2.0 0.6901639344 0.235645933 0.068852459 0.2894736842
16.0 0.7446721311000001 0.1698564593 0.05 0.2009569378
9.0 0.8024590164000001 0.1985645933 0.0524590164 0.1387559808
28.0 0.8725409836 0.2703349282 0.0450819672 0.1770334928
5.0 0.9475409836 0.15789473680000002 0.0885245902 0.31100478470000004
