42.0 0.0879741727 0.5753205128000001 0.1630347054 0.4647435898
34.0 0.207425343 0.8301282052000001 0.0338983051 0.1730769231
45.0 0.2562550444 0.8717948718 0.0556900726 0.141025641
14.0 0.3196125908 0.8125 0.0435835352 0.2403846154
9.0 0.3575464084 0.6346153846 0.027441485 0.1923076923
27.0 0.4911218725 0.6217948718 0.09443099270000001 0.39102564100000003
49.0 0.5476190476 0.3477564103 0.0589184826 0.2724358975
2.0 0.6295399516 0.3798076924 0.0274414851 0.3173076923
14.0 0.6694915254 0.3253205128 0.0524616626 0.23397435900000002
9.0 0.7058111380000001 0.3349358974 0.0298627926 0.17628205130000002
34.0 0.7469733656 0.3333333334 0.0379338176 0.18589743590000002
48.0 0.8200161421000001 0.11217948720000001 0.1129943503 0.1987179487
34.0 0.9346246974 0.1025641026 0.0387409201 0.1730769231
5.0 0.9818401937000001 0.3365384616 0.026634382600000003 0.3205128205
