42.0 0.06875 0.6183333334000001 0.09218749999999999 0.1433333333
35.0 0.019140625 0.8383333333 0.01015625 0.19
45.0 0.044140625 0.86 0.02890625 0.1066666666
0.0 0.07421875 0.8533333333 0.0359375 0.02
4.0 0.09726562500000001 0.7616666666 0.02109375 0.0966666667
19.0 0.10507812500000001 0.9183333333 0.01328125 0.09
47.0 0.228125 0.6083333334000001 0.109375 0.2033333333
17.0 0.29726562500000003 0.2583333333 0.02109375 0.1166666667
35.0 0.3734375 0.48 0.017187499999999998 0.2933333334
9.0 0.41171875 0.5133333333 0.040625 0.2
42.0 0.55 0.4983333334 0.1171875 0.1766666667
35.0 0.49140625 0.735 0.0125 0.21
45.0 0.52578125 0.785 0.0359375 0.15
0.0 0.598828125 0.7583333334 0.039843750000000004 0.0366666667
4.0 0.59609375 0.6533333333 0.0296875 0.12
14.0 0.6058593750000001 0.8166666667 0.02734375 0.1
47.0 0.7859375 0.49666666660000003 0.165625 0.2866666667
14.0 0.8703124999999999 0.0766666667 0.046875 0.14
35.0 0.9871093750000001 0.28 0.02421875 0.32
