42.0 0.09020116800000001 0.3281733746 0.16482803370000002 0.439628483
25.0 0.2096041531 0.552631579 0.038935756 0.2012383901
45.0 0.2576249189 0.6284829722 0.0506164828 0.09907120750000001
20.0 0.3124594419 0.560371517 0.031797534100000004 0.34055727550000003
0.0 0.6742375081 0.4690402476 0.6281635302 0.0712074303
18.0 0.6086956522 0.173374613 0.0415314731 0.26625387
25.0 0.6557430240000001 0.2198142415 0.039584685200000004 0.2167182662
10.0 0.6933809215000001 0.24767801860000002 0.029201817 0.0309597523
20.0 0.7339390006000001 0.21517027860000001 0.0376378975 0.3436532507
14.0 0.7809863725 0.1780185758 0.0499675536 0.2941176471
2.0 0.40525632710000004 0.8003095976 0.0201168073 0.3374613003
25.0 0.441596366 0.8095975232 0.039584685200000004 0.2321981424
10.0 0.4789097988 0.8235294118 0.0285528877 0.0247678019
14.0 0.5253082414 0.7647058824 0.0499675536 0.3034055727
5.0 0.5626216742 0.7755417956 0.0155743024 0.31888544890000003
2.0 0.585009734 0.8111455109 0.0188189487 0.3529411765
7.0 0.7462686567 0.7136222910000001 0.2842310188 0.560371517
13.0 0.7423750811000001 0.7399380805 0.0519143414 0.3095975232
12.0 0.7887735237 0.7585139318 0.0356911096 0.2786377709
10.0 0.8234912395 0.8250773994 0.0272550292 0.0278637771
17.0 0.8637248540000001 0.7972136223 0.038935756 0.306501548
9.0 0.9091499026000001 0.76625387 0.0363400389 0.1764705882
16.0 0.9542504867 0.814241486 0.031797534 0.3219814241
5.0 0.9905905256 0.8049535604 0.0162232317 0.3591331269
