42.0 0.1424581006 0.5518731988000001 0.2765363129 0.2507204611
29.0 0.3351955307 0.7723342940000001 0.047486033500000004 0.1325648415
45.0 0.3833798883 0.788184438 0.037709497200000004 0.0547550433
1.0 0.4587988827 0.7708933717 0.07402234640000001 0.1123919309
0.0 0.7632681564 0.6037463977 0.2918994413 0.0259365994
27.0 0.6620111732 0.5115273776 0.0446927374 0.1354466859
16.0 0.7220670391 0.24207492800000002 0.06424581 0.1498559077
11.0 0.7828212291000001 0.2060518732 0.0907821229 0.30259366
29.0 0.8554469274000001 0.3342939482 0.0432960894 0.1556195965
10.0 0.9273743016 0.47838616710000004 0.0418994413 0.0288184438
13.0 0.9678770950000001 0.4755043228 0.013966480500000001 0.1959654179
16.0 0.7290502793 0.7319884726 0.07541899440000001 0.1844380404
11.0 0.8037709498000001 0.7680115274 0.0907821229 0.2853025937
29.0 0.875 0.8703170029 0.0488826816 0.2017291066
