42.0 0.0677570094 0.30000000000000004 0.11281708950000001 0.5428571428
36.0 0.14118825100000001 0.65 0.0166889186 0.19523809520000002
45.0 0.1845794392 0.6571428571 0.052736982700000004 0.2
0.0 0.229305741 0.6571428572 0.0981308411 0.038095238100000005
4.0 0.2540053404 0.4952380952 0.0367156209 0.2952380953
21.0 0.2603471295 0.8071428571 0.0253671562 0.22380952380000002
10.0 0.3240987984 0.18095238100000002 0.0313751668 0.038095238100000005
47.0 0.4679572764 0.2809523809 0.1388518024 0.3809523809
36.0 0.5874499333000001 0.2904761905 0.0226969293 0.2952380952
9.0 0.6234979973 0.24047619050000002 0.0280373832 0.28095238100000003
10.0 0.6728971962 0.22380952380000002 0.0453938585 0.038095238100000005
19.0 0.7209612817000001 0.2166666666 0.0347129506 0.3857142857
50.0 0.8521361816 0.22619047620000002 0.152870494 0.42380952380000003
36.0 0.9823097464 0.269047619 0.0220293725 0.2714285715
