42.0 0.0796847636 0.378516624 0.15586690020000002 0.2966751918
40.0 0.20534150610000002 0.6125319693 0.0481611208 0.2071611254
45.0 0.2732049037 0.5805626598 0.0735551664 0.0767263427
18.0 0.34676007000000003 0.5716112532000001 0.045534150700000005 0.2071611254
9.0 0.4089316988 0.4232736573 0.0560420315 0.1764705882
0.0 0.7294220666 0.368286445 0.5148861647 0.0664961637
40.0 0.67206655 0.21867007670000002 0.0656742557 0.2480818414
10.0 0.7570052540000001 0.1867007672 0.0831873905 0.0562659847
21.0 0.8204903678000001 0.14961636820000002 0.0525394046 0.2429667519
7.0 0.7324868652000001 0.6879795396 0.40017513130000004 0.5984654731
40.0 0.7434325744 0.652173913 0.0683012259 0.2557544757
10.0 0.8261821366000001 0.6240409207000001 0.0761821366 0.040920716100000004
14.0 0.9290718038 0.5767263427 0.1085814361 0.2122762148
