42.0 0.0530092592 0.6276422764 0.08657407410000001 0.1593495935
41.0 0.0252314815 0.7650406504 0.0143518518 0.050406504000000005
45.0 0.046296296300000005 0.7536585366 0.025925926000000002 0.027642276400000002
1.0 0.0773148148 0.718699187 0.0259259259 0.0390243902
0.0 0.3865740741 0.5666666667 0.45462962960000003 0.11869918700000001
16.0 0.3770833333 0.46829268300000004 0.0347222222 0.1268292683
21.0 0.1729166667 0.8536585366 0.0375 0.14959349600000002
41.0 0.20416666660000002 0.8601626016 0.0231481481 0.0975609756
19.0 0.2231481482 0.7520325204 0.0185185185 0.0666666667
9.0 0.2606481482 0.8186991870000001 0.0268518519 0.12520325200000001
15.0 0.2965277778 0.7902439024 0.0365740741 0.1300813008
7.0 0.47870370370000004 0.7292682927 0.2907407408 0.49593495940000004
14.0 0.4342592592 0.756097561 0.0212962963 0.1430894309
41.0 0.4613425926 0.762601626 0.021759259200000002 0.087804878
16.0 0.4789351852 0.6731707317 0.018055555600000002 0.07479674800000001
9.0 0.5125000000000001 0.7227642276 0.022222222200000002 0.1121951219
15.0 0.5462962963 0.7138211382 0.0342592592 0.1398373984
41.0 0.5747685186 0.7162601626 0.0189814815 0.0764227642
20.0 0.5893518519000001 0.6243902439 0.0120370371 0.0617886178
0.0 0.7849537037000001 0.42195121950000003 0.4069444444 0.1414634146
17.0 0.6324074074 0.2788617886 0.0351851852 0.1284552846
41.0 0.6592592592000001 0.2886178862 0.0194444445 0.0796747968
15.0 0.6738425926 0.1821138212 0.0171296296 0.0780487805
9.0 0.7069444444 0.2585365854 0.0212962963 0.1073170732
7.0 0.8430555556 0.2235772358 0.22592592590000002 0.4276422764
15.0 0.8247685185 0.2227642276 0.0319444444 0.12357723570000001
41.0 0.8520833334 0.23577235770000002 0.0208333333 0.07479674800000001
21.0 0.8627314815 0.1520325203 0.0143518518 0.060162601600000004
9.0 0.8923611111 0.21138211380000002 0.0208333334 0.1073170732
14.0 0.9141203704 0.1975609756 0.0208333333 0.11219512200000001
41.0 0.9361111111 0.212195122 0.0203703704 0.0731707317
16.0 0.9481481482 0.1349593496 0.015740740700000002 0.0585365854
15.0 0.6587962963 0.6723577236 0.0333333334 0.1317073171
41.0 0.6865740741 0.681300813 0.0194444444 0.081300813
21.0 0.7020833334000001 0.5934959350000001 0.016203703700000002 0.0682926829
9.0 0.7314814815 0.6455284553 0.0203703704 0.1040650406
7.0 0.8761574074 0.5739837398000001 0.2319444444 0.41626016260000004
14.0 0.8439814815000001 0.6048780488000001 0.0203703704 0.12032520320000001
41.0 0.8666666666 0.6219512195 0.0194444445 0.0796747968
18.0 0.8789351852 0.5422764228 0.0115740741 0.0731707317
9.0 0.9023148148000001 0.5756097561 0.0185185185 0.087804878
20.0 0.9261574074000001 0.574796748 0.0208333334 0.11544715450000001
41.0 0.949537037 0.5951219512 0.0194444445 0.087804878
20.0 0.9599537037 0.5056910569 0.0125 0.0650406504
