42.0 0.1549128368 0.23906249999999998 0.22424722660000002 0.46562499999999996
35.0 0.0511093503 0.6890625 0.0657686213 0.278125
45.0 0.1216323296 0.7828124999999999 0.0800316957 0.109375
21.0 0.2072107766 0.6828124999999999 0.0356576863 0.234375
0.0 0.6204437401 0.546875 0.7052297940000001 0.15625
49.0 0.5118858954000001 0.25 0.1014263074 0.46875000000000006
2.0 0.6406497623 0.346875 0.0182250396 0.33125000000000004
14.0 0.6802694136 0.2765625 0.0451664025 0.271875
9.0 0.7432646593000001 0.28281249999999997 0.0633914421 0.190625
35.0 0.8177496039000001 0.3234375 0.0618066561 0.303125
16.0 0.8625198098 0.1546875 0.022979397800000002 0.178125
5.0 0.8930269414 0.3890625 0.022187004700000002 0.365625
27.0 0.33637084 0.803125 0.0625990491 0.225
35.0 0.40887480190000003 0.58125 0.0491283676 0.23125
9.0 0.4908874802 0.7484375 0.0784469096 0.228125
10.0 0.5522979398 0.8187500000000001 0.0364500792 0.0375
15.0 0.6109350238 0.7609374999999999 0.0538827258 0.265625
50.0 0.7797147386000001 0.8109375 0.2202852615 0.334375
35.0 0.9722662440000001 0.8453124999999999 0.047543581700000004 0.278125
