42.0 0.0902919212 0.4078947368 0.1778682959 0.3502024291
40.0 0.0376782078 0.5880566802 0.025118805100000002 0.1518218623
45.0 0.0719619824 0.6032388664 0.0353021045 0.06477732800000001
1.0 0.1130346232 0.556680162 0.031907671400000004 0.0607287449
0.0 0.560760353 0.4645748988 0.7073998642 0.0425101214
17.0 0.5736591989000001 0.1882591093 0.0583842498 0.2550607288
40.0 0.6293279022 0.274291498 0.0434487441 0.3016194332
17.0 0.6727766463 0.0900809717 0.028513238200000002 0.1477732793
20.0 0.2556008146 0.725708502 0.0563475899 0.2773279352
40.0 0.3282416836 0.8178137651 0.050916496900000004 0.32793522270000003
21.0 0.3699932112 0.6720647774 0.0325865581 0.1538461539
9.0 0.432790224 0.7105263158 0.0617786829 0.1497975708
7.0 0.7121520706000001 0.7085020243 0.50101833 0.47368421060000004
15.0 0.649694501 0.7125506073 0.0570264766 0.2631578948
18.0 0.7202987101 0.7439271255000001 0.0610997964 0.3056680162
40.0 0.7793618466000001 0.8238866396000001 0.046164290600000005 0.3360323887
15.0 0.8245078072 0.6578947368 0.0332654446 0.1538461539
9.0 0.8842498303 0.7186234818 0.057705363200000005 0.1619433198
40.0 0.9443312966 0.7914979758 0.0448065173 0.2914979757
18.0 0.9857433808 0.6497975708 0.0285132383 0.1417004049
