42.0 0.085 0.5601503760000001 0.166 0.2681704261
35.0 0.0543333333 0.9085213033 0.038 0.1478696742
45.0 0.0926666667 0.8834586466000001 0.0293333333 0.0676691729
15.0 0.134 0.8684210526 0.0306666666 0.1679197995
9.0 0.159 0.7343358396 0.026000000000000002 0.1102756892
0.0 0.6256666667 0.5200501253 0.73 0.2481203008
16.0 0.5963333334 0.171679198 0.0553333333 0.1879699248
11.0 0.6306666666 0.2781954887 0.0186666667 0.305764411
35.0 0.6946666666 0.33583959900000004 0.0586666667 0.260651629
10.0 0.2856666666 0.7280701754000001 0.0353333333 0.0476190476
18.0 0.341 0.6854636592000001 0.058 0.1829573935
46.0 0.511 0.7192982456 0.186 0.3558897243
35.0 0.6676666666000001 0.5864661654000001 0.0553333333 0.2205513784
44.0 0.8240000000000001 0.5927318296 0.17733333340000001 0.2832080201
35.0 0.9716666666 0.4887218045 0.0473333333 0.18546365920000002
