49.0 0.0376074499 0.4978070176 0.0723495702 0.1476608187
38.0 0.1536532951 0.5087719298 0.06518624640000001 0.12865497080000002
22.0 0.2227793696 0.480994152 0.0515759312 0.0555555555
0.0 0.6350286533 0.5548245614 0.696991404 0.062865497
42.0 0.5003581662000001 0.1089181286 0.1253581662 0.1447368421
30.0 0.40830945560000004 0.2989766082 0.0315186246 0.0833333334
45.0 0.4459169054 0.2997076024 0.033667621700000004 0.0526315789
0.0 0.532234957 0.31652046780000004 0.037249283700000003 0.010233918100000001
4.0 0.5175501432 0.2697368421 0.030802292300000002 0.048245614000000006
18.0 0.5254297994 0.3545321638 0.029369627500000002 0.0628654971
10.0 0.5877507164 0.1871345029 0.0351002865 0.0087719298
48.0 0.72743553 0.1403508772 0.1282234957 0.1140350878
30.0 0.8574498568000001 0.1147660818 0.047277936900000005 0.1271929825
42.0 0.3868194842 0.6849415204 0.12893982810000001 0.1301169591
30.0 0.2919054441 0.9005847953 0.032234957 0.0847953216
45.0 0.331303725 0.9020467836 0.0365329513 0.0555555556
0.0 0.4025787966 0.9152046784000001 0.0458452722 0.0087719298
4.0 0.4029369628 0.8684210526 0.0351002865 0.046783625700000005
17.0 0.40365329520000004 0.9597953216 0.0222063037 0.0657894737
10.0 0.4670487106 0.7880116959 0.030085959800000003 0.0116959064
10.0 0.5702005731 0.7046783626 0.0544412607 0.0116959064
20.0 0.6235673352000001 0.7017543860000001 0.039398280800000005 0.1403508772
47.0 0.7768624642 0.7258771930000001 0.16547277940000002 0.130116959
19.0 0.8767908310000001 0.5730994152000001 0.0343839541 0.09649122800000001
30.0 0.9702722063 0.7112573099 0.0422636104 0.1418128655
